10100,2549,1,0
10100,1695,2,0
10100,1760,3,0
10100,1761,4,0
10100,1762,5,0
10100,1763,6,0
10100,93495,7,0
10100,93496,8,0
10100,93497,9,0
10100,93498,10,0
10100,93499,11,0
10100,93500,12,0
10100,93501,13,0
10100,93502,14,0
10100,93503,15,0
10100,93504,16,0
10100,93505,17,0
10100,93506,18,0
10100,93519,19,0
10100,93507,20,0
10100,93508,21,0
10100,93509,22,0
10100,93510,23,0
10100,93511,24,0
10100,93512,25,0
10100,3005,26,0
10100,1839,27,0
10100,1840,28,0
10100,1841,29,0
10100,2002,30,0
10100,2003,31,0
10100,1994,32,0
10100,1995,33,0
10100,1996,34,0
10100,1694,35,1
10101,2549,1,0
10101,1999,2,0
10101,2000,3,0
10101,2001,4,0
10101,1986,5,0
10101,1842,6,0
10101,93514,7,0
10101,3257,8,0
10101,93515,9,0
10101,3348,10,0
10101,93235,11,0
10101,1701,12,0
10101,1702,13,0
10101,1703,14,0
10101,1705,15,0
10101,1706,16,0
10101,1707,17,0
10101,1708,18,0
10101,1709,19,0
10101,1710,20,0
10101,1711,21,0
10101,1712,22,0
10101,1713,23,0
10101,1714,24,0
10101,1715,25,0
10101,1716,26,0
10101,1719,27,0
10101,1720,28,0
10101,1766,29,0
10101,1767,30,0
10101,1768,31,0
10101,1769,32,0
10101,1770,33,0
10101,1771,34,1
10300,2549,1,0
10300,1729,2,0
10300,93112,3,0
10300,93450,4,0
10300,1730,5,0
10300,1920,6,0
10300,1921,7,0
10300,1922,8,0
10300,1923,9,0
10300,1924,10,0
10300,1925,11,0
10300,1926,12,0
10300,1927,13,0
10300,90017,14,0
10300,1982,15,0
10300,1983,16,0
10300,2727,17,0
10300,1584,18,0
10300,1585,19,0
10300,1586,20,0
10300,1576,21,0
10300,1577,22,0
10300,1578,23,0
10300,1579,24,0
10300,1580,25,0
10300,93413,26,0
10300,1568,27,0
10300,93175,28,0
10300,93525,29,0
10300,1569,30,0
10300,1570,31,0
10300,1571,32,0
10300,1572,33,0
10300,1565,34,0
10300,1566,35,0
10300,1567,36,0
10300,1554,37,0
10300,1555,38,0
10300,1556,39,0
10300,1557,40,0
10300,1558,41,0
10300,93414,42,0
10300,93402,43,0
10300,93403,44,0
10300,93404,45,0
10300,93099,46,0
10300,1541,47,0
10300,1542,48,0
10300,1543,49,0
10300,1544,50,0
10300,2732,51,1
10301,2732,1,0
10301,93227,2,0
10301,1508,3,0
10301,1509,4,0
10301,1510,5,0
10301,1511,6,0
10301,1512,7,0
10301,1513,8,0
10301,93421,9,0
10301,1545,10,0
10301,93101,11,0
10301,1546,12,0
10301,1547,13,0
10301,1548,14,0
10301,1574,15,0
10301,1575,16,0
10301,1576,17,0
10301,1577,18,0
10301,1578,19,0
10301,1579,20,0
10301,1580,21,0
10301,1568,22,0
10301,93413,23,0
10301,93523,24,0
10301,93212,25,0
10301,93213,26,0
10301,93526,27,0
10301,93174,28,0
10301,93214,29,0
10301,93412,30,0
10301,1581,31,0
10301,1582,32,0
10301,1583,33,0
10301,1984,34,0
10301,1985,35,0
10301,1928,36,0
10301,1929,37,0
10301,1930,38,0
10301,1931,39,0
10301,1932,40,0
10301,1933,41,0
10301,1934,42,0
10301,1935,43,0
10301,93192,44,0
10301,1936,45,0
10301,1915,46,0
10301,93112,47,0
10301,1739,48,0
10301,1740,49,0
10301,1741,50,0
10301,2549,51,1
10700,2549,1,0
10700,1772,2,0
10700,1773,3,0
10700,1774,4,0
10700,1645,5,0
10700,1662,6,0
10700,1663,7,0
10700,1664,8,0
10700,1685,9,0
10700,1686,10,0
10700,1687,11,0
10700,93221,12,0
10700,93219,13,0
10700,1628,14,0
10700,1629,15,0
10700,1630,16,0
10700,1631,17,0
10700,1632,18,0
10700,1633,19,0
10700,1634,20,1
10701,1634,1,0
10701,1635,2,0
10701,1636,3,0
10701,1637,4,0
10701,1638,5,0
10701,1639,6,0
10701,93381,7,0
10701,93382,8,0
10701,93383,9,0
10701,93401,10,0
10701,93218,11,0
10701,93220,12,0
10701,93222,13,0
10701,93223,14,0
10701,93224,15,0
10701,1673,16,0
10701,1674,17,0
10701,1675,18,0
10701,1689,19,0
10701,1690,20,0
10701,1691,21,0
10701,1692,22,0
10701,1693,23,0
10701,1694,24,0
10701,2549,25,1
11001,93112,1,0
11001,93450,2,0
11001,1730,3,0
11001,1731,4,0
11001,1902,5,0
11001,1903,6,0
11001,93038,7,0
11001,1904,8,0
11001,1905,9,0
11001,1792,10,0
11001,1866,11,0
11001,1867,12,0
11001,1868,13,0
11001,1869,14,0
11001,1870,15,0
11001,1871,16,0
11001,1872,17,0
11001,1873,18,0
11001,1874,19,0
11001,1875,20,0
11001,93420,21,0
11001,93418,22,0
11001,93416,23,0
11001,93206,24,0
11001,3516,25,0
11001,93207,26,0
11001,93322,27,0
11001,93232,28,0
11001,93233,29,0
11001,1518,30,0
11001,1519,31,0
11001,1520,32,0
11001,1521,33,0
11001,1522,34,0
11001,1523,35,0
11001,1524,36,0
11001,1525,37,0
11001,3002,38,0
11001,3004,39,0
11001,1551,40,0
11001,1552,41,0
11001,1879,42,0
11001,1881,43,0
11001,1882,44,0
11001,1759,45,0
11001,93216,46,0
11001,1643,47,0
11001,1689,48,0
11001,1690,49,0
11001,1691,50,0
11001,1692,51,0
11001,1693,52,0
11001,1694,53,0
11001,2549,54,1
11100,93112,1,0
11100,93450,2,0
11100,1609,3,0
11100,1610,4,0
11100,1611,5,0
11100,93391,6,0
11100,93392,7,0
11100,93393,8,0
11100,93394,9,0
11100,93396,10,0
11100,93397,11,0
11100,93398,12,0
11100,93399,13,0
11100,93400,14,0
11100,1893,15,0
11100,1894,16,0
11100,1895,17,0
11100,93452,18,0
11100,93190,19,0
11100,1941,20,0
11100,1943,21,0
11100,1944,22,0
11100,1945,23,0
11100,1946,24,0
11100,1947,25,0
11100,1949,26,0
11100,93193,27,0
11100,93194,28,0
11100,93195,29,0
11100,93196,30,0
11100,93197,31,0
11100,93198,32,0
11100,1915,33,1
11101,93112,1,0
11101,93450,2,0
11101,1730,3,0
11101,93542,4,0
11101,93260,5,0
11101,93256,6,0
11101,1906,7,0
11101,1960,8,0
11101,1961,9,0
11101,1962,10,0
11101,1963,11,0
11101,1964,12,0
11101,1965,13,0
11101,1966,14,0
11101,1967,15,0
11101,1968,16,0
11101,1969,17,0
11101,1970,18,0
11101,1971,19,0
11101,1942,20,0
11101,1724,21,0
11101,93215,22,0
11101,93451,23,0
11101,1792,24,0
11101,1866,25,0
11101,1867,26,0
11101,1793,27,0
11101,1794,28,0
11101,1796,29,0
11101,1803,30,0
11101,1804,31,0
11101,93395,32,0
11101,1980,33,0
11101,1976,34,0
11101,1977,35,0
11101,1978,36,0
11101,1979,37,0
11101,1783,38,0
11101,1785,39,1
11200,93282,1,0
11200,93283,2,0
11200,93284,3,0
11200,93441,4,0
11200,93458,5,0
11200,1849,6,0
11200,1850,7,0
11200,1851,8,0
11200,1852,9,0
11200,1853,10,0
11200,1854,11,0
11200,1855,12,0
11200,1856,13,0
11200,1857,14,0
11200,1858,15,0
11200,1859,16,0
11200,1860,17,0
11200,1861,18,0
11200,93191,19,0
11200,1726,20,0
11200,1727,21,0
11200,1728,22,0
11200,1766,23,0
11200,1767,24,0
11200,1768,25,0
11200,1769,26,0
11200,1770,27,0
11200,1771,28,0
11200,2549,29,1
11201,2549,1,0
11201,1695,2,0
11201,1760,3,0
11201,1761,4,0
11201,1762,5,0
11201,1722,6,0
11201,93440,7,0
11201,1723,8,0
11201,1724,9,0
11201,3560,10,0
11201,1846,11,0
11201,1847,12,0
11201,93384,13,0
11201,93494,14,0
11201,93385,15,0
11201,93386,16,0
11201,93387,17,0
11201,93388,18,0
11201,93389,19,0
11201,93390,20,0
11201,93435,21,0
11201,93457,22,0
11201,93442,23,0
11201,93279,24,0
11201,93176,25,0
11201,93280,26,0
11201,93281,27,0
11201,93282,28,1
12000,1751,1,0
12000,1752,2,0
12000,1753,3,0
12000,1754,4,0
12000,1755,5,0
12000,93214,6,0
12000,1756,7,0
12000,1757,8,0
12000,1758,9,0
12000,1759,10,0
12000,93216,11,0
12000,93218,12,0
12000,93220,13,0
12000,93222,14,0
12000,93223,15,0
12000,93224,16,0
12000,1673,17,0
12000,1674,18,0
12000,1675,19,0
12000,1689,20,0
12000,1690,21,0
12000,1691,22,0
12000,1692,23,0
12000,1693,24,0
12000,1694,25,0
12000,2549,26,1
12001,2549,1,0
12001,1772,2,0
12001,1773,3,0
12001,1774,4,0
12001,1645,5,0
12001,1662,6,0
12001,1663,7,0
12001,1664,8,0
12001,1685,9,0
12001,1686,10,0
12001,1687,11,0
12001,93221,12,0
12001,93219,13,0
12001,93217,14,0
12001,1743,15,0
12001,1744,16,0
12001,1745,17,0
12001,1746,18,0
12001,1747,19,0
12001,1748,20,0
12001,1749,21,0
12001,1750,22,0
12001,1751,23,1
18101,2549,1,0
18101,1771,2,1
18201,2549,1,0
18201,1771,2,1
21500,2569,1,0
21500,2331,2,0
21500,2332,3,0
21500,2333,4,0
21500,2351,5,0
21500,2155,6,0
21500,2156,7,0
21500,92052,8,0
21500,92053,9,0
21500,92054,10,0
21500,93152,11,0
21500,93150,12,0
21500,93148,13,0
21500,93146,14,0
21500,3043,15,0
21500,3041,16,0
21500,3039,17,0
21500,93133,18,0
21500,93134,19,0
21500,93135,20,0
21500,93136,21,0
21500,3045,22,0
21500,93137,23,0
21500,2406,24,1
21501,2400,1,0
21501,93138,2,0
21501,3044,3,0
21501,93129,4,0
21501,93130,5,0
21501,93131,6,0
21501,93132,7,0
21501,3038,8,0
21501,3042,9,0
21501,93145,10,0
21501,93147,11,0
21501,93149,12,0
21501,93151,13,0
21501,92071,14,0
21501,92075,15,0
21501,2376,16,0
21501,2377,17,0
21501,3230,18,0
21501,2154,19,0
21501,93121,20,0
21501,93122,21,0
21501,93123,22,0
21501,2328,23,0
21501,2329,24,0
21501,2330,25,0
21501,2569,26,1
21600,2569,1,0
21600,2331,2,0
21600,2332,3,0
21600,2333,4,0
21600,2334,5,0
21600,2335,6,0
21600,2074,7,0
21600,2155,8,0
21600,2156,9,0
21600,2157,10,0
21600,2158,11,0
21600,2159,12,0
21600,2160,13,0
21600,2161,14,0
21600,2162,15,0
21600,2163,16,0
21600,2164,17,0
21600,2136,18,0
21600,2137,19,0
21600,2138,20,0
21600,2139,21,0
21600,93141,22,0
21600,93140,23,0
21600,2398,24,0
21600,2399,25,0
21600,2400,26,1
21601,2406,1,0
21601,2407,2,0
21601,93139,3,0
21601,93031,4,0
21601,93142,5,0
21601,2140,6,0
21601,2141,7,0
21601,2142,8,0
21601,2143,9,0
21601,2144,10,0
21601,2145,11,0
21601,2146,12,0
21601,2147,13,0
21601,2148,14,0
21601,2149,15,0
21601,2151,16,0
21601,2152,17,0
21601,2153,18,0
21601,2154,19,0
21601,2076,20,0
21601,91000,21,0
21601,2326,22,0
21601,2327,23,0
21601,2328,24,0
21601,2329,25,0
21601,2330,26,0
21601,2569,27,1
21700,3174,1,0
21700,3087,2,0
21700,3088,3,0
21700,3089,4,0
21700,3258,5,0
21700,2011,6,0
21700,2012,7,0
21700,2719,8,0
21700,3092,9,0
21700,3093,10,0
21700,3094,11,0
21700,3095,12,0
21700,3096,13,0
21700,3097,14,0
21700,3098,15,0
21700,3099,16,0
21700,2327,17,0
21700,2328,18,0
21700,2329,19,0
21700,2330,20,0
21700,2569,21,1
21701,2569,1,0
21701,2331,2,0
21701,2332,3,0
21701,2333,4,0
21701,92045,5,0
21701,2052,6,0
21701,2053,7,0
21701,2054,8,0
21701,2055,9,0
21701,92046,10,0
21701,92047,11,0
21701,2109,12,0
21701,2110,13,0
21701,3091,14,0
21701,3090,15,0
21701,3259,16,0
21701,2276,17,0
21701,2026,18,0
21701,2027,19,0
21701,2028,20,0
21701,2084,21,1
21800,3074,1,0
21800,3075,2,0
21800,3076,3,0
21800,3077,4,0
21800,3261,5,0
21800,3078,6,0
21800,2015,7,0
21800,2016,8,0
21800,2062,9,0
21800,2063,10,0
21800,2064,11,0
21800,2065,12,0
21800,2066,13,0
21800,3231,14,0
21800,2026,15,0
21800,2027,16,0
21800,2028,17,0
21800,2092,18,0
21800,2093,19,0
21800,2094,20,0
21800,2095,21,0
21800,2096,22,0
21800,2097,23,0
21800,2313,24,0
21800,2314,25,0
21800,2315,26,0
21800,3175,27,0
21800,3176,28,0
21800,3177,29,0
21800,93121,30,0
21800,93122,31,0
21800,93123,32,0
21800,2328,33,0
21800,2329,34,0
21800,2330,35,0
21800,2569,36,1
21801,2569,1,0
21801,2331,2,0
21801,2332,3,0
21801,2333,4,0
21801,2351,5,0
21801,2352,6,0
21801,2342,7,0
21801,2343,8,0
21801,2344,9,0
21801,2345,10,0
21801,2346,11,0
21801,2347,12,0
21801,2308,13,0
21801,2309,14,0
21801,3054,15,0
21801,3055,16,0
21801,3056,17,0
21801,3057,18,0
21801,3058,19,0
21801,3059,20,0
21801,3087,21,0
21801,3088,22,0
21801,3089,23,1
21900,2569,1,0
21900,2282,2,0
21900,1598,3,0
21900,2195,4,0
21900,3013,5,0
21900,3014,6,0
21900,2182,7,0
21900,2183,8,0
21900,2184,9,0
21900,2185,10,0
21900,2186,11,0
21900,93104,12,0
21900,93080,13,0
21900,93078,14,0
21900,93075,15,0
21900,3015,16,0
21900,3016,17,0
21900,2728,18,0
21900,2729,19,0
21900,2167,20,0
21900,2168,21,0
21900,2169,22,0
21900,3520,23,0
21900,3521,24,0
21900,3522,25,0
21900,3523,26,0
21900,3524,27,0
21900,93067,28,1
21901,2729,1,0
21901,93139,2,0
21901,93031,3,0
21901,93142,4,0
21901,3252,5,0
21901,3017,6,0
21901,93067,7,0
21901,93069,8,0
21901,93071,9,0
21901,93073,10,0
21901,93076,11,0
21901,93077,12,0
21901,93079,13,0
21901,92018,14,0
21901,92019,15,0
21901,92020,16,0
21901,92036,17,0
21901,92037,18,0
21901,92038,19,0
21901,3012,20,0
21901,3011,21,0
21901,3322,22,0
21901,2266,23,0
21901,2268,24,0
21901,2569,25,1
22300,1915,1,0
22300,93112,2,0
22300,1741,3,0
22300,2549,4,0
22300,1695,5,0
22300,1760,6,0
22300,1761,7,0
22300,1762,8,0
22300,1763,9,0
22300,1764,10,0
22300,2004,11,0
22300,2299,12,0
22300,2280,13,0
22300,2281,14,0
22300,2569,15,0
22300,2574,16,0
22300,2269,17,0
22300,2300,18,0
22300,2301,19,0
22300,2302,20,0
22300,2303,21,0
22300,2304,22,0
22300,2305,23,0
22300,2306,24,0
22300,2307,25,0
22300,2308,26,0
22300,2309,27,0
22300,2718,28,0
22300,2310,29,0
22300,3060,30,0
22300,3061,31,0
22300,3062,32,0
22300,3554,33,0
22300,3063,34,0
22300,3509,35,0
22300,3064,36,0
22300,3066,37,0
22300,3067,38,0
22300,3365,39,0
22300,3359,40,0
22300,3360,41,0
22300,3361,42,0
22300,3362,43,0
22300,2717,44,0
22300,2088,45,0
22300,2089,46,0
22300,3174,47,1
22301,2033,1,0
22301,2034,2,0
22301,2036,3,0
22301,2037,4,0
22301,2038,5,0
22301,2084,6,0
22301,3068,7,0
22301,3069,8,0
22301,3070,9,0
22301,2039,10,0
22301,2041,11,0
22301,2046,12,0
22301,2048,13,0
22301,93491,14,0
22301,3555,15,0
22301,2050,16,0
22301,2051,17,0
22301,93158,18,0
22301,93159,19,0
22301,2311,20,0
22301,2312,21,0
22301,2313,22,0
22301,2314,23,0
22301,2315,24,0
22301,2316,25,0
22301,2317,26,0
22301,2318,27,0
22301,2319,28,0
22301,2320,29,0
22301,2321,30,0
22301,2322,31,0
22301,2280,32,0
22301,2281,33,0
22301,2569,34,0
22301,2574,35,0
22301,2269,36,0
22301,2270,37,0
22301,2324,38,0
22301,2323,39,0
22301,1765,40,0
22301,1766,41,0
22301,1767,42,0
22301,1768,43,0
22301,1769,44,0
22301,1770,45,0
22301,1771,46,0
22301,2549,47,0
22301,1729,48,0
22301,1730,49,0
22301,93542,50,0
22301,1915,51,1
22400,2569,1,0
22400,2331,2,0
22400,2332,3,0
22400,2333,4,0
22400,2351,5,0
22400,2352,6,0
22400,2076,7,0
22400,91000,8,0
22400,2078,9,0
22400,2079,10,0
22400,2080,11,0
22400,2081,12,0
22400,2082,13,0
22400,2083,14,0
22400,3083,15,0
22400,3253,16,0
22400,3084,17,0
22400,3085,18,0
22400,3086,19,0
22400,2092,20,0
22400,2093,21,0
22400,2094,22,0
22400,2095,23,0
22400,2096,24,0
22400,2097,25,0
22400,3048,26,0
22400,3049,27,0
22400,3265,28,0
22400,92054,29,0
22400,93152,30,0
22400,3046,31,0
22400,3047,32,0
22400,2161,33,0
22400,3026,34,0
22400,3028,35,1
22401,3028,1,0
22401,93149,2,0
22401,93151,3,0
22401,92071,4,0
22401,92075,5,0
22401,3266,6,0
22401,3052,7,0
22401,3053,8,0
22401,3054,9,0
22401,3055,10,0
22401,3056,11,0
22401,3057,12,0
22401,3058,13,0
22401,3059,14,0
22401,2029,15,0
22401,2030,16,0
22401,2031,17,0
22401,2032,18,0
22401,2058,19,0
22401,2065,20,0
22401,2066,21,0
22401,3231,22,0
22401,2067,23,0
22401,2068,24,0
22401,2069,25,0
22401,2070,26,0
22401,2072,27,0
22401,2073,28,0
22401,2074,29,0
22401,93121,30,0
22401,93122,31,0
22401,93123,32,0
22401,2328,33,0
22401,2329,34,0
22401,2330,35,0
22401,2569,36,1
22500,2400,1,0
22500,93138,2,0
22500,92064,3,0
22500,93160,4,0
22500,93133,5,0
22500,93134,6,0
22500,93135,7,0
22500,93136,8,0
22500,92059,9,0
22500,92060,10,0
22500,93127,11,0
22500,93125,12,0
22500,93153,13,0
22500,3036,14,0
22500,3034,15,0
22500,3033,16,0
22500,2173,17,0
22500,2174,18,0
22500,93118,19,0
22500,93541,20,0
22500,3031,21,0
22500,92067,22,0
22500,92068,23,0
22500,3027,24,0
22500,3025,25,0
22500,3024,26,0
22500,2192,27,0
22500,2193,28,0
22500,2194,29,0
22500,2128,30,0
22500,2129,31,0
22500,2130,32,0
22500,2131,33,0
22500,2132,34,0
22500,2133,35,0
22500,2268,36,0
22500,2569,37,1
22501,2569,1,0
22501,2282,2,0
22501,2134,3,0
22501,2135,4,0
22501,2215,5,0
22501,2216,6,0
22501,2715,7,0
22501,2111,8,0
22501,3020,9,0
22501,3021,10,0
22501,3022,11,0
22501,3023,12,0
22501,3026,13,0
22501,3028,14,0
22501,2225,15,0
22501,2226,16,0
22501,2227,17,0
22501,93540,18,0
22501,93119,19,0
22501,3299,20,0
22501,2178,21,0
22501,2179,22,0
22501,3035,23,0
22501,3037,24,0
22501,2231,25,0
22501,93126,26,0
22501,92061,27,0
22501,92062,28,0
22501,93128,29,0
22501,93129,30,0
22501,93130,31,0
22501,93131,32,0
22501,93132,33,0
22501,93162,34,0
22501,93161,35,0
22501,93137,36,0
22501,2406,37,1
22600,2059,1,0
22600,2060,2,0
22600,2061,3,0
22600,3079,4,0
22600,3080,5,0
22600,3081,6,0
22600,3260,7,0
22600,3082,8,0
22600,2022,9,0
22600,2023,10,0
22600,2024,11,0
22600,2277,12,0
22600,93312,13,0
22600,2278,14,0
22600,2279,15,0
22600,2280,16,0
22600,2281,17,0
22600,2569,18,1
22601,2569,1,0
22601,2574,2,0
22601,2269,3,0
22601,2270,4,0
22601,3071,5,0
22601,3072,6,0
22601,3073,7,0
22601,3074,8,0
22601,3075,9,0
22601,3076,10,0
22601,3077,11,0
22601,3261,12,0
22601,3078,13,0
22601,2015,14,0
22601,2016,15,0
22601,2062,16,0
22601,2063,17,0
22601,2064,18,0
22601,2059,19,1
23200,92015,1,0
23200,3312,2,0
23200,92022,3,0
23200,92023,4,0
23200,2206,5,0
23200,2207,6,0
23200,2208,7,0
23200,2720,8,0
23200,2209,9,0
23200,2210,10,0
23200,2211,11,0
23200,2212,12,0
23200,2213,13,0
23200,2214,14,0
23200,2267,15,0
23200,2268,16,0
23200,2569,17,1
23201,2569,1,0
23201,93237,2,0
23201,92004,3,0
23201,92005,4,0
23201,92006,5,0
23201,92007,6,0
23201,92008,7,0
23201,3229,8,0
23201,92009,9,0
23201,92010,10,0
23201,92011,11,0
23201,3006,12,0
23201,3007,13,0
23201,3008,14,0
23201,3009,15,0
23201,92014,16,0
23201,92015,17,1
28301,2569,1,0
28301,2574,2,0
28301,2268,3,1
28401,2569,1,0
28401,2574,2,0
28401,2268,3,1
29100,1909,1,0
29100,1911,2,0
29100,1912,3,0
29100,1786,4,0
29100,1787,5,0
29100,1789,6,0
29100,1790,7,0
29100,93048,8,0
29100,2233,9,0
29100,3229,10,0
29100,92009,11,0
29100,92010,12,0
29100,92011,13,0
29100,92012,14,0
29100,92013,15,0
29100,92014,16,0
29100,92015,17,0
29100,92016,18,0
29100,3438,19,0
29100,92017,20,0
29100,2167,21,0
29100,2168,22,0
29100,2258,23,0
29100,2259,24,0
29100,2260,25,0
29100,2261,26,0
29100,2262,27,0
29100,2263,28,0
29100,2264,29,0
29100,3029,30,0
29100,2238,31,0
29100,2240,32,0
29100,2241,33,0
29100,2242,34,0
29100,1940,35,0
29100,1591,36,0
29100,90003,37,0
29100,2151,38,0
29100,2152,39,0
29100,2153,40,0
29100,2154,41,0
29100,2076,42,0
29100,91000,43,0
29100,3332,44,0
29100,3331,45,0
29100,3329,46,0
29100,3330,47,0
29100,3328,48,0
29100,2056,49,0
29100,2276,50,1
29101,2276,1,0
29101,3083,2,0
29101,2059,3,0
29101,2060,4,0
29101,2061,5,0
29101,2062,6,0
29101,2063,7,0
29101,2064,8,0
29101,2065,9,0
29101,2066,10,0
29101,3231,11,0
29101,2067,12,0
29101,2068,13,0
29101,2069,14,0
29101,2070,15,0
29101,2317,16,0
29101,3331,17,0
29101,3327,18,0
29101,2336,19,0
29101,2155,20,0
29101,2156,21,0
29101,2157,22,0
29101,2241,23,0
29101,2242,24,0
29101,1940,25,0
29101,1591,26,0
29101,90003,27,0
29101,2151,28,0
29101,1594,29,0
29101,1595,30,0
29101,1596,31,0
29101,1597,32,0
29101,2283,33,0
29101,2284,34,0
29101,2285,35,0
29101,2286,36,0
29101,2287,37,0
29101,2288,38,0
29101,93143,39,0
29101,93057,40,0
29101,93015,41,0
29101,93016,42,0
29101,3438,43,0
29101,3296,44,0
29101,2166,45,0
29101,2204,46,0
29101,2205,47,0
29101,2206,48,0
29101,2207,49,0
29101,2208,50,0
29101,2720,51,0
29101,2209,52,0
29101,1601,53,0
29101,1602,54,0
29101,1603,55,0
29101,1604,56,0
29101,1607,57,0
29101,1915,58,0
29101,1909,59,1
29200,1909,1,0
29200,1911,2,0
29200,1912,3,0
29200,1786,4,0
29200,1787,5,0
29200,1789,6,0
29200,1790,7,0
29200,93048,8,0
29200,2233,9,0
29200,2234,10,0
29200,2235,11,0
29200,2236,12,0
29200,3029,13,0
29200,2238,14,0
29200,2240,15,0
29200,2241,16,0
29200,2242,17,0
29200,1940,18,0
29200,1591,19,0
29200,90003,20,0
29200,2151,21,0
29200,2152,22,0
29200,2153,23,0
29200,2154,24,0
29200,2076,25,0
29200,91000,26,0
29200,3332,27,0
29200,3331,28,0
29200,3329,29,0
29200,3330,30,0
29200,3328,31,0
29200,2056,32,0
29200,2276,33,1
29201,2276,1,0
29201,3083,2,0
29201,2059,3,0
29201,2060,4,0
29201,2061,5,0
29201,2062,6,0
29201,2063,7,0
29201,2064,8,0
29201,2065,9,0
29201,2067,10,0
29201,2068,11,0
29201,2069,12,0
29201,2070,13,0
29201,2317,14,0
29201,3331,15,0
29201,3327,16,0
29201,2336,17,0
29201,2155,18,0
29201,2156,19,0
29201,2157,20,0
29201,2241,21,0
29201,2242,22,0
29201,1940,23,0
29201,1591,24,0
29201,90003,25,0
29201,2151,26,0
29201,1594,27,0
29201,1595,28,0
29201,1596,29,0
29201,1597,30,0
29201,1598,31,0
29201,1599,32,0
29201,1600,33,0
29201,1601,34,0
29201,1602,35,0
29201,1603,36,0
29201,1604,37,0
29201,1607,38,0
29201,1915,39,0
29201,1909,40,1
30103,2576,1,0
30103,166,2,0
30103,89,3,0
30103,90,4,0
30103,91,5,0
30103,92,6,0
30103,93,7,0
30103,94,8,0
30103,95,9,0
30103,96,10,0
30103,97,11,0
30103,98,12,0
30103,99,13,0
30103,100,14,0
30103,101,15,0
30103,102,16,0
30103,103,17,0
30103,104,18,0
30103,105,19,0
30103,106,20,0
30103,107,21,0
30103,108,22,0
30103,471,23,0
30103,110,24,0
30103,114,25,0
30103,115,26,0
30103,116,27,0
30103,117,28,0
30103,93091,29,0
30103,118,30,0
30103,93092,31,0
30103,119,32,0
30103,93083,33,0
30103,125,34,1
30104,125,1,0
30104,126,2,0
30104,127,3,0
30104,128,4,0
30104,129,5,0
30104,130,6,0
30104,131,7,0
30104,132,8,0
30104,133,9,0
30104,134,10,0
30104,135,11,0
30104,136,12,0
30104,137,13,0
30104,138,14,0
30104,139,15,0
30104,140,16,0
30104,141,17,0
30104,142,18,0
30104,143,19,0
30104,144,20,0
30104,145,21,0
30104,146,22,0
30104,147,23,0
30104,148,24,0
30104,149,25,0
30104,150,26,0
30104,151,27,0
30104,152,28,0
30104,216,29,0
30104,217,30,0
30104,2576,31,1
30203,2576,1,0
30203,166,2,0
30203,167,3,0
30203,168,4,0
30203,169,5,0
30203,170,6,0
30203,171,7,0
30203,172,8,0
30203,173,9,0
30203,174,10,0
30203,175,11,0
30203,176,12,0
30203,177,13,0
30203,179,14,0
30203,180,15,0
30203,181,16,0
30203,182,17,0
30203,183,18,0
30203,184,19,0
30203,185,20,0
30203,186,21,0
30203,187,22,0
30203,188,23,0
30203,189,24,0
30203,93041,25,0
30203,190,26,0
30203,490,27,0
30203,491,28,0
30203,492,29,0
30203,493,30,0
30203,494,31,0
30203,495,32,0
30203,496,33,0
30203,93022,34,0
30203,497,35,0
30203,498,36,0
30203,499,37,0
30203,500,38,0
30203,501,39,0
30203,502,40,0
30203,503,41,0
30203,504,42,0
30203,505,43,0
30203,506,44,0
30203,507,45,1
30204,507,1,0
30204,3548,2,0
30204,3547,3,0
30204,3546,4,0
30204,3545,5,0
30204,3543,6,0
30204,3544,7,0
30204,514,8,0
30204,513,9,0
30204,512,10,0
30204,511,11,0
30204,3549,12,0
30204,535,13,0
30204,191,14,0
30204,93040,15,0
30204,192,16,0
30204,193,17,0
30204,194,18,0
30204,195,19,0
30204,196,20,0
30204,197,21,0
30204,198,22,0
30204,199,23,0
30204,200,24,0
30204,201,25,0
30204,202,26,0
30204,203,27,0
30204,204,28,0
30204,205,29,0
30204,206,30,0
30204,207,31,0
30204,208,32,0
30204,209,33,0
30204,210,34,0
30204,211,35,0
30204,212,36,0
30204,213,37,0
30204,214,38,0
30204,215,39,0
30204,216,40,0
30204,217,41,0
30204,2576,42,1
30303,2576,1,0
30303,260,2,0
30303,261,3,0
30303,3254,4,0
30303,3255,5,0
30303,1,6,0
30303,3,7,0
30303,5,8,0
30303,6,9,0
30303,7,10,0
30303,8,11,0
30303,9,12,0
30303,10,13,0
30303,11,14,0
30303,12,15,0
30303,13,16,0
30303,14,17,0
30303,15,18,0
30303,16,19,0
30303,17,20,0
30303,18,21,0
30303,23,22,0
30303,22,23,0
30303,21,24,0
30303,20,25,0
30303,90019,26,0
30303,90020,27,1
30304,90020,1,0
30304,90021,2,0
30304,90022,3,0
30304,90078,4,0
30304,93009,5,0
30304,24,6,0
30304,25,7,0
30304,26,8,0
30304,27,9,0
30304,28,10,0
30304,29,11,0
30304,30,12,0
30304,31,13,0
30304,32,14,0
30304,33,15,0
30304,34,16,0
30304,35,17,0
30304,36,18,0
30304,37,19,0
30304,39,20,0
30304,40,21,0
30304,41,22,0
30304,328,23,0
30304,329,24,0
30304,2576,25,1
30403,2576,1,0
30403,166,2,0
30403,167,3,0
30403,153,4,0
30403,154,5,0
30403,155,6,0
30403,156,7,0
30403,157,8,0
30403,158,9,0
30403,159,10,0
30403,160,11,0
30403,432,12,0
30403,225,13,0
30403,226,14,0
30403,93433,15,0
30403,227,16,0
30403,228,17,0
30403,229,18,0
30403,230,19,0
30403,231,20,0
30403,232,21,0
30403,233,22,0
30403,234,23,0
30403,235,24,0
30403,236,25,0
30403,237,26,0
30403,238,27,0
30403,239,28,1
30404,239,1,0
30404,240,2,0
30404,93109,3,0
30404,241,4,0
30404,242,5,0
30404,243,6,0
30404,244,7,0
30404,245,8,0
30404,246,9,0
30404,247,10,0
30404,248,11,0
30404,249,12,0
30404,250,13,0
30404,251,14,0
30404,253,15,0
30404,254,16,0
30404,255,17,0
30404,256,18,0
30404,257,19,0
30404,93434,20,0
30404,258,21,0
30404,259,22,0
30404,393,23,0
30404,161,24,0
30404,162,25,0
30404,163,26,0
30404,164,27,0
30404,165,28,0
30404,85,29,0
30404,86,30,0
30404,87,31,0
30404,216,32,0
30404,217,33,0
30404,2576,34,1
30500,2576,1,0
30500,260,2,0
30500,261,3,0
30500,330,4,0
30500,332,5,0
30500,333,6,0
30500,334,7,0
30500,335,8,0
30500,336,9,0
30500,272,10,0
30500,273,11,0
30500,274,12,0
30500,275,13,0
30500,276,14,0
30500,277,15,0
30500,278,16,0
30500,279,17,0
30500,309,18,0
30500,280,19,0
30500,281,20,0
30500,282,21,0
30500,283,22,0
30500,93185,23,0
30500,93186,24,0
30500,3106,25,0
30500,3107,26,0
30500,290,27,0
30500,292,28,0
30500,383,29,1
30501,383,1,0
30501,384,2,0
30501,293,3,0
30501,294,4,0
30501,295,5,0
30501,3420,6,0
30501,3421,7,0
30501,3409,8,0
30501,3410,9,0
30501,3411,10,0
30501,3412,11,0
30501,3413,12,0
30501,3414,13,0
30501,3415,14,0
30501,310,15,0
30501,311,16,0
30501,312,17,0
30501,313,18,0
30501,314,19,0
30501,315,20,0
30501,316,21,0
30501,317,22,0
30501,93242,23,0
30501,321,24,0
30501,322,25,0
30501,323,26,0
30501,324,27,0
30501,325,28,0
30501,326,29,0
30501,327,30,0
30501,328,31,0
30501,329,32,0
30501,2576,33,1
30803,58,1,0
30803,3588,2,0
30803,93059,3,0
30803,59,4,0
30803,3101,5,0
30803,3102,6,0
30803,3103,7,0
30803,3104,8,0
30803,3105,9,0
30803,93115,10,0
30803,60,11,0
30803,61,12,0
30803,63,13,0
30803,64,14,0
30803,2576,15,1
30804,2576,1,0
30804,42,2,0
30804,43,3,0
30804,44,4,0
30804,90007,5,0
30804,45,6,0
30804,47,7,0
30804,3100,8,0
30804,54,9,0
30804,56,10,0
30804,3584,11,0
30804,3585,12,0
30804,57,13,0
30804,93058,14,0
30804,58,15,1
31000,698,1,0
31000,2712,2,0
31000,705,3,0
31000,3557,4,0
31000,93553,5,0
31000,519,6,0
31000,520,7,0
31000,521,8,0
31000,522,9,0
31000,523,10,0
31000,492,11,0
31000,93480,12,0
31000,93481,13,0
31000,93482,14,1
31001,93482,1,0
31001,93483,2,0
31001,93484,3,0
31001,93485,4,0
31001,533,5,0
31001,93487,6,0
31001,93486,7,0
31001,93026,8,0
31001,3556,9,0
31001,90076,10,0
31001,698,11,1
31201,376,1,0
31201,197,2,0
31201,198,3,0
31201,199,4,0
31201,200,5,0
31201,201,6,0
31201,93266,7,0
31201,477,8,0
31201,480,9,0
31201,30,10,0
31201,31,11,0
31201,93271,12,0
31201,93241,13,0
31201,255,14,0
31201,256,15,0
31201,257,16,0
31201,258,17,0
31201,450,18,0
31201,93249,19,0
31201,93277,20,0
31201,93248,21,0
31201,93247,22,0
31201,438,23,0
31201,439,24,0
31201,440,25,0
31201,441,26,0
31201,442,27,0
31201,443,28,0
31201,536,29,0
31201,1283,30,0
31201,1284,31,0
31201,1285,32,0
31201,1286,33,0
31201,2595,34,1
31202,2595,1,0
31202,1280,2,0
31202,1281,3,0
31202,1282,4,0
31202,537,5,0
31202,444,6,0
31202,93087,7,0
31202,343,8,0
31202,344,9,0
31202,345,10,0
31202,445,11,0
31202,446,12,0
31202,447,13,0
31202,448,14,0
31202,449,15,0
31202,389,16,0
31202,391,17,0
31202,393,18,0
31202,394,19,0
31202,396,20,0
31202,93267,21,0
31202,93250,22,0
31202,93524,23,0
31202,93251,24,0
31202,401,25,0
31202,93261,26,0
31202,93258,27,0
31202,93278,28,0
31202,93262,29,0
31202,93263,30,0
31202,93264,31,0
31202,3514,32,0
31202,93265,33,0
31202,375,34,0
31202,376,35,1
38501,2576,1,0
38501,260,2,1
40100,2585,1,0
40100,1053,2,0
40100,1054,3,0
40100,1055,4,0
40100,1056,5,0
40100,1029,6,0
40100,1030,7,0
40100,1031,8,0
40100,1032,9,0
40100,1033,10,0
40100,986,11,0
40100,987,12,0
40100,988,13,0
40100,989,14,0
40100,1020,15,0
40100,1096,16,0
40100,1097,17,0
40100,90015,18,0
40100,668,19,0
40100,669,20,0
40100,670,21,0
40100,671,22,0
40100,672,23,0
40100,673,24,0
40100,674,25,0
40100,675,26,0
40100,93178,27,0
40100,676,28,0
40100,677,29,0
40100,678,30,0
40100,679,31,0
40100,680,32,0
40100,681,33,0
40100,682,34,0
40100,683,35,0
40100,605,36,0
40100,684,37,0
40100,685,38,0
40100,686,39,0
40100,687,40,0
40100,688,41,0
40100,689,42,0
40100,690,43,0
40100,691,44,0
40100,692,45,0
40100,693,46,0
40100,694,47,0
40100,695,48,0
40100,93086,49,0
40100,697,50,0
40100,698,51,1
40101,698,1,0
40101,706,2,0
40101,707,3,0
40101,708,4,0
40101,709,5,0
40101,710,6,0
40101,711,7,0
40101,712,8,0
40101,713,9,0
40101,714,10,0
40101,715,11,0
40101,716,12,0
40101,717,13,0
40101,718,14,0
40101,650,15,0
40101,651,16,0
40101,652,17,0
40101,653,18,0
40101,93007,19,0
40101,654,20,0
40101,655,21,0
40101,656,22,0
40101,657,23,0
40101,658,24,0
40101,659,25,0
40101,660,26,0
40101,661,27,0
40101,662,28,0
40101,663,29,0
40101,664,30,0
40101,665,31,0
40101,1106,32,0
40101,1107,33,0
40101,3108,34,0
40101,3109,35,0
40101,3110,36,0
40101,3111,37,0
40101,1096,38,0
40101,666,39,0
40101,667,40,0
40101,1090,41,0
40101,1091,42,0
40101,2585,43,0
40101,3567,44,0
40101,3569,45,0
40101,3570,46,0
40101,1023,47,0
40101,1024,48,0
40101,1025,49,0
40101,1026,50,0
40101,1027,51,0
40101,1028,52,0
40101,93028,53,0
40101,1029,54,1
40200,2595,1,0
40200,1290,2,0
40200,1291,3,0
40200,1363,4,0
40200,1364,5,0
40200,1181,6,0
40200,1183,7,0
40200,2603,8,0
40200,1242,9,0
40200,1185,10,0
40200,1243,11,0
40200,1186,12,0
40200,1187,13,0
40200,1188,14,0
40200,1189,15,0
40200,1190,16,0
40200,1191,17,0
40200,1192,18,0
40200,1193,19,0
40200,1194,20,0
40200,1195,21,0
40200,1196,22,0
40200,1197,23,0
40200,1198,24,0
40200,1199,25,0
40200,1200,26,0
40200,1224,27,0
40200,1225,28,0
40200,1244,29,0
40200,93111,30,0
40200,1245,31,0
40200,3553,32,0
40200,93323,33,1
40201,1217,1,0
40201,1218,2,0
40201,1219,3,0
40201,1220,4,0
40201,1221,5,0
40201,1222,6,0
40201,1223,7,0
40201,1133,8,0
40201,1134,9,0
40201,1135,10,0
40201,1136,11,0
40201,1137,12,0
40201,1156,13,0
40201,1157,14,0
40201,1158,15,0
40201,1159,16,0
40201,1160,17,0
40201,1161,18,0
40201,1162,19,0
40201,1163,20,0
40201,1164,21,0
40201,1165,22,0
40201,1166,23,0
40201,1167,24,0
40201,1359,25,0
40201,1360,26,0
40201,1361,27,0
40201,1274,28,0
40201,1275,29,0
40201,2595,30,1
40300,2595,1,0
40300,1287,2,0
40300,1288,3,0
40300,1289,4,0
40300,1362,5,0
40300,1009,6,0
40300,1010,7,0
40300,1011,8,0
40300,1012,9,0
40300,1013,10,0
40300,1091,11,0
40300,1014,12,0
40300,1015,13,0
40300,1016,14,0
40300,1017,15,0
40300,1018,16,0
40300,1019,17,0
40300,990,18,0
40300,991,19,0
40300,992,20,0
40300,993,21,0
40300,994,22,0
40300,984,23,0
40300,985,24,0
40300,970,25,0
40300,971,26,0
40300,972,27,0
40300,93001,28,0
40300,940,29,0
40300,973,30,0
40300,93462,31,0
40300,93460,32,0
40300,93464,33,0
40300,93527,34,0
40300,265,35,0
40300,266,36,0
40300,267,37,0
40300,268,38,0
40300,269,39,0
40300,270,40,0
40300,1052,41,0
40300,93179,42,0
40300,2585,43,1
40301,2585,1,0
40301,262,2,0
40301,318,3,0
40301,319,4,0
40301,320,5,0
40301,93243,6,0
40301,93463,7,0
40301,93465,8,0
40301,93459,9,0
40301,93461,10,0
40301,93246,11,0
40301,939,12,0
40301,960,13,0
40301,961,14,0
40301,962,15,0
40301,963,16,0
40301,964,17,0
40301,965,18,0
40301,995,19,0
40301,996,20,0
40301,997,21,0
40301,998,22,0
40301,999,23,0
40301,1000,24,0
40301,1001,25,0
40301,1002,26,0
40301,1003,27,0
40301,1055,28,0
40301,1004,29,0
40301,1005,30,0
40301,1006,31,0
40301,1007,32,0
40301,1008,33,0
40301,1132,34,0
40301,1276,35,0
40301,1277,36,0
40301,1278,37,0
40301,2595,38,1
40500,2585,1,0
40500,1053,2,0
40500,941,3,0
40500,942,4,0
40500,1286,5,0
40500,2595,6,0
40500,1290,7,0
40500,1291,8,0
40500,1363,9,0
40500,1364,10,0
40500,1181,11,0
40500,1183,12,0
40500,2603,13,0
40500,1242,14,0
40500,1185,15,0
40500,1243,16,0
40500,1186,17,0
40500,1187,18,0
40500,1188,19,0
40500,1189,20,0
40500,3120,21,0
40500,3122,22,0
40500,3124,23,0
40500,3126,24,0
40500,90063,25,0
40500,90065,26,0
40500,3341,27,0
40500,3178,28,0
40500,3343,29,0
40500,93362,30,0
40500,93361,31,0
40500,93360,32,0
40500,93359,33,0
40500,93357,34,0
40500,90045,35,0
40500,93356,36,0
40500,93354,37,0
40500,3518,38,0
40500,817,39,0
40500,93425,40,0
40500,812,41,1
40501,812,1,0
40501,93036,2,0
40501,817,3,0
40501,3517,4,0
40501,93353,5,0
40501,93355,6,0
40501,93358,7,0
40501,90054,8,0
40501,90070,9,0
40501,90055,10,0
40501,90056,11,0
40501,90057,12,0
40501,90083,13,0
40501,3344,14,0
40501,3179,15,0
40501,3342,16,0
40501,90066,17,0
40501,90064,18,0
40501,3125,19,0
40501,3123,20,0
40501,3121,21,0
40501,3306,22,0
40501,1160,23,0
40501,1161,24,0
40501,1162,25,0
40501,1163,26,0
40501,1164,27,0
40501,1165,28,0
40501,1166,29,0
40501,1167,30,0
40501,1359,31,0
40501,1360,32,0
40501,1361,33,0
40501,1274,34,0
40501,1275,35,0
40501,2595,36,0
40501,958,37,0
40501,959,38,0
40501,2585,39,1
40600,1119,1,0
40600,1120,2,0
40600,3562,3,0
40600,3563,4,0
40600,3565,5,0
40600,92003,6,0
40600,1088,7,0
40600,1089,8,0
40600,1090,9,0
40600,3587,10,0
40600,1132,11,0
40600,1276,12,0
40600,1277,13,0
40600,1278,14,0
40600,2595,15,1
40601,2595,1,0
40601,1287,2,0
40601,1288,3,0
40601,1362,4,0
40601,3586,5,0
40601,1055,6,0
40601,1056,7,0
40601,1057,8,0
40601,1058,9,0
40601,1059,10,0
40601,2709,11,0
40601,3110,12,0
40601,3111,13,0
40601,3566,14,0
40601,3564,15,0
40601,3561,16,0
40601,1119,17,1
40700,812,1,0
40700,90041,2,0
40700,90042,3,0
40700,90043,4,0
40700,90044,5,0
40700,90052,6,0
40700,910,7,0
40700,90050,8,0
40700,3551,9,0
40700,859,10,0
40700,861,11,0
40700,862,12,0
40700,863,13,0
40700,864,14,0
40700,865,15,0
40700,866,16,0
40700,867,17,0
40700,868,18,0
40700,869,19,0
40700,870,20,0
40700,871,21,0
40700,872,22,0
40700,3115,23,0
40700,3117,24,0
40700,1163,25,0
40700,1164,26,0
40700,1165,27,0
40700,659,28,0
40700,660,29,0
40700,661,30,0
40700,662,31,0
40700,663,32,0
40700,664,33,0
40700,665,34,0
40700,1106,35,0
40700,1107,36,0
40700,3108,37,0
40700,1108,38,0
40700,1109,39,0
40700,1110,40,0
40700,1111,41,0
40700,1112,42,0
40700,1113,43,0
40700,1114,44,0
40700,1115,45,0
40700,1116,46,0
40700,1117,47,0
40700,1118,48,0
40700,1119,49,0
40700,1120,50,0
40700,93000,51,0
40700,1101,52,0
40700,90014,53,1
40701,90014,1,0
40701,93189,2,0
40701,3113,3,0
40701,3114,4,0
40701,1083,5,0
40701,1084,6,0
40701,3262,7,0
40701,3263,8,0
40701,93183,9,0
40701,1121,10,0
40701,1122,11,0
40701,1123,12,0
40701,670,13,0
40701,671,14,0
40701,672,15,0
40701,673,16,0
40701,674,17,0
40701,675,18,0
40701,93178,19,0
40701,1242,20,0
40701,1185,21,0
40701,1243,22,0
40701,1186,23,0
40701,3118,24,0
40701,3116,25,0
40701,879,26,0
40701,880,27,0
40701,881,28,0
40701,882,29,0
40701,883,30,0
40701,884,31,0
40701,885,32,0
40701,886,33,0
40701,887,34,0
40701,888,35,0
40701,889,36,0
40701,3269,37,0
40701,3270,38,0
40701,3271,39,0
40701,892,40,0
40701,1371,41,0
40701,1372,42,0
40701,1353,43,0
40701,1354,44,0
40701,1355,45,0
40701,1356,46,0
40701,93531,47,0
40701,1387,48,0
40701,1388,49,0
40701,3552,50,0
40701,93426,51,0
40701,90051,52,0
40701,90053,53,0
40701,93493,54,0
40701,93424,55,0
40701,93425,56,0
40701,812,57,1
40800,2595,1,0
40800,1280,2,0
40800,1281,3,0
40800,1282,4,0
40800,537,5,0
40800,93087,6,0
40800,343,7,0
40800,344,8,0
40800,345,9,0
40800,3416,10,0
40800,346,11,0
40800,347,12,0
40800,348,13,0
40800,349,14,0
40800,350,15,0
40800,351,16,0
40800,352,17,0
40800,353,18,0
40800,354,19,0
40800,355,20,0
40800,356,21,0
40800,3420,22,0
40800,3421,23,0
40800,3409,24,0
40800,290,25,0
40800,292,26,0
40800,383,27,1
40801,383,1,0
40801,384,2,0
40801,293,3,0
40801,294,4,0
40801,295,5,0
40801,296,6,0
40801,297,7,0
40801,298,8,0
40801,299,9,0
40801,300,10,0
40801,301,11,0
40801,302,12,0
40801,303,13,0
40801,304,14,0
40801,3418,15,0
40801,3419,16,0
40801,3417,17,0
40801,439,18,0
40801,440,19,0
40801,441,20,0
40801,442,21,0
40801,443,22,0
40801,536,23,0
40801,1283,24,0
40801,1284,25,0
40801,1285,26,0
40801,2595,27,1
40900,383,1,0
40900,384,2,0
40900,293,3,0
40900,294,4,0
40900,295,5,0
40900,296,6,0
40900,297,7,0
40900,298,8,0
40900,299,9,0
40900,488,10,0
40900,565,11,0
40900,566,12,0
40900,567,13,0
40900,952,14,0
40900,93455,15,0
40900,93376,16,0
40900,93429,17,0
40900,93439,18,0
40900,93551,19,0
40900,953,20,0
40900,955,21,0
40900,2595,22,1
40901,2595,1,0
40901,1280,2,0
40901,1281,3,0
40901,1282,4,0
40901,537,5,0
40901,343,6,0
40901,344,7,0
40901,345,8,0
40901,3416,9,0
40901,346,10,0
40901,347,11,0
40901,348,12,0
40901,349,13,0
40901,350,14,0
40901,351,15,0
40901,352,16,0
40901,353,17,0
40901,354,18,0
40901,355,19,0
40901,356,20,0
40901,3420,21,0
40901,3421,22,0
40901,3409,23,0
40901,290,24,0
40901,292,25,0
40901,383,26,1
41000,812,1,0
41000,90038,2,0
41000,90080,3,0
41000,799,4,0
41000,800,5,0
41000,801,6,0
41000,802,7,0
41000,803,8,0
41000,804,9,0
41000,805,10,0
41000,806,11,0
41000,807,12,0
41000,808,13,0
41000,809,14,0
41000,585,15,0
41000,93432,16,0
41000,1145,17,0
41000,1146,18,0
41000,1147,19,0
41000,1148,20,0
41000,1149,21,0
41000,1150,22,0
41000,1151,23,0
41000,1152,24,0
41000,1257,25,0
41000,1258,26,0
41000,1259,27,0
41000,1260,28,0
41000,1261,29,0
41000,1262,30,0
41000,1263,31,0
41000,1264,32,0
41000,1265,33,0
41000,1266,34,0
41000,1267,35,0
41000,3309,36,0
41000,2604,37,0
41000,3227,38,0
41000,1276,39,0
41000,1277,40,0
41000,1278,41,0
41000,2595,42,1
41001,2595,1,0
41001,1287,2,0
41001,1288,3,0
41001,1289,4,0
41001,3228,5,0
41001,2605,6,0
41001,1296,7,0
41001,1297,8,0
41001,1298,9,0
41001,1299,10,0
41001,93027,11,0
41001,1300,12,0
41001,1301,13,0
41001,1302,14,0
41001,1303,15,0
41001,1304,16,0
41001,1305,17,0
41001,1153,18,0
41001,1154,19,0
41001,93552,20,0
41001,1155,21,0
41001,1138,22,0
41001,1139,23,0
41001,1140,24,0
41001,1141,25,0
41001,1142,26,0
41001,584,27,0
41001,638,28,0
41001,639,29,0
41001,640,30,0
41001,641,31,0
41001,642,32,0
41001,643,33,0
41001,644,34,0
41001,645,35,0
41001,646,36,0
41001,647,37,0
41001,648,38,0
41001,649,39,0
41001,90079,40,0
41001,90040,41,0
41001,93425,42,0
41001,812,43,1
41100,1217,1,0
41100,1226,2,0
41100,1227,3,0
41100,1228,4,0
41100,1229,5,0
41100,1230,6,0
41100,1231,7,0
41100,1232,8,0
41100,1233,9,0
41100,1234,10,0
41100,93536,11,0
41100,93534,12,0
41100,93342,13,0
41100,1342,14,0
41100,1343,15,0
41100,93445,16,0
41100,93346,17,0
41100,93522,18,0
41100,93466,19,0
41100,93347,20,0
41100,93348,21,0
41100,93349,22,0
41100,93449,23,0
41100,1250,24,0
41100,1251,25,0
41100,1252,26,0
41100,1253,27,0
41100,1254,28,0
41100,1255,29,0
41100,1256,30,0
41100,1310,31,0
41100,1311,32,0
41100,1312,33,0
41100,1313,34,0
41100,1314,35,0
41100,1320,36,0
41100,1321,37,0
41100,1322,38,0
41100,1323,39,0
41100,1324,40,0
41100,877,41,0
41100,878,42,0
41100,1325,43,0
41100,1326,44,0
41100,3264,45,0
41100,3308,46,0
41100,1270,47,0
41100,1271,48,0
41100,1272,49,0
41100,1273,50,0
41100,1274,51,0
41100,1275,52,0
41100,2595,53,1
41101,2595,1,0
41101,1290,2,0
41101,1291,3,0
41101,1292,4,0
41101,1293,5,0
41101,1294,6,0
41101,3307,7,0
41101,93103,8,0
41101,608,9,0
41101,609,10,0
41101,873,11,0
41101,1315,12,0
41101,1316,13,0
41101,1317,14,0
41101,1318,15,0
41101,1319,16,0
41101,1327,17,0
41101,1328,18,0
41101,1329,19,0
41101,1330,20,0
41101,1152,21,0
41101,1306,22,0
41101,1307,23,0
41101,1308,24,0
41101,1309,25,0
41101,1247,26,0
41101,1248,27,0
41101,1249,28,0
41101,1079,29,0
41101,1067,30,0
41101,1068,31,0
41101,1069,32,0
41101,1070,33,0
41101,1071,34,0
41101,1073,35,0
41101,1074,36,0
41101,93345,37,0
41101,3316,38,0
41101,93344,39,0
41101,93343,40,0
41101,93535,41,0
41101,93537,42,0
41101,93305,43,0
41101,93306,44,0
41101,93307,45,0
41101,93443,46,0
41101,93338,47,0
41101,1214,48,0
41101,1215,49,0
41101,1216,50,0
41101,1217,51,1
41200,2595,1,0
41200,93054,2,0
41200,944,3,0
41200,1177,4,0
41200,1178,5,0
41200,1365,6,0
41200,1366,7,0
41200,1367,8,0
41200,719,9,0
41200,720,10,0
41200,721,11,0
41200,722,12,0
41200,93236,13,0
41200,724,14,0
41200,725,15,0
41200,726,16,0
41200,727,17,0
41200,728,18,0
41200,729,19,0
41200,730,20,0
41200,731,21,0
41200,732,22,0
41200,733,23,0
41200,734,24,0
41200,735,25,0
41200,736,26,0
41200,771,27,0
41200,772,28,0
41200,773,29,0
41200,774,30,0
41200,1201,31,0
41200,1202,32,0
41200,1203,33,0
41200,1204,34,0
41200,1205,35,0
41200,1206,36,0
41200,93084,37,0
41200,1207,38,0
41200,93329,39,0
41200,93327,40,0
41200,93324,41,0
41200,1217,42,1
41201,93323,1,0
41201,93325,2,0
41201,93326,3,0
41201,93328,4,0
41201,93330,5,0
41201,93331,6,0
41201,93332,7,0
41201,93333,8,0
41201,93334,9,0
41201,93335,10,0
41201,93336,11,0
41201,93337,12,0
41201,787,13,0
41201,788,14,0
41201,789,15,0
41201,790,16,0
41201,737,17,0
41201,738,18,0
41201,739,19,0
41201,740,20,0
41201,741,21,0
41201,742,22,0
41201,743,23,0
41201,744,24,0
41201,745,25,0
41201,746,26,0
41201,747,27,0
41201,748,28,0
41201,749,29,0
41201,750,30,0
41201,751,31,0
41201,752,32,0
41201,753,33,0
41201,754,34,0
41201,755,35,0
41201,93377,36,0
41201,93379,37,0
41201,93439,38,0
41201,93551,39,0
41201,953,40,0
41201,955,41,0
41201,2595,42,1
41403,93183,1,0
41403,1121,2,0
41403,1122,3,0
41403,1123,4,0
41403,670,5,0
41403,671,6,0
41403,2604,7,0
41403,3227,8,0
41403,1276,9,0
41403,1277,10,0
41403,1278,11,0
41403,2595,12,0
41403,1290,13,0
41403,1291,14,0
41403,1292,15,0
41403,1293,16,0
41403,675,17,0
41403,93178,18,0
41403,93103,19,0
41403,1243,20,0
41403,1381,21,0
41403,1383,22,0
41403,1384,23,0
41403,90073,24,0
41403,678,25,0
41403,679,26,0
41403,680,27,0
41403,681,28,0
41403,682,29,0
41403,2606,30,0
41403,90059,31,0
41403,90061,32,0
41403,90063,33,0
41403,90065,34,0
41403,589,35,0
41403,90067,36,0
41403,90069,37,0
41403,619,38,0
41403,620,39,0
41403,621,40,0
41403,622,41,0
41403,623,42,0
41403,624,43,0
41403,1369,44,0
41403,1370,45,0
41403,1371,46,0
41403,1372,47,0
41403,1353,48,0
41403,1354,49,0
41403,1355,50,0
41403,93531,51,1
41404,93531,1,0
41404,1387,2,0
41404,1388,3,0
41404,859,4,0
41404,861,5,0
41404,862,6,0
41404,1377,7,0
41404,625,8,0
41404,626,9,0
41404,627,10,0
41404,628,11,0
41404,629,12,0
41404,630,13,0
41404,90068,14,0
41404,580,15,0
41404,90066,16,0
41404,90064,17,0
41404,90062,18,0
41404,90060,19,0
41404,1350,20,0
41404,653,21,0
41404,93007,22,0
41404,654,23,0
41404,655,24,0
41404,656,25,0
41404,3581,26,0
41404,3582,27,0
41404,3583,28,0
41404,1185,29,0
41404,3264,30,0
41404,3308,31,0
41404,1270,32,0
41404,1271,33,0
41404,1272,34,0
41404,1273,35,0
41404,1274,36,0
41404,1275,37,0
41404,2595,38,0
41404,1287,39,0
41404,1288,40,0
41404,1289,41,0
41404,664,42,0
41404,665,43,0
41404,1106,44,0
41404,1107,45,0
41404,1108,46,0
41404,1109,47,1
41700,812,1,0
41700,90038,2,0
41700,90080,3,0
41700,3135,4,0
41700,3136,5,0
41700,3137,6,0
41700,93353,7,0
41700,3138,8,0
41700,896,9,0
41700,897,10,0
41700,898,11,0
41700,93064,12,0
41700,899,13,0
41700,90076,14,0
41700,698,15,1
41701,698,1,0
41701,2712,2,0
41701,852,3,0
41701,853,4,0
41701,854,5,0
41701,855,6,0
41701,3131,7,0
41701,93354,8,0
41701,3132,9,0
41701,3133,10,0
41701,3134,11,0
41701,90079,12,0
41701,90040,13,0
41701,93425,14,0
41701,812,15,1
42000,698,1,0
42000,2712,2,0
42000,852,3,0
42000,3541,4,0
42000,3540,5,0
42000,3539,6,0
42000,3538,7,0
42000,3537,8,0
42000,3535,9,0
42000,3422,10,0
42000,3366,11,0
42000,3580,12,1
42001,3580,1,0
42001,3579,2,0
42001,3423,3,0
42001,3536,4,0
42001,3127,5,0
42001,3128,6,0
42001,3129,7,0
42001,3130,8,0
42001,93064,9,0
42001,899,10,0
42001,3542,11,0
42001,90076,12,0
42001,698,13,1
50101,1436,1,0
50101,93467,2,0
50101,93468,3,0
50101,3247,4,0
50101,93469,5,0
50101,3347,6,0
50101,3157,7,0
50101,1504,8,0
50101,90099,9,0
50101,3172,10,0
50101,3139,11,0
50101,3143,12,0
50101,3144,13,0
50101,3167,14,0
50101,1489,15,0
50101,1490,16,0
50101,1491,17,0
50101,1492,18,0
50101,1479,19,0
50101,1480,20,1
50102,1480,1,0
50102,1454,2,0
50102,1455,3,0
50102,1456,4,0
50102,3293,5,0
50102,3281,6,0
50102,3282,7,0
50102,1493,8,0
50102,1494,9,0
50102,3319,10,0
50102,3320,11,0
50102,3321,12,0
50102,3345,13,0
50102,3141,14,0
50102,3170,15,0
50102,3145,16,0
50102,3244,17,0
50102,3146,18,0
50102,3171,19,0
50102,3346,20,0
50102,1436,21,1
50201,1480,1,0
50201,1454,2,0
50201,1455,3,0
50201,1456,4,0
50201,1499,5,0
50201,3279,6,0
50201,1498,7,0
50201,3246,8,0
50201,3149,9,0
50201,3150,10,0
50201,3151,11,0
50201,3161,12,0
50201,1464,13,0
50201,3249,14,0
50201,3152,15,0
50201,3250,16,0
50201,3153,17,0
50201,3251,18,0
50201,3154,19,0
50201,3173,20,1
50202,3173,1,0
50202,3155,2,0
50202,1470,3,0
50202,1471,4,0
50202,1473,5,0
50202,90032,6,0
50202,90033,7,0
50202,90034,8,0
50202,90035,9,0
50202,1476,10,0
50202,1477,11,0
50202,1478,12,0
50202,1479,13,0
50202,1480,14,1
50600,1393,1,0
50600,1394,2,0
50600,1395,3,0
50600,1396,4,0
50600,93532,5,0
50600,93533,6,0
50600,1410,7,0
50600,1409,8,0
50600,93472,9,0
50600,93474,10,0
50600,93476,11,0
50600,93478,12,0
50600,93479,13,0
50600,93477,14,0
50600,93475,15,0
50600,93473,16,0
50600,1411,17,0
50600,1413,18,0
50600,1415,19,0
50600,1417,20,0
50600,93085,21,0
50600,1426,22,0
50600,3286,23,0
50600,3288,24,0
50600,3290,25,0
50600,3292,26,0
50600,3277,27,0
50600,3278,28,0
50600,1499,29,0
50600,3279,30,0
50600,1498,31,0
50600,1430,32,0
50600,1431,33,0
50600,1432,34,0
50600,1433,35,0
50600,3156,36,0
50600,3162,37,0
50600,3284,38,0
50600,3164,39,0
50600,3165,40,0
50600,3147,41,0
50600,1450,42,1
50601,1450,1,0
50601,90099,2,0
50601,3163,3,0
50601,93184,4,0
50601,90025,5,0
50601,90027,6,0
50601,3283,7,0
50601,1452,8,0
50601,1453,9,0
50601,1454,10,0
50601,1455,11,0
50601,1456,12,0
50601,3293,13,0
50601,3281,14,0
50601,3282,15,0
50601,1493,16,0
50601,1494,17,0
50601,3291,18,0
50601,3289,19,0
50601,3287,20,0
50601,3285,21,0
50601,99997,22,0
50601,3558,23,0
50601,93085,24,0
50601,1426,25,0
50601,1417,26,0
50601,1416,27,0
50601,1414,28,0
50601,1412,29,0
50601,93472,30,0
50601,93474,31,0
50601,93476,32,0
50601,93478,33,0
50601,93479,34,0
50601,93477,35,0
50601,93475,36,0
50601,93473,37,0
50601,1408,38,0
50601,1392,39,0
50601,1393,40,0
50601,1394,41,0
50601,1395,42,0
50601,1396,43,0
50601,93532,44,0
50601,93533,45,1
60100,2416,1,0
60100,2417,2,0
60100,2418,3,0
60100,2419,4,0
60100,2420,5,0
60100,3303,6,0
60100,93018,7,0
60100,3333,8,0
60100,3217,9,0
60100,3200,10,0
60100,3198,11,0
60100,3196,12,0
60100,3194,13,0
60100,3512,14,0
60100,3193,15,0
60100,2528,16,0
60100,3192,17,0
60100,3519,18,0
60100,3160,19,0
60100,93549,20,0
60100,2534,21,0
60100,2535,22,0
60100,3234,23,0
60100,3180,24,0
60100,3182,25,0
60100,3184,26,0
60100,3186,27,0
60100,3188,28,0
60100,2537,29,0
60100,2538,30,0
60100,2539,31,0
60100,93528,32,0
60100,93529,33,0
60100,93530,34,0
60100,3190,35,1
60101,3190,1,0
60101,3236,2,0
60101,2536,3,0
60101,3189,4,0
60101,3187,5,0
60101,3185,6,0
60101,3183,7,0
60101,3181,8,0
60101,3235,9,0
60101,2531,10,0
60101,2532,11,0
60101,2533,12,0
60101,3159,13,0
60101,3519,14,0
60101,3191,15,0
60101,2529,16,0
60101,2530,17,0
60101,3513,18,0
60101,3195,19,0
60101,3197,20,0
60101,3199,21,0
60101,3201,22,0
60101,93546,23,0
60101,2435,24,0
60101,2443,25,0
60101,2422,26,0
60101,2438,27,0
60101,3301,28,0
60101,2427,29,0
60101,2436,30,0
60101,93020,31,0
60101,93063,32,0
60101,2416,33,1
60300,93112,1,0
60300,93450,2,0
60300,1730,3,0
60300,93542,4,0
60300,1786,5,0
60300,1787,6,0
60300,1724,7,0
60300,1846,8,0
60300,1847,9,0
60300,93457,10,0
60300,93442,11,0
60300,3369,12,0
60300,3371,13,0
60300,3372,14,0
60300,3375,15,0
60300,3376,16,0
60300,3379,17,0
60300,3382,18,0
60300,2410,19,0
60300,3385,20,0
60300,3389,21,0
60300,3391,22,0
60300,3394,23,0
60300,3401,24,0
60300,3404,25,0
60300,3408,26,0
60300,93187,27,0
60300,2416,28,1
60301,2424,1,0
60301,2438,2,0
60301,2425,3,0
60301,2426,4,0
60301,2427,5,0
60301,2436,6,0
60301,93020,7,0
60301,93063,8,0
60301,2416,9,0
60301,2417,10,0
60301,3407,11,0
60301,3403,12,0
60301,3402,13,0
60301,3393,14,0
60301,3392,15,0
60301,3390,16,0
60301,3386,17,0
60301,3384,18,0
60301,3383,19,0
60301,3378,20,0
60301,3377,21,0
60301,3374,22,0
60301,3373,23,0
60301,3370,24,0
60301,3368,25,0
60301,93441,26,0
60301,93458,27,0
60301,3367,28,0
60301,1861,29,0
60301,93191,30,0
60301,1726,31,0
60301,93193,32,0
60301,93194,33,0
60301,93195,34,0
60301,93196,35,0
60301,93197,36,0
60301,93112,37,1
65303,2536,1,0
65303,3425,2,0
65303,3426,3,1
65304,3426,1,0
65304,3425,2,0
65304,2537,3,1
65401,2533,1,0
65401,3159,2,0
65401,3519,3,0
65401,3191,4,0
65401,3427,5,0
65401,3428,6,1
65402,3429,1,0
65402,3427,2,0
65402,3192,3,0
65402,3519,4,0
65402,3160,5,0
65402,93549,6,1
90000,3589,1,0
90000,7698,2,0
90000,93255,3,0
90000,93227,4,0
90000,93061,5,0
90000,1776,6,0
90000,1777,7,0
90000,1778,8,0
90000,1779,9,0
90000,1780,10,0
90000,1781,11,0
90000,1782,12,0
90000,1783,13,0
90000,93542,14,0
90000,1786,15,0
90000,1787,16,0
90000,1789,17,0
90000,1790,18,0
90000,93048,19,0
90000,2233,20,0
90000,2234,21,0
90000,2235,22,0
90000,2236,23,0
90000,2238,24,0
90000,2240,25,0
90000,2241,26,0
90000,2242,27,0
90000,93254,28,0
90000,92072,29,0
90000,2218,30,0
90000,2220,31,0
90000,2221,32,0
90000,412,33,0
90000,413,34,0
90000,417,35,0
90000,418,36,0
90000,419,37,0
90000,422,38,0
90000,424,39,0
90000,425,40,0
90000,427,41,0
90000,431,42,0
90000,432,43,0
90000,434,44,0
90000,450,45,0
90000,451,46,0
90000,452,47,0
90000,453,48,0
90000,1175,49,0
90000,1176,50,0
90000,1177,51,0
90000,1178,52,0
90000,1181,53,0
90000,1183,54,0
90000,2603,55,0
90000,1242,56,0
90000,93239,57,1
90001,93239,1,0
90001,1165,2,0
90001,1166,3,0
90001,1167,4,0
90001,1169,5,0
90001,1171,6,0
90001,1172,7,0
90001,1173,8,0
90001,1174,9,0
90001,386,10,0
90001,387,11,0
90001,388,12,0
90001,389,13,0
90001,391,14,0
90001,393,15,0
90001,394,16,0
90001,396,17,0
90001,398,18,0
90001,400,19,0
90001,401,20,0
90001,404,21,0
90001,405,22,0
90001,406,23,0
90001,410,24,0
90001,411,25,0
90001,1587,26,0
90001,1588,27,0
90001,1590,28,0
90001,1591,29,0
90001,1593,30,0
90001,1594,31,0
90001,1595,32,0
90001,1596,33,0
90001,1598,34,0
90001,1599,35,0
90001,1600,36,0
90001,1601,37,0
90001,1602,38,0
90001,1603,39,0
90001,1604,40,0
90001,1607,41,0
90001,1915,42,0
90001,1608,43,0
90001,1609,44,0
90001,1610,45,0
90001,1611,46,0
90001,1612,47,0
90001,1613,48,0
90001,3590,49,0
90001,1742,50,0
90001,1615,51,0
90001,1616,52,0
90001,1617,53,0
90001,93060,54,0
90001,93240,55,0
90001,93259,56,0
90001,9473,57,0
90001,3589,58,1
91000,698,1,0
91000,706,2,0
91000,707,3,0
91000,708,4,0
91000,709,5,0
91000,710,6,0
91000,711,7,0
91000,829,8,0
91000,830,9,0
91000,831,10,0
91000,832,11,0
91000,833,12,0
91000,93428,13,0
91000,359,14,0
91000,551,15,0
91000,552,16,0
91000,93431,17,0
91000,553,18,0
91000,554,19,0
91000,555,20,0
91000,556,21,0
91000,557,22,0
91000,558,23,0
91000,559,24,0
91000,560,25,0
91000,561,26,0
91000,93024,27,0
91000,563,28,0
91000,1283,29,0
91000,1284,30,0
91000,1285,31,0
91000,1286,32,0
91000,2595,33,0
91000,958,34,0
91000,959,35,0
91000,93276,36,0
91000,93257,37,0
91000,340,38,0
91000,339,39,0
91000,342,40,0
91000,321,41,0
91000,322,42,0
91000,323,43,0
91000,324,44,0
91000,325,45,0
91000,326,46,0
91000,327,47,0
91000,328,48,0
91000,329,49,0
91000,2576,50,1
91001,2576,1,0
91001,260,2,0
91001,261,3,0
91001,330,4,0
91001,332,5,0
91001,333,6,0
91001,334,7,0
91001,335,8,0
91001,336,9,0
91001,337,10,0
91001,339,11,0
91001,941,12,0
91001,942,13,0
91001,1286,14,0
91001,2595,15,0
91001,1280,16,0
91001,1281,17,0
91001,1282,18,0
91001,99998,19,0
91001,539,20,0
91001,542,21,0
91001,543,22,0
91001,544,23,0
91001,545,24,0
91001,546,25,0
91001,547,26,0
91001,548,27,0
91001,549,28,0
91001,550,29,0
91001,3349,30,0
91001,3350,31,0
91001,3351,32,0
91001,836,33,0
91001,837,34,0
91001,838,35,0
91001,839,36,0
91001,840,37,0
91001,841,38,0
91001,691,39,0
91001,692,40,0
91001,693,41,0
91001,694,42,0
91001,695,43,0
91001,93086,44,0
91001,697,45,0
91001,698,46,1
91500,812,1,0
91500,815,2,0
91500,823,3,0
91500,824,4,0
91500,825,5,0
91500,826,6,0
91500,827,7,0
91500,828,8,0
91500,3531,9,0
91500,691,10,0
91500,692,11,0
91500,693,12,0
91500,694,13,0
91500,695,14,0
91500,93086,15,0
91500,697,16,0
91500,698,17,0
91500,706,18,0
91500,707,19,0
91500,708,20,0
91500,709,21,0
91500,710,22,0
91500,3533,23,0
91500,829,24,0
91500,830,25,0
91500,831,26,0
91500,832,27,0
91500,833,28,0
91500,834,29,0
91500,362,30,0
91500,363,31,0
91500,364,32,0
91500,365,33,0
91500,366,34,0
91500,367,35,0
91500,2713,36,0
91500,90088,37,0
91500,368,38,0
91500,369,39,0
91500,370,40,0
91500,371,41,0
91500,372,42,0
91500,2707,43,0
91500,2704,44,0
91500,93012,45,0
91500,2404,46,0
91500,2405,47,0
91500,2708,48,0
91500,2406,49,0
91500,2407,50,0
91500,2730,51,0
91500,93055,52,0
91500,2245,53,0
91500,2246,54,0
91500,2247,55,0
91500,2248,56,0
91500,2249,57,0
91500,2250,58,0
91500,2258,59,0
91500,2259,60,0
91500,2260,61,0
91500,2261,62,0
91500,2262,63,0
91500,2263,64,0
91500,2264,65,0
91500,2265,66,0
91500,2266,67,0
91500,2268,68,0
91500,2569,69,1
91501,2569,1,0
91501,2282,2,0
91501,2283,3,0
91501,2284,4,0
91501,2285,5,0
91501,2286,6,0
91501,2287,7,0
91501,2288,8,0
91501,2252,9,0
91501,2253,10,0
91501,2254,11,0
91501,92043,12,0
91501,2256,13,0
91501,2257,14,0
91501,93056,15,0
91501,2728,16,0
91501,2729,17,0
91501,2398,18,0
91501,2399,19,0
91501,2400,20,0
91501,2401,21,0
91501,2402,22,0
91501,2403,23,0
91501,93013,24,0
91501,2705,25,0
91501,373,26,0
91501,374,27,0
91501,93083,28,0
91501,125,29,0
91501,375,30,0
91501,376,31,0
91501,377,32,0
91501,90078,33,0
91501,378,34,0
91501,379,35,0
91501,380,36,0
91501,381,37,0
91501,382,38,0
91501,383,39,0
91501,384,40,0
91501,385,41,0
91501,835,42,0
91501,836,43,0
91501,837,44,0
91501,838,45,0
91501,839,46,0
91501,840,47,0
91501,841,48,0
91501,691,49,0
91501,692,50,0
91501,693,51,0
91501,694,52,0
91501,695,53,0
91501,93086,54,0
91501,697,55,0
91501,698,56,0
91501,706,57,0
91501,707,58,0
91501,708,59,0
91501,709,60,0
91501,710,61,0
91501,3534,62,0
91501,3532,63,0
91501,843,64,0
91501,844,65,0
91501,845,66,0
91501,846,67,0
91501,847,68,0
91501,848,69,0
91501,810,70,0
91501,812,71,1
91600,812,1,0
91600,815,2,0
91600,911,3,0
91600,912,4,0
91600,913,5,0
91600,93365,6,0
91600,93367,7,0
91600,93454,8,0
91600,93370,9,0
91600,586,10,0
91600,587,11,0
91600,588,12,0
91600,589,13,0
91600,590,14,0
91600,591,15,0
91600,592,16,0
91600,593,17,0
91600,594,18,0
91600,595,19,0
91600,596,20,0
91600,597,21,0
91600,598,22,0
91600,599,23,0
91600,600,24,0
91600,601,25,0
91600,602,26,0
91600,603,27,0
91600,604,28,0
91600,454,29,0
91600,455,30,0
91600,456,31,0
91600,457,32,0
91600,458,33,0
91600,459,34,0
91600,460,35,0
91600,461,36,0
91600,462,37,0
91600,464,38,0
91600,465,39,0
91600,466,40,0
91600,467,41,0
91600,468,42,0
91600,469,43,0
91600,470,44,0
91600,2176,45,0
91600,2177,46,0
91600,2178,47,0
91600,2179,48,0
91600,2244,49,0
91600,3315,50,0
91600,92041,51,0
91600,92042,52,0
91600,3294,53,0
91600,93143,54,0
91600,93057,55,0
91600,93015,56,0
91600,93016,57,0
91600,3296,58,0
91600,2166,59,0
91600,3431,60,0
91600,3433,61,0
91600,3510,62,0
91600,93441,63,0
91600,93458,64,0
91600,3367,65,0
91600,1861,66,0
91600,93191,67,0
91600,1604,68,0
91600,1607,69,0
91600,1915,70,0
91600,93112,71,1
91601,93112,1,0
91601,93450,2,0
91601,1730,3,0
91601,93542,4,0
91601,1786,5,0
91601,1787,6,0
91601,1724,7,0
91601,1846,8,0
91601,1847,9,0
91601,93457,10,0
91601,93442,11,0
91601,3435,12,0
91601,3434,13,0
91601,3432,14,0
91601,3430,15,0
91601,92015,16,0
91601,92016,17,0
91601,92017,18,0
91601,2167,19,0
91601,2168,20,0
91601,2169,21,0
91601,3295,22,0
91601,3302,23,0
91601,3314,24,0
91601,2171,25,0
91601,2172,26,0
91601,2173,27,0
91601,2174,28,0
91601,2175,29,0
91601,471,30,0
91601,472,31,0
91601,473,32,0
91601,474,33,0
91601,475,34,0
91601,476,35,0
91601,477,36,0
91601,480,37,0
91601,481,38,0
91601,482,39,0
91601,483,40,0
91601,484,41,0
91601,485,42,0
91601,486,43,0
91601,487,44,0
91601,488,45,0
91601,565,46,0
91601,566,47,0
91601,567,48,0
91601,568,49,0
91601,569,50,0
91601,570,51,0
91601,571,52,0
91601,573,53,0
91601,574,54,0
91601,575,55,0
91601,576,56,0
91601,577,57,0
91601,93035,58,0
91601,579,59,0
91601,580,60,0
91601,90066,61,0
91601,581,62,0
91601,582,63,0
91601,583,64,0
91601,93369,65,0
91601,93453,66,0
91601,93368,67,0
91601,93366,68,0
91601,1143,69,0
91601,1144,70,0
91601,93177,71,0
91601,810,72,0
91601,812,73,1
92200,812,1,0
92200,90038,2,0
92200,90080,3,0
92200,90039,4,0
92200,762,5,0
92200,763,6,0
92200,764,7,0
92200,766,8,0
92200,90082,9,0
92200,767,10,0
92200,768,11,0
92200,769,12,0
92200,770,13,0
92200,93097,14,0
92200,771,15,0
92200,772,16,0
92200,773,17,0
92200,774,18,0
92200,1201,19,0
92200,1442,20,0
92200,1225,21,0
92200,93285,22,0
92200,93340,23,0
92200,1331,24,0
92200,1332,25,0
92200,1333,26,0
92200,1334,27,0
92200,1335,28,0
92200,93448,29,0
92200,1339,30,0
92200,93437,31,0
92200,93522,32,0
92200,93466,33,0
92200,93347,34,0
92200,93348,35,0
92200,93349,36,0
92200,93350,37,0
92200,1080,38,0
92200,1082,39,0
92200,1083,40,0
92200,1084,41,0
92200,1085,42,0
92200,1086,43,0
92200,1087,44,0
92200,1088,45,0
92200,1089,46,0
92200,1090,47,0
92200,1091,48,0
92200,2585,49,0
92200,262,50,0
92200,221,51,0
92200,222,52,0
92200,93315,53,0
92200,223,54,0
92200,3305,55,0
92200,74,56,0
92200,75,57,0
92200,76,58,0
92200,77,59,0
92200,78,60,0
92200,79,61,0
92200,80,62,0
92200,81,63,0
92200,82,64,0
92200,2576,65,1
92201,2576,1,0
92201,65,2,0
92201,66,3,0
92201,67,4,0
92201,68,5,0
92201,69,6,0
92201,70,7,0
92201,71,8,0
92201,72,9,0
92201,73,10,0
92201,3304,11,0
92201,218,12,0
92201,93314,13,0
92201,219,14,0
92201,220,15,0
92201,1052,16,0
92201,93179,17,0
92201,2585,18,0
92201,1053,19,0
92201,1054,20,0
92201,1055,21,0
92201,1056,22,0
92201,1057,23,0
92201,1058,24,0
92201,1059,25,0
92201,2709,26,0
92201,1060,27,0
92201,1061,28,0
92201,1062,29,0
92201,1063,30,0
92201,1064,31,0
92201,1065,32,0
92201,1066,33,0
92201,1067,34,0
92201,1068,35,0
92201,1069,36,0
92201,1070,37,0
92201,1071,38,0
92201,1073,39,0
92201,93492,40,0
92201,93436,41,0
92201,93293,42,0
92201,93447,43,0
92201,93298,44,0
92201,93299,45,0
92201,93300,46,0
92201,93301,47,0
92201,93302,48,0
92201,93341,49,0
92201,93339,50,0
92201,1222,51,0
92201,1223,52,0
92201,786,53,0
92201,787,54,0
92201,788,55,0
92201,789,56,0
92201,790,57,0
92201,93096,58,0
92201,791,59,0
92201,93043,60,0
92201,792,61,0
92201,793,62,0
92201,93095,63,0
92201,795,64,0
92201,796,65,0
92201,797,66,0
92201,798,67,0
92201,90081,68,0
92201,90079,69,0
92201,90040,70,0
92201,93425,71,0
92201,812,72,1
95000,698,1,0
95000,2712,2,0
95000,705,3,0
95000,3557,4,0
95000,93025,5,0
95000,2456,6,0
95000,2457,7,0
95000,2460,8,0
95000,2462,9,0
95000,2463,10,0
95000,2466,11,0
95000,2468,12,0
95000,2733,13,0
95000,2734,14,0
95000,2735,15,0
95000,2736,16,0
95000,2737,17,0
95000,2739,18,0
95000,2473,19,0
95000,2474,20,0
95000,2475,21,0
95000,93102,22,0
95000,2507,23,0
95000,3300,24,0
95000,2508,25,0
95000,2509,26,0
95000,2510,27,0
95000,2511,28,0
95000,2512,29,0
95000,93106,30,0
95000,2491,31,0
95000,2492,32,0
95000,2493,33,0
95000,2494,34,0
95000,3339,35,0
95000,3508,36,0
95000,2498,37,0
95000,3504,38,0
95000,3503,39,0
95000,2515,40,0
95000,2749,41,0
95000,2454,42,0
95000,2750,43,0
95000,2455,44,0
95000,2451,45,0
95000,2449,46,0
95000,2447,47,0
95000,93093,48,0
95000,93116,49,0
95000,2444,50,0
95000,93269,51,0
95000,2431,52,0
95000,3224,53,0
95000,2433,54,0
95000,2434,55,0
95000,3219,56,0
95000,2435,57,0
95000,2443,58,0
95000,3217,59,0
95000,3216,60,0
95000,3214,61,0
95000,3212,62,0
95000,3338,63,0
95000,3210,64,0
95000,3209,65,0
95000,3207,66,0
95000,2424,67,0
95000,2438,68,0
95000,2425,69,0
95000,2426,70,0
95000,2427,71,0
95000,2436,72,0
95000,93020,73,0
95000,93063,74,0
95000,2416,75,1
95001,2416,1,0
95001,2417,2,0
95001,2418,3,0
95001,93019,4,0
95001,2419,5,0
95001,2420,6,0
95001,2437,7,0
95001,2421,8,0
95001,93018,9,0
95001,2422,10,0
95001,3206,11,0
95001,3208,12,0
95001,93547,13,0
95001,3337,14,0
95001,3211,15,0
95001,3213,16,0
95001,3215,17,0
95001,93546,18,0
95001,3334,19,0
95001,3333,20,0
95001,3218,21,0
95001,2441,22,0
95001,2442,23,0
95001,2428,24,0
95001,2429,25,0
95001,2430,26,0
95001,93270,27,0
95001,2445,28,0
95001,93117,29,0
95001,93094,30,0
95001,2446,31,0
95001,2448,32,0
95001,2450,33,0
95001,2452,34,0
95001,2753,35,0
95001,2453,36,0
95001,2500,37,0
95001,3502,38,0
95001,3505,39,0
95001,3506,40,0
95001,3507,41,0
95001,3340,42,0
95001,2488,43,0
95001,2491,44,0
95001,2503,45,0
95001,2504,46,0
95001,2505,47,0
95001,2506,48,0
95001,2507,49,0
95001,3300,50,0
95001,2508,51,0
95001,2516,52,0
95001,2517,53,0
95001,2476,54,0
95001,2477,55,0
95001,2478,56,0
95001,2740,57,0
95001,2741,58,0
95001,2742,59,0
95001,2743,60,0
95001,2744,61,0
95001,2745,62,0
95001,2469,63,0
95001,2467,64,0
95001,2464,65,0
95001,2465,66,0
95001,2461,67,0
95001,2458,68,0
95001,2459,69,0
95001,93026,70,0
95001,3556,71,0
95001,90076,72,0
95001,698,73,1
96000,2424,1,0
96000,3206,2,0
96000,3208,3,0
96000,93547,4,0
96000,3237,5,0
96000,3241,6,1
96001,3241,1,0
96001,3238,2,0
96001,3210,3,0
96001,3209,4,0
96001,3207,5,0
96001,2422,6,1
1011001,2549,1,0
1011001,1772,2,0
1011001,1773,3,0
1011001,1774,4,0
1011001,1775,5,0
1011001,93163,6,0
1011001,93217,7,0
1011001,1876,8,0
1011001,1877,9,0
1011001,1878,10,0
1011001,1550,11,0
1011001,93037,12,0
1011001,93216,13,0
1011001,1742,14,0
1011001,1615,15,0
1011001,1616,16,0
1011001,1617,17,0
1011001,93060,18,0
1011001,1508,19,0
1011001,1509,20,0
1011001,1510,21,0
1011001,1511,22,0
1011001,1512,23,0
1011001,3003,24,0
1011001,3001,25,0
1011001,93407,26,0
1011001,93408,27,0
1011001,93409,28,0
1011001,93410,29,0
1011001,93411,30,0
1011001,93228,31,0
1011001,93229,32,0
1011001,93230,33,0
1011001,93231,34,0
1011001,93422,35,0
1011001,93321,36,0
1011001,93208,37,0
1011001,3515,38,0
1011001,93209,39,0
1011001,93415,40,0
1011001,93417,41,0
1011001,93419,42,0
1011001,1885,43,0
1011001,1886,44,0
1011001,1887,45,0
1011001,1888,46,0
1011001,1889,47,0
1011001,93313,48,0
1011001,1890,49,0
1011001,1891,50,0
1011001,1892,51,0
1011001,1893,52,0
1011001,1894,53,0
1011001,1895,54,0
1011001,1862,55,0
1011001,1863,56,0
1011001,1896,57,0
1011001,1897,58,0
1011001,1898,59,0
1011001,1899,60,0
1011001,1900,61,0
1011001,1901,62,0
1011001,93192,63,0
1011001,1936,64,0
1011001,1915,65,0
1011001,93112,66,1
1019301,1909,1,0
1019301,1911,2,0
1019301,1912,3,0
1019301,1918,4,0
1019301,1919,5,0
1019301,1732,6,0
1019301,1733,7,0
1019301,1734,8,0
1019301,1868,9,0
1019301,1869,10,0
1019301,1870,11,0
1019301,1871,12,0
1019301,1872,13,0
1019301,1873,14,0
1019301,1874,15,0
1019301,1875,16,0
1019301,93420,17,0
1019301,3436,18,0
1019301,1754,19,0
1019301,1755,20,0
1019301,93214,21,0
1019301,1756,22,0
1019301,1757,23,0
1019301,1758,24,0
1019301,1759,25,0
1019301,93216,26,0
1019301,1742,27,0
1019301,1615,28,0
1019301,1616,29,0
1019301,93381,30,0
1019301,1631,31,0
1019301,1632,32,0
1019301,1633,33,0
1019301,1634,34,0
1019301,1635,35,0
1019301,1636,36,0
1019301,1637,37,0
1019301,1638,38,0
1019301,1639,39,0
1019301,93382,40,0
1019301,93383,41,0
1019301,93401,42,0
1019301,93217,43,0
1019301,1779,44,0
1019301,1780,45,0
1019301,1781,46,0
1019301,1782,47,0
1019301,1783,48,0
1019301,3324,49,0
1019301,1741,50,0
1019301,3323,51,0
1019301,1994,52,0
1019301,1995,53,0
1019301,1996,54,0
1019301,3437,55,0
1019301,2000,56,0
1019301,2001,57,0
1019301,1986,58,0
1019301,1842,59,0
1019301,1832,60,0
1019301,93234,61,0
1019301,3005,62,0
1019301,1839,63,0
1019301,1840,64,0
1019301,1841,65,0
1019301,2002,66,0
1019301,2003,67,0
1019301,2298,68,0
1019301,1729,69,0
1019301,1958,70,1
2011000,93112,1,0
2011000,93450,2,0
2011000,1730,3,0
2011000,1731,4,0
2011000,1902,5,0
2011000,1903,6,0
2011000,93038,7,0
2011000,1904,8,0
2011000,1905,9,0
2011000,1792,10,0
2011000,1866,11,0
2011000,1867,12,0
2011000,1868,13,0
2011000,1869,14,0
2011000,1870,15,0
2011000,1871,16,0
2011000,1872,17,0
2011000,1873,18,0
2011000,1874,19,0
2011000,1875,20,0
2011000,93420,21,0
2011000,93418,22,0
2011000,93416,23,0
2011000,93206,24,0
2011000,3516,25,0
2011000,93207,26,0
2011000,93322,27,0
2011000,93232,28,0
2011000,93233,29,0
2011000,1518,30,0
2011000,1519,31,0
2011000,1520,32,0
2011000,1521,33,0
2011000,1522,34,0
2011000,1523,35,0
2011000,1524,36,0
2011000,2725,37,0
2011000,1525,38,0
2011000,3002,39,0
2011000,3004,40,0
2011000,1551,41,0
2011000,1552,42,0
2011000,1879,43,0
2011000,1881,44,0
2011000,1882,45,0
2011000,1759,46,0
2011000,93216,47,1
2011001,93216,1,0
2011001,1742,2,0
2011001,1615,3,0
2011001,1616,4,0
2011001,1617,5,0
2011001,93060,6,0
2011001,1508,7,0
2011001,1509,8,0
2011001,1510,9,0
2011001,1511,10,0
2011001,1512,11,0
2011001,1513,12,0
2011001,93421,13,0
2011001,93422,14,0
2011001,93321,15,0
2011001,93208,16,0
2011001,3515,17,0
2011001,93209,18,0
2011001,93415,19,0
2011001,93417,20,0
2011001,93419,21,0
2011001,1885,22,0
2011001,1886,23,0
2011001,1887,24,0
2011001,1888,25,0
2011001,1889,26,0
2011001,93313,27,0
2011001,1890,28,0
2011001,1891,29,0
2011001,1892,30,0
2011001,1893,31,0
2011001,1894,32,0
2011001,1895,33,0
2011001,1862,34,0
2011001,1863,35,0
2011001,1896,36,0
2011001,1897,37,0
2011001,1898,38,0
2011001,1899,39,0
2011001,1900,40,0
2011001,1901,41,0
2011001,1936,42,0
2011001,1915,43,0
2011001,93112,44,1
2019301,1909,1,0
2019301,1865,2,0
2019301,1907,3,0
2019301,93199,4,0
2019301,1896,5,0
2019301,1897,6,0
2019301,1898,7,0
2019301,1899,8,0
2019301,3325,9,0
2019301,1900,10,0
2019301,1901,11,0
2019301,1936,12,0
2019301,1786,13,0
2019301,1787,14,0
2019301,1726,15,0
2019301,1964,16,0
2019301,1948,17,0
2019301,90016,18,0
2019301,1949,19,0
2019301,93193,20,0
2019301,93194,21,0
2019301,93195,22,0
2019301,93196,23,0
2019301,93197,24,0
2019301,93112,25,0
2019301,1741,26,0
2019301,3323,27,0
2019301,1994,28,0
2019301,1995,29,0
2019301,1996,30,0
2019301,3437,31,0
2019301,2000,32,0
2019301,2001,33,0
2019301,1986,34,0
2019301,1842,35,0
2019301,1832,36,0
2019301,93234,37,0
2019301,3005,38,0
2019301,1839,39,0
2019301,1840,40,0
2019301,1841,41,0
2019301,2002,42,0
2019301,2003,43,0
2019301,2298,44,0
2019301,1729,45,0
2019301,1958,46,1
308041201,92003,1,0
308041201,1299,2,0
308041201,93027,3,0
308041201,1300,4,0
308041201,1301,5,0
308041201,1302,6,0
308041201,1303,7,0
308041201,1304,8,0
308041201,1305,9,0
308041201,1153,10,0
308041201,1154,11,0
308041201,1155,12,0
308041201,1195,13,0
308041201,1196,14,0
308041201,1197,15,0
308041201,1198,16,0
308041201,786,17,0
308041201,787,18,0
308041201,788,19,0
308041201,789,20,0
308041201,790,21,0
308041201,737,22,0
308041201,738,23,0
308041201,739,24,0
308041201,740,25,0
308041201,741,26,0
308041201,742,27,0
308041201,743,28,0
308041201,744,29,0
308041201,745,30,0
308041201,746,31,1
