'Saturdaymerged999969',11000,72800,,'',1,3000,,'',1,7000,,'',1,7200,,'',1,3100,,'',1,7100,,'',1,3400,,'',1,7100,,'',1,3400,,'',1,7100,,'',1,3400,,'',1,7100,,'',1,3400,,'',1,7100,,'',1,3500,,'',1,7100,,'',1,7500,,'',1,3100,,'',1,7500,,'',1,3200,,'',1,7500,,'',1,3200,,'',1,7500,,'',1
'Saturdaymerged999969',11001,65300,4,'',1,7000,4,'',1,3000,4,'',1,7000,4,'',1,3100,4,'',1,7100,4,'',1,3200,4,'',1,7100,4,'',1,7400,4,'',1,3100,4,'',1,7400,4,'',1,3100,4,'',1,7400,4,'',1,3100,4,'',1,7500,4,'',1,3100,4,'',1,7500,4,'',1,3100,4,'',1,7500,4,'',1,7200,4,'',1,3500,4,'',1,7200,4,'',1,3500,4,'',1,7000,4,'',1
'Statutorymerged999970',11000,72900,,'',1,3000,,'',1,7000,,'',1,3000,,'',1,7000,,'',1,3000,,'',1,7000,,'',1,3000,,'',1,7000,,'',1,3000,,'',1,7000,,'',1,3000,,'',1,7000,,'',1,3000,,'',1,7000,,'',1,3000,,'',1,7000,,'',1,3000,,'',1,7000,,'',1,3000,,'',1,7000,,'',1,3000,,'',1,7000,,'',1,3000,,'',1
'Statutorymerged999970',11001,75300,4,'',1,7000,4,'',1,3000,4,'',1,7000,4,'',1,2800,4,'',1,7000,4,'',1,3000,4,'',1,7000,4,'',1,3000,4,'',1,7000,4,'',1,3000,4,'',1,7000,4,'',1,3000,4,'',1,7000,4,'',1,3000,4,'',1,7100,4,'',1,3000,4,'',1,7000,4,'',1,3000,4,'',1,7000,4,'',1,3000,4,'',1,6900,4,'',1
'Weekdaymerged999971',11000,63800,,'',1,7000,,'',1,3000,,'',1,7000,,'',1,3000,,'',1,7000,,'',1,3200,,'',1,7000,,'',1,3000,,'',1,7000,,'',1,3000,,'',1,7000,,'',1,3000,,'',1,7000,,'',1,3000,,'',1,7000,,'',1,3000,,'',1,7000,,'',1,3200,,'',1,7000,,'',1,3000,,'',1,7000,,'',1,3000,,'',1,7000,,'',1,3000,,'',1,6800,,'',1,2900,,'',1,7100,,'',1,2800,,'',1,7000,,'',1,10000,,'',1
'Weekdaymerged999971',11001,55800,4,'',1,7000,4,'',1,3000,4,'',1,7000,4,'',1,3000,4,'',1,6800,4,'',1,3200,4,'',1,7000,4,'',1,3000,4,'',1,7000,4,'',1,3000,4,'',1,7000,4,'',1,3000,4,'',1,7000,4,'',1,3000,4,'',1,7000,4,'',1,3000,4,'',1,7000,4,'',1,3000,4,'',1,7000,4,'',1,3000,4,'',1,7000,4,'',1,3000,4,'',1,7000,4,'',1,3000,4,'',1,7000,4,'',1,3000,4,'',1,7200,4,'',1,7400,4,'',1,2800,4,'',1,9800,4,'',1
'Saturdaymerged999969',12000,72800,4,'',1,3000,4,'',1,7000,4,'',1,7200,4,'',1,3100,4,'',1,7100,4,'',1,3400,4,'',1,7100,4,'',1,3400,4,'',1,7100,4,'',1,3400,4,'',1,7100,4,'',1,3400,4,'',1,7100,4,'',1,3500,4,'',1,7100,4,'',1,7500,4,'',1,3100,4,'',1,7500,4,'',1,3200,4,'',1,7500,4,'',1,3200,4,'',1,7500,4,'',1
'Saturdaymerged999969',12001,65300,,'',1,7000,,'',1,3000,,'',1,7000,,'',1,3100,,'',1,7100,,'',1,3200,,'',1,7100,,'',1,7400,,'',1,3100,,'',1,7400,,'',1,3100,,'',1,7400,,'',1,3100,,'',1,7500,,'',1,3100,,'',1,7500,,'',1,3100,,'',1,7500,,'',1,7200,,'',1,3500,,'',1,7200,,'',1,3500,,'',1,7000,,'',1
'Statutorymerged999970',12000,72800,4,'',1,3000,4,'',1,7000,4,'',1,3000,4,'',1,7000,4,'',1,3000,4,'',1,7000,4,'',1,3000,4,'',1,7000,4,'',1,3000,4,'',1,7000,4,'',1,3000,4,'',1,7000,4,'',1,3000,4,'',1,7000,4,'',1,3000,4,'',1,7000,4,'',1,3000,4,'',1,7000,4,'',1,3000,4,'',1,7000,4,'',1,3000,4,'',1,7000,4,'',1,3000,4,'',1
'Statutorymerged999970',12001,75300,,'',1,7000,,'',1,3000,,'',1,7000,,'',1,2800,,'',1,7000,,'',1,3000,,'',1,7000,,'',1,3000,,'',1,7000,,'',1,3000,,'',1,7000,,'',1,3100,,'',1,7000,,'',1,3000,,'',1,7000,,'',1,3000,,'',1,7100,,'',1,3000,,'',1,7000,,'',1,3000,,'',1,6800,,'',1
'Weekdaymerged999971',12000,63700,4,'',1,7000,4,'',1,3000,4,'',1,7000,4,'',1,3000,4,'',1,7000,4,'',1,3200,4,'',1,7000,4,'',1,3000,4,'',1,7000,4,'',1,3000,4,'',1,7000,4,'',1,3000,4,'',1,7000,4,'',1,3000,4,'',1,7000,4,'',1,3000,4,'',1,7000,4,'',1,3200,4,'',1,7000,4,'',1,3000,4,'',1,7000,4,'',1,3000,4,'',1,7000,4,'',1,3000,4,'',1,6900,4,'',1,2900,4,'',1,7000,4,'',1,2900,4,'',1,6900,4,'',1,10000,4,'',1
'Weekdaymerged999971',12001,55800,,'',1,7000,,'',1,3000,,'',1,7000,,'',1,3000,,'',1,6800,,'',1,3200,,'',1,7000,,'',1,3000,,'',1,7000,,'',1,3000,,'',1,7000,,'',1,3000,,'',1,7000,,'',1,3000,,'',1,7000,,'',1,3000,,'',1,7000,,'',1,3000,,'',1,7000,,'',1,3000,,'',1,7000,,'',1,3000,,'',1,7000,,'',1,3000,,'',1,7000,,'',1,3000,,'',1,7200,,'',1,7400,,'',1,2800,,'',1,9800,,'',1
