'Late Night Sat',90000,284500,0,'Pickering',1
'Late Night Sun',90000,284500,0,'Pickering',1
'Late Night Wkdy',90000,284500,0,'Pickering',1
'Overnight All Days',90000,44500,0,'Pickering',1
'Saturday',90000,52000,0,'Pickering',1,3500,0,'Pickering',1,7500,0,'Pickering',1,7000,0,'Pickering',1,3000,0,'Pickering',1,7000,0,'Pickering',1,3000,0,'Pickering',1,7000,0,'Pickering',1,3000,0,'Pickering',1,7000,0,'Pickering',1,3000,0,'Pickering',1,7000,0,'Pickering',1,3000,0,'Pickering',1,7000,0,'Pickering',1,3000,0,'Pickering',1,7000,0,'Pickering',1,3000,0,'Pickering',1,7000,0,'Pickering',1,3000,0,'Pickering',1,7000,0,'Pickering',1,3000,0,'Pickering',1,7000,0,'Pickering',1,3000,0,'Pickering',1,7000,0,'Pickering',1,3000,0,'Pickering',1,7000,0,'Pickering',1,3000,0,'Pickering',1,7000,0,'Pickering',1,3000,0,'Pickering',1,7000,0,'Pickering',1,3000,0,'Pickering',1,7000,0,'Pickering',1,3000,0,'Pickering',1,7000,0,'Pickering',1,3000,0,'Pickering',1
'Saturday',90001,61500,4,'',1,3000,4,'',1,7000,4,'',1,3000,4,'',1,7600,4,'',1,3000,4,'',1,7000,4,'',1,3000,4,'',1,7000,4,'',1,3600,4,'',1,7000,4,'',1,3000,4,'',1,7000,4,'',1,3000,4,'',1,7000,4,'',1,3000,4,'',1,7000,4,'',1,3000,4,'',1,7000,4,'',1,3000,4,'',1,7000,4,'',1,2600,4,'',1,7000,4,'',1,3000,4,'',1,7000,4,'',1,3000,4,'',1,7000,4,'',1,2400,4,'',1,7000,4,'',1,3000,4,'',1,7000,4,'',1,3000,4,'',1,7000,4,'',1,3000,4,'',1,6500,4,'',1,3000,4,'',1
'Sunday',90000,52000,0,'Pickering',1,3500,0,'Pickering',1,7500,0,'Pickering',1,7000,0,'Pickering',1,3000,0,'Pickering',1,7000,0,'Pickering',1,3000,0,'Pickering',1,7000,0,'Pickering',1,3000,0,'Pickering',1,7000,0,'Pickering',1,3000,0,'Pickering',1,7000,0,'Pickering',1,3000,0,'Pickering',1,7000,0,'Pickering',1,3000,0,'Pickering',1,7000,0,'Pickering',1,3000,0,'Pickering',1,7000,0,'Pickering',1,3000,0,'Pickering',1,7000,0,'Pickering',1,3000,0,'Pickering',1,7000,0,'Pickering',1,3000,0,'Pickering',1,7000,0,'Pickering',1,3000,0,'Pickering',1,7000,0,'Pickering',1,3000,0,'Pickering',1,7000,0,'Pickering',1,3000,0,'Pickering',1,7000,0,'Pickering',1,3000,0,'Pickering',1,7000,0,'Pickering',1,3000,0,'Pickering',1,7000,0,'Pickering',1,3000,0,'Pickering',1
'Sunday',90001,61700,4,'',1,3000,4,'',1,7000,4,'',1,3000,4,'',1,7000,4,'',1,3000,4,'',1,7000,4,'',1,3000,4,'',1,7000,4,'',1,3500,4,'',1,7000,4,'',1,3000,4,'',1,7000,4,'',1,3000,4,'',1,7400,4,'',1,3000,4,'',1,7000,4,'',1,3000,4,'',1,7000,4,'',1,3000,4,'',1,7000,4,'',1,3000,4,'',1,6600,4,'',1,3000,4,'',1,7000,4,'',1,3000,4,'',1,7000,4,'',1,2400,4,'',1,7000,4,'',1,3000,4,'',1,7000,4,'',1,3000,4,'',1,7000,4,'',1,3000,4,'',1,6500,4,'',1,3000,4,'',1
'Weekday',90000,51500,0,'Pickering',1,3000,0,'Pickering',1,7000,0,'Pickering',1,3000,0,'Pickering',1,7000,0,'Pickering',1,3000,0,'Pickering',1,7000,0,'Pickering',1,3000,0,'Pickering',1,7000,0,'Pickering',1,3000,0,'Pickering',1,7000,0,'Pickering',1,3000,0,'Pickering',1,7000,0,'Pickering',1,3000,0,'Pickering',1,7000,0,'Pickering',1,3000,0,'Pickering',1,7000,0,'Pickering',1,3000,0,'Pickering',1,7000,0,'Pickering',1,3000,0,'Pickering',1,7000,0,'Pickering',1,3000,0,'Pickering',1,7000,0,'Pickering',1,3000,0,'Pickering',1,7000,0,'Pickering',1,3000,0,'Pickering',1,7000,0,'Pickering',1,3000,0,'Pickering',1,7000,0,'Pickering',1,3000,0,'Pickering',1,7000,0,'Pickering',1,3000,0,'Pickering',1,7000,0,'Pickering',1,3000,0,'Pickering',1,7000,0,'Pickering',1,3000,0,'Pickering',1
'Weekday',90001,61500,4,'',1,3000,4,'',1,7000,4,'',1,3000,4,'',1,7000,4,'',1,2600,4,'',1,7000,4,'',1,3400,4,'',1,7000,4,'',1,2200,4,'',1,7000,4,'',1,3000,4,'',1,7000,4,'',1,3200,4,'',1,7000,4,'',1,3000,4,'',1,7000,4,'',1,3000,4,'',1,7000,4,'',1,3000,4,'',1,7000,4,'',1,3300,4,'',1,7000,4,'',1,3000,4,'',1,6900,4,'',1,3000,4,'',1,7100,4,'',1,3000,4,'',1,7000,4,'',1,3000,4,'',1,7000,4,'',1,2800,4,'',1,7000,4,'',1,3000,4,'',1,7100,4,'',1,3000,4,'',1
'Late Night Sat',1400000100,264500,,'',1,7000,,'',1,3000,,'',1,7000,,'',1
'Late Night Sat',1400000101,280700,4,'',1,3000,4,'',1,7000,4,'',1,3000,4,'',1
'Late Night Sun',1400000100,264500,,'',1,7000,,'',1,3000,,'',1,7000,,'',1
'Late Night Sun',1400000101,280700,4,'',1,3000,4,'',1,7000,4,'',1,3000,4,'',1
'Late Night Wkdy',1400000100,264500,,'',1,7000,,'',1,3000,,'',1,7000,,'',1
'Late Night Wkdy',1400000101,280700,4,'',1,3000,4,'',1,7000,4,'',1,3000,4,'',1
'Overnight All Days',1400000100,24500,,'',1,7000,,'',1,3000,,'',1,7000,,'',1
'Overnight All Days',1400000101,40700,4,'',1,3000,4,'',1,7000,4,'',1,3000,4,'',1
'Saturday',1400000100,231500,,'',1,3000,,'',1,7000,,'',1,3000,,'',1,7000,,'',1,3000,,'',1,7000,,'',1
'Saturday',1400000101,240700,4,'',1,3000,4,'',1,7000,4,'',1,3000,4,'',1,7000,4,'',1,3000,4,'',1,7000,4,'',1,3000,4,'',1
'Sunday',1400000100,231500,,'',1,3000,,'',1,7000,,'',1,3000,,'',1,7000,,'',1,3000,,'',1,7000,,'',1
'Sunday',1400000101,240700,4,'',1,3000,4,'',1,7000,4,'',1,3000,4,'',1,7000,4,'',1,3000,4,'',1,7000,4,'',1,3000,4,'',1
'Weekday',1400000100,231500,,'',1,3000,,'',1,7000,,'',1,3000,,'',1,7000,,'',1,3000,,'',1,7000,,'',1
'Weekday',1400000101,240700,4,'',1,3000,4,'',1,7000,4,'',1,3000,4,'',1,7000,4,'',1,3000,4,'',1,7000,4,'',1,3000,4,'',1
