'Weekdaymerged999973',10100,60300,,'',1,1900,4,'',1,500,,'',1,2000,4,'',1,800,,'',1,6000,4,'',1,1000,,'',1,2000,4,'',1,1000,,'',1,6200,4,'',1,800,,'',1,2000,4,'',1
'Weekdaymerged999973',10101,145500,,'',1,6000,4,'',1,1000,,'',1,2300,4,'',1,700,,'',1,6300,4,'',1,700,,'',1,2300,4,'',1,700,,'',1,6300,4,'',1,700,,'',1,2100,4,'',1,900,,'',1,6100,4,'',1,900,,'',1,2100,4,'',1
'Saturdaymerged999972',12000,71300,,'',1,3000,,'',1,7000,,'',1,3000,,'',1,7000,,'',1,3000,,'',1,7000,,'',1,3000,,'',1,7000,,'',1,3000,,'',1,7000,,'',1,3000,,'',1,7000,,'',1,3000,,'',1,7000,,'',1,3000,,'',1,7000,,'',1,3000,,'',1,7000,,'',1,3000,,'',1,7000,,'',1,3000,,'',1,7000,,'',1,3000,,'',1
'Saturdaymerged999972',12001,70900,4,'',1,3000,4,'',1,7000,4,'',1,3000,4,'',1,7000,4,'',1,3000,4,'',1,7000,4,'',1,3000,4,'',1,7000,4,'',1,3000,4,'',1,7000,4,'',1,3000,4,'',1,7000,4,'',1,3000,4,'',1,7100,4,'',1,3000,4,'',1,7000,4,'',1,3000,4,'',1,7000,4,'',1,3100,4,'',1,7000,4,'',1,3000,4,'',1,7000,4,'',1,2800,4,'',1,7000,4,'',1
'Statutorymerged999971',12000,71300,,'',1,3000,,'',1,7000,,'',1,3000,,'',1,7000,,'',1,3000,,'',1,7000,,'',1,3000,,'',1,7000,,'',1,3000,,'',1,7000,,'',1,3000,,'',1,7000,,'',1,3000,,'',1,7000,,'',1,3000,,'',1,7000,,'',1,3000,,'',1,7000,,'',1,3000,,'',1,7000,,'',1,3000,,'',1,7000,,'',1,3000,,'',1
'Statutorymerged999971',12001,80900,4,'',1,3000,4,'',1,7000,4,'',1,3000,4,'',1,7000,4,'',1,3000,4,'',1,7000,4,'',1,3000,4,'',1,7000,4,'',1,3000,4,'',1,7000,4,'',1,3000,4,'',1,7100,4,'',1,3000,4,'',1,7000,4,'',1,3000,4,'',1,7000,4,'',1,3000,4,'',1,7000,4,'',1,3000,4,'',1,7000,4,'',1,2900,4,'',1
'Weekdaymerged999973',12000,62300,,'',1,3000,,'',1,7000,,'',1,3000,,'',1,7000,,'',1,3000,,'',1,7000,,'',1,3000,,'',1,7000,,'',1,3000,,'',1,7000,,'',1,3000,,'',1,7000,,'',1,3000,,'',1,7000,,'',1,3000,,'',1,7000,,'',1,3000,,'',1,7000,,'',1,3000,,'',1,7000,,'',1,3000,,'',1,7000,,'',1,3000,,'',1,7000,,'',1,3000,,'',1,7000,,'',1,3000,,'',1,7400,,'',1,3000,,'',1,10000,,'',1
'Weekdaymerged999973',12001,62200,4,'',1,3000,4,'',1,7000,4,'',1,3000,4,'',1,7000,4,'',1,3000,4,'',1,7000,4,'',1,2800,4,'',1,7000,4,'',1,3000,4,'',1,7000,4,'',1,3000,4,'',1,7000,4,'',1,3000,4,'',1,7000,4,'',1,3000,4,'',1,7100,4,'',1,3000,4,'',1,7000,4,'',1,3000,4,'',1,7000,4,'',1,3000,4,'',1,7100,4,'',1,3000,4,'',1,7000,4,'',1,2900,4,'',1,7000,4,'',1,2800,4,'',1,7500,4,'',1,3000,4,'',1,10000,4,'',1
'Saturdaymerged999972',29100,104700,,'',1,20000,,'',1,19700,,'',1
'Saturdaymerged999972',29101,103700,4,'',1,19800,4,'',1,20300,4,'',1
'Weekdaymerged999973',29100,105100,,'',1,20000,,'',1,20000,,'',1
'Weekdaymerged999973',29101,104500,4,'',1,20000,4,'',1,20000,4,'',1
