'Saturdaymerged999973',40300,63000,,'',1,7000,,'',1,3000,,'',1,7000,,'',1,3000,,'',1,7000,,'',1,3000,,'',1,7000,,'',1,3000,,'',1,7000,,'',1,3000,,'',1,7000,,'',1,3000,,'',1,7000,,'',1,3000,,'',1,7000,,'',1,3000,,'',1,7000,,'',1,3000,,'',1,7000,,'',1,3000,,'',1,7000,,'',1,3000,,'',1,7000,,'',1,3000,,'',1,7000,,'',1,3000,,'',1,7000,,'',1,3000,,'',1,7000,,'',1,3000,,'',1
'Saturdaymerged999973',40301,62200,4,'',1,3000,4,'',1,7000,4,'',1,3000,4,'',1,7000,4,'',1,3000,4,'',1,7000,4,'',1,3100,4,'',1,7000,4,'',1,3000,4,'',1,7000,4,'',1,3000,4,'',1,7000,4,'',1,3000,4,'',1,7000,4,'',1,3000,4,'',1,7000,4,'',1,3000,4,'',1,7000,4,'',1,3000,4,'',1,7000,4,'',1,3000,4,'',1,7000,4,'',1,3000,4,'',1,7000,4,'',1,3000,4,'',1,7000,4,'',1,3000,4,'',1,7000,4,'',1,3000,4,'',1,7000,4,'',1,2600,4,'',1,6800,4,'',1
'Statutorymerged999972',40300,73000,,'',1,7000,,'',1,3000,,'',1,7000,,'',1,3000,,'',1,7000,,'',1,3000,,'',1,7000,,'',1,3000,,'',1,7000,,'',1,3000,,'',1,7000,,'',1,3000,,'',1,7000,,'',1,3000,,'',1,7000,,'',1,3000,,'',1,7000,,'',1,3000,,'',1,7000,,'',1,3000,,'',1,7000,,'',1,3000,,'',1,7000,,'',1,3000,,'',1,7000,,'',1,3000,,'',1
'Statutorymerged999972',40301,75200,4,'',1,7000,4,'',1,3000,4,'',1,7000,4,'',1,3100,4,'',1,7000,4,'',1,3000,4,'',1,7000,4,'',1,3000,4,'',1,7000,4,'',1,3000,4,'',1,7000,4,'',1,3000,4,'',1,7000,4,'',1,3000,4,'',1,7000,4,'',1,3000,4,'',1,7000,4,'',1,3000,4,'',1,7000,4,'',1,3000,4,'',1,7000,4,'',1,3000,4,'',1,7000,4,'',1,3000,4,'',1,7000,4,'',1,3000,4,'',1,7000,4,'',1
'Weekdaymerged999971',40300,61200,,'',1,3000,,'',1,7000,,'',1,3000,,'',1,7000,,'',1,3000,,'',1,7000,,'',1,3000,,'',1,7000,,'',1,3000,,'',1,7000,,'',1,3000,,'',1,7000,,'',1,3000,,'',1,7000,,'',1,3000,,'',1,7000,,'',1,3000,,'',1,7000,,'',1,3000,,'',1,7000,,'',1,3000,,'',1,7000,,'',1,3000,,'',1,7000,,'',1,3000,,'',1,7000,,'',1,3000,,'',1,7000,,'',1,3000,,'',1,7000,,'',1,3000,,'',1,7000,,'',1,3000,,'',1
'Weekdaymerged999971',40301,63200,4,'',1,7000,4,'',1,3000,4,'',1,7000,4,'',1,3000,4,'',1,7000,4,'',1,3000,4,'',1,7200,4,'',1,3000,4,'',1,7000,4,'',1,3000,4,'',1,7000,4,'',1,3000,4,'',1,7000,4,'',1,3000,4,'',1,7000,4,'',1,3000,4,'',1,7000,4,'',1,3000,4,'',1,7000,4,'',1,3000,4,'',1,7000,4,'',1,3000,4,'',1,7000,4,'',1,3000,4,'',1,7000,4,'',1,3000,4,'',1,7000,4,'',1,3000,4,'',1,7000,4,'',1,3000,4,'',1,7000,4,'',1,2800,4,'',1,7000,4,'',1
'Weekdaymerged999971',42100,61000,,'',1,3000,,'',1,7000,,'',1,2600,0,'C Courtice',1,7400,,'',1,3000,,'',1,86500,,'',1,3000,,'',1,7000,,'',1,3000,,'',1,7000,,'',1
'Weekdaymerged999971',42101,60000,4,'',1,3000,4,'',1,7000,4,'',1,3000,4,'',1,7000,4,'',1,3000,4,'',1,87000,4,'',1,3000,4,'',1,7000,4,'',1,3000,4,'',1,7000,4,'',1
'Saturdaymerged999973',90200,63000,,'',1,7000,,'',1,3000,,'',1,7000,,'',1,3000,,'',1,7000,,'',1,3000,,'',1,7000,,'',1,3000,,'',1,7000,,'',1,3000,,'',1,7000,,'',1,3000,,'',1,7000,,'',1,3000,,'',1,7000,,'',1,3000,,'',1,7000,,'',1,3000,,'',1,7000,,'',1,3000,,'',1,7000,,'',1,3000,,'',1,7000,,'',1,3000,,'',1,7000,,'',1,3000,,'',1,7000,,'',1,3000,,'',1,7000,,'',1,3000,,'',1,7000,,'',1,3000,,'',1,7000,,'',1
'Saturdaymerged999973',90201,62200,4,'',1,3000,4,'',1,7000,4,'',1,3000,4,'',1,7300,4,'',1,3000,4,'',1,7000,4,'',1,3000,4,'',1,6700,4,'',1,3000,4,'',1,7000,4,'',1,3000,4,'',1,7000,4,'',1,3000,4,'',1,7000,4,'',1,3000,4,'',1,7000,4,'',1,3000,4,'',1,7000,4,'',1,3000,4,'',1,7000,4,'',1,3000,4,'',1,7000,4,'',1,3000,4,'',1,7000,4,'',1,3000,4,'',1,7000,4,'',1,3000,4,'',1,7000,4,'',1,3000,4,'',1,7000,4,'',1,3000,4,'',1,7000,4,'',1,3000,4,'',1,7000,4,'',1
'Statutorymerged999972',90200,70000,,'',1,3000,,'',1,7000,,'',1,3000,,'',1,7000,,'',1,3000,,'',1,7000,,'',1,3000,,'',1,7000,,'',1,3000,,'',1,7000,,'',1,3000,,'',1,7000,,'',1,3000,,'',1,7000,,'',1,3000,,'',1,7000,,'',1,3000,,'',1,7000,,'',1,3000,,'',1,7000,,'',1,3000,,'',1,7000,,'',1,3000,,'',1,7000,,'',1,3000,,'',1,7000,,'',1,3000,,'',1,7000,,'',1,3000,,'',1,7000,,'',1,3000,,'',1,7000,,'',1
'Statutorymerged999972',90201,65200,4,'',1,7000,4,'',1,3000,4,'',1,7300,4,'',1,3000,4,'',1,7000,4,'',1,3000,4,'',1,6700,4,'',1,3000,4,'',1,7000,4,'',1,3000,4,'',1,7000,4,'',1,3000,4,'',1,7000,4,'',1,3000,4,'',1,7000,4,'',1,3000,4,'',1,7000,4,'',1,3000,4,'',1,7000,4,'',1,3000,4,'',1,7000,4,'',1,3000,4,'',1,7000,4,'',1,3000,4,'',1,7000,4,'',1,3000,4,'',1,7000,4,'',1,3000,4,'',1,7000,4,'',1,3000,4,'',1,7000,4,'',1,3000,4,'',1,7000,4,'',1
'WeekdayReg',90201,144700,4,'',1
'Weekdaymerged999971',90200,61200,,'',1,3000,,'',1,7000,,'',1,1500,0,'B Courtice',1,1500,,'',1,1500,0,'B Courtice',1,5500,,'',1,1500,0,'B Courtice',1,1500,,'',1,1500,0,'B Courtice',1,5500,,'',1,1500,0,'B Courtice',1,1500,,'',1,1500,0,'B Courtice',1,5500,,'',1,1500,0,'B Courtice',1,1500,,'',1,1500,0,'B Courtice',1,5500,,'',1,1500,0,'B Courtice',1,1500,,'',1,1500,0,'B Courtice',1,5500,,'',1,1500,0,'B Courtice',1,1500,,'',1,1500,0,'B Courtice',1,5500,,'',1,1500,0,'B Courtice',1,1500,,'',1,1500,0,'B Courtice',1,5500,,'',1,1500,0,'B Courtice',1,1500,,'',1,1500,0,'B Courtice',1,5500,,'',1,1500,0,'B Courtice',1,1500,,'',1,1500,0,'B Courtice',1,5500,,'',1,1500,0,'B Courtice',1,1500,,'',1,1500,0,'B Courtice',1,5500,,'',1,1500,0,'B Courtice',1,1500,,'',1,1500,0,'B Courtice',1,5500,,'',1,1500,0,'B Courtice',1,1500,,'',1,1500,0,'B Courtice',1,5500,,'',1,3000,,'',1,7000,,'',1,3000,,'',1,7000,,'',1,3000,,'',1,7000,,'',1,3000,,'',1,7000,,'',1
'Weekdaymerged999971',90201,53200,4,'',1,7000,4,'',1,3000,4,'',1,7000,4,'',1,1300,4,'',1,1700,4,'',1,1300,4,'',1,5700,4,'',1,1300,4,'',1,1700,4,'',1,1300,4,'',1,5700,4,'',1,1300,4,'',1,1700,4,'',1,1300,4,'',1,5700,4,'',1,1300,4,'',1,1700,4,'',1,1300,4,'',1,5700,4,'',1,1300,4,'',1,1700,4,'',1,1300,4,'',1,5800,4,'',1,1200,4,'',1,1800,4,'',1,1200,4,'',1,5800,4,'',1,1200,4,'',1,1800,4,'',1,1200,4,'',1,5800,4,'',1,1200,4,'',1,1800,4,'',1,7000,4,'',1,1200,4,'',1,1800,4,'',1,1200,4,'',1,5800,4,'',1,1200,4,'',1,1800,4,'',1,1200,4,'',1,5800,4,'',1,1200,4,'',1,1800,4,'',1,1200,4,'',1,5800,4,'',1,1200,4,'',1,1700,4,'',1,1300,4,'',1,5700,4,'',1,3000,4,'',1,7000,4,'',1,2800,4,'',1,7000,4,'',1,3000,4,'',1,2800,4,'',1,7000,4,'',1,3000,4,'',1
