'Saturdaymerged999972',90001,61430,4,'',1,3000,4,'',1,7000,4,'',1,3000,4,'',1,7600,4,'',1,3000,4,'',1,7000,4,'',1,3000,4,'',1,7000,4,'',1,3600,4,'',1,7000,4,'',1,3000,4,'',1,7000,4,'',1,3000,4,'',1,7000,4,'',1,3000,4,'',1,7000,4,'',1,3000,4,'',1,7000,4,'',1,3000,4,'',1,7000,4,'',1,2600,4,'',1,7000,4,'',1,3000,4,'',1,7000,4,'',1,3000,4,'',1,7000,4,'',1,2400,4,'',1,7000,4,'',1,3000,4,'',1,7000,4,'',1,3000,4,'',1,7000,4,'',1,3000,4,'',1,6510,4,'',1,3000,4,'',1
'Sundaymerged999973',90001,61630,4,'',1,3000,4,'',1,7000,4,'',1,3000,4,'',1,7000,4,'',1,3000,4,'',1,7000,4,'',1,3000,4,'',1,7000,4,'',1,3500,4,'',1,7000,4,'',1,3000,4,'',1,7000,4,'',1,3000,4,'',1,7400,4,'',1,3000,4,'',1,7000,4,'',1,3000,4,'',1,7000,4,'',1,3000,4,'',1,7000,4,'',1,3000,4,'',1,6600,4,'',1,3000,4,'',1,7000,4,'',1,3000,4,'',1,7000,4,'',1,2400,4,'',1,7000,4,'',1,3000,4,'',1,7000,4,'',1,3000,4,'',1,7000,4,'',1,3000,4,'',1,6510,4,'',1,3000,4,'',1
'Weekdaymerged999974',90001,61430,4,'',1,3000,4,'',1,7000,4,'',1,3000,4,'',1,7000,4,'',1,2600,4,'',1,7000,4,'',1,3400,4,'',1,7000,4,'',1,2200,4,'',1,7000,4,'',1,3000,4,'',1,7000,4,'',1,3200,4,'',1,7000,4,'',1,3000,4,'',1,7000,4,'',1,3000,4,'',1,7000,4,'',1,3000,4,'',1,7000,4,'',1,3300,4,'',1,7000,4,'',1,3000,4,'',1,6900,4,'',1,3000,4,'',1,7100,4,'',1,3000,4,'',1,7000,4,'',1,3000,4,'',1,7000,4,'',1,2800,4,'',1,7000,4,'',1,3000,4,'',1,7100,4,'',1,3000,4,'',1
'Late Night Satmerged999971',1400000101,280320,4,'',1,3000,4,'',1,7000,4,'',1,3000,4,'',1
'Late Night Sunmerged999978',1400000101,280320,4,'',1,3000,4,'',1,7000,4,'',1,3000,4,'',1
'Late Night Wkdymerged999976',1400000101,280320,4,'',1,3000,4,'',1,7000,4,'',1,3000,4,'',1
'Overnight All Daysmerged999969',1400000101,40320,4,'',1,3000,4,'',1,7000,4,'',1,3000,4,'',1
'Saturdaymerged999972',1400000101,240320,4,'',1,3000,4,'',1,7000,4,'',1,3000,4,'',1,7000,4,'',1,3000,4,'',1,7000,4,'',1,3000,4,'',1
'Sundaymerged999973',1400000101,240320,4,'',1,3000,4,'',1,7000,4,'',1,3000,4,'',1,7000,4,'',1,3000,4,'',1,7000,4,'',1,3000,4,'',1
'Weekdaymerged999974',1400000101,240320,4,'',1,3000,4,'',1,7000,4,'',1,3000,4,'',1,7000,4,'',1,3000,4,'',1,7000,4,'',1,3000,4,'',1
