'Saturdaymerged999984',90001,61120,4,'',1,3000,4,'',1,7000,4,'',1,3000,4,'',1,7590,4,'',1,3000,4,'',1,7000,4,'',1,3000,4,'',1,7000,4,'',1,3540,4,'',1,7000,4,'',1,3000,4,'',1,7000,4,'',1,3000,4,'',1,7000,4,'',1,3000,4,'',1,7000,4,'',1,3000,4,'',1,7000,4,'',1,3000,4,'',1,7000,4,'',1,2660,4,'',1,7000,4,'',1,3000,4,'',1,7000,4,'',1,3000,4,'',1,7000,4,'',1,2400,4,'',1,7000,4,'',1,3000,4,'',1,7000,4,'',1,3000,4,'',1,7000,4,'',1,3000,4,'',1,6630,4,'',1,3000,4,'',1
'Sundaymerged999985',90001,61320,4,'',1,3000,4,'',1,7000,4,'',1,3000,4,'',1,7000,4,'',1,3000,4,'',1,7000,4,'',1,3000,4,'',1,7000,4,'',1,3430,4,'',1,7000,4,'',1,3000,4,'',1,7000,4,'',1,3000,4,'',1,7400,4,'',1,3000,4,'',1,7000,4,'',1,3000,4,'',1,7000,4,'',1,3000,4,'',1,7000,4,'',1,3000,4,'',1,6600,4,'',1,3000,4,'',1,7000,4,'',1,3000,4,'',1,7000,4,'',1,2460,4,'',1,7000,4,'',1,3000,4,'',1,7000,4,'',1,3000,4,'',1,7000,4,'',1,3000,4,'',1,6630,4,'',1,3000,4,'',1
'Weekdaymerged999986',90001,61030,4,'',1,3000,4,'',1,7000,4,'',1,3000,4,'',1,7000,4,'',1,2600,4,'',1,7000,4,'',1,3420,4,'',1,7000,4,'',1,2200,4,'',1,7000,4,'',1,3000,4,'',1,7000,4,'',1,3180,4,'',1,7000,4,'',1,3000,4,'',1,7000,4,'',1,3000,4,'',1,7000,4,'',1,3000,4,'',1,7000,4,'',1,3300,4,'',1,7000,4,'',1,3000,4,'',1,6900,4,'',1,3000,4,'',1,7120,4,'',1,3000,4,'',1,7000,4,'',1,3000,4,'',1,7000,4,'',1,2800,4,'',1,7000,4,'',1,3000,4,'',1,7190,4,'',1,3000,4,'',1
'Late Night Satmerged999983',1400000101,280040,4,'',1,3000,4,'',1,7000,4,'',1,3000,4,'',1
'Late Night Sunmerged999990',1400000101,280040,4,'',1,3000,4,'',1,7000,4,'',1,3000,4,'',1
'Late Night Wkdymerged999988',1400000101,280040,4,'',1,3000,4,'',1,7000,4,'',1,3000,4,'',1
'Overnight All Daysmerged999981',1400000101,40040,4,'',1,3000,4,'',1,7000,4,'',1,3000,4,'',1
'Saturdaymerged999984',1400000101,240040,4,'',1,3000,4,'',1,7000,4,'',1,3000,4,'',1,7000,4,'',1,3000,4,'',1,7000,4,'',1,3000,4,'',1
'Sundaymerged999985',1400000101,240040,4,'',1,3000,4,'',1,7000,4,'',1,3000,4,'',1,7000,4,'',1,3000,4,'',1,7000,4,'',1,3000,4,'',1
'Weekdaymerged999986',1400000101,240040,4,'',1,3000,4,'',1,7000,4,'',1,3000,4,'',1,7000,4,'',1,3000,4,'',1,7000,4,'',1,3000,4,'',1
