10101,2549,1,0
10101,3323,2,0
10101,1986,3,0
10101,1842,4,0
10101,1832,5,0
10101,93234,6,0
10101,93235,7,0
10101,1701,8,0
10101,1702,9,0
10101,1703,10,0
10101,1705,11,0
10101,1706,12,0
10101,1707,13,0
10101,1708,14,0
10101,1709,15,0
10101,1710,16,0
10101,1711,17,0
10101,1712,18,0
10101,1713,19,0
10101,1714,20,0
10101,1715,21,0
10101,1716,22,0
10101,1719,23,0
10101,1720,24,0
10101,1766,25,0
10101,1767,26,0
10101,1768,27,0
10101,1769,28,0
10101,1770,29,0
10101,1771,30,1
11200,93279,1,0
11200,93176,2,0
11200,3571,3,0
11200,3572,4,0
11200,3573,5,0
11200,3368,6,0
11200,93441,7,0
11200,93458,8,0
11200,1849,9,0
11200,1850,10,0
11200,1851,11,0
11200,1852,12,0
11200,1853,13,0
11200,1854,14,0
11200,1855,15,0
11200,1856,16,0
11200,1857,17,0
11200,1858,18,0
11200,1859,19,0
11200,1860,20,0
11200,1861,21,0
11200,93191,22,0
11200,1726,23,0
11200,1727,24,0
11200,1728,25,0
11200,1766,26,0
11200,1767,27,0
11200,1768,28,0
11200,1769,29,0
11200,1770,30,0
11200,1771,31,0
11200,2549,32,1
11201,2549,1,0
11201,1695,2,0
11201,1760,3,0
11201,1761,4,0
11201,1762,5,0
11201,1722,6,0
11201,93440,7,0
11201,1723,8,0
11201,1724,9,0
11201,3560,10,0
11201,1846,11,0
11201,1847,12,0
11201,93384,13,0
11201,93494,14,0
11201,93385,15,0
11201,93386,16,0
11201,93387,17,0
11201,93388,18,0
11201,93389,19,0
11201,93390,20,0
11201,93435,21,0
11201,93457,22,0
11201,93442,23,0
11201,93279,24,1
12000,1751,1,0
12000,1752,2,0
12000,1753,3,0
12000,1754,4,0
12000,1755,5,0
12000,93214,6,0
12000,1756,7,0
12000,1757,8,0
12000,1758,9,0
12000,1759,10,0
12000,93216,11,0
12000,93218,12,0
12000,93220,13,0
12000,93222,14,0
12000,93223,15,0
12000,93224,16,0
12000,1673,17,0
12000,1674,18,0
12000,1675,19,0
12000,1689,20,0
12000,1690,21,0
12000,1691,22,0
12000,1692,23,0
12000,1693,24,0
12000,1694,25,0
12000,2549,26,1
12001,2549,1,0
12001,1772,2,0
12001,1773,3,0
12001,1774,4,0
12001,1645,5,0
12001,1662,6,0
12001,1663,7,0
12001,1664,8,0
12001,1685,9,0
12001,1686,10,0
12001,1687,11,0
12001,93221,12,0
12001,93219,13,0
12001,93217,14,0
12001,1743,15,0
12001,1744,16,0
12001,1745,17,0
12001,1746,18,0
12001,1747,19,0
12001,1748,20,0
12001,1749,21,0
12001,1750,22,0
12001,1751,23,1
21600,2569,1,0
21600,2331,2,0
21600,2332,3,0
21600,2333,4,0
21600,2334,5,0
21600,2335,6,0
21600,2074,7,0
21600,2155,8,0
21600,2156,9,0
21600,2157,10,0
21600,2158,11,0
21600,2159,12,0
21600,2160,13,0
21600,2161,14,0
21600,2162,15,0
21600,2163,16,0
21600,2164,17,0
21600,2136,18,0
21600,2137,19,0
21600,2138,20,0
21600,2139,21,0
21600,93141,22,0
21600,93140,23,0
21600,2398,24,0
21600,2399,25,0
21600,2400,26,0
21600,93138,27,1
21601,93137,1,0
21601,2406,2,0
21601,2407,3,0
21601,93139,4,0
21601,93031,5,0
21601,93142,6,0
21601,2140,7,0
21601,2141,8,0
21601,2142,9,0
21601,2143,10,0
21601,2144,11,0
21601,2145,12,0
21601,2146,13,0
21601,2147,14,0
21601,2148,15,0
21601,2149,16,0
21601,2151,17,0
21601,2152,18,0
21601,2153,19,0
21601,2154,20,0
21601,2076,21,0
21601,91000,22,0
21601,2326,23,0
21601,2327,24,0
21601,2328,25,0
21601,2329,26,0
21601,2330,27,0
21601,2569,28,1
21700,2569,1,0
21700,2331,2,0
21700,2332,3,0
21700,2333,4,0
21700,92045,5,0
21700,2052,6,0
21700,2053,7,0
21700,2054,8,0
21700,2055,9,0
21700,92046,10,0
21700,92047,11,0
21700,2109,12,0
21700,2110,13,0
21700,3091,14,0
21700,3090,15,0
21700,3259,16,0
21700,2276,17,0
21700,2026,18,0
21700,2027,19,0
21700,2028,20,0
21700,2084,21,1
21701,3174,1,0
21701,3087,2,0
21701,3088,3,0
21701,3089,4,0
21701,3258,5,0
21701,2011,6,0
21701,2012,7,0
21701,2719,8,0
21701,3092,9,0
21701,3093,10,0
21701,3094,11,0
21701,3095,12,0
21701,3096,13,0
21701,3097,14,0
21701,3098,15,0
21701,3099,16,0
21701,2327,17,0
21701,2328,18,0
21701,2329,19,0
21701,2330,20,0
21701,2569,21,1
22300,1915,1,0
22300,93112,2,0
22300,1741,3,0
22300,2549,4,0
22300,1695,5,0
22300,1760,6,0
22300,1761,7,0
22300,1762,8,0
22300,1763,9,0
22300,1764,10,0
22300,2004,11,0
22300,2299,12,0
22300,2280,13,0
22300,2281,14,0
22300,2569,15,0
22300,2574,16,0
22300,2269,17,0
22300,2300,18,0
22300,2301,19,0
22300,2302,20,0
22300,2303,21,0
22300,2304,22,0
22300,2305,23,0
22300,2306,24,0
22300,2307,25,0
22300,2308,26,0
22300,2309,27,0
22300,2718,28,0
22300,2310,29,0
22300,3060,30,0
22300,3061,31,0
22300,3062,32,0
22300,3554,33,0
22300,3063,34,0
22300,3509,35,0
22300,3064,36,0
22300,3066,37,0
22300,3067,38,0
22300,2717,39,0
22300,2088,40,0
22300,2089,41,0
22300,3174,42,1
22301,2084,1,0
22301,3068,2,0
22301,3069,3,0
22301,3070,4,0
22301,2039,5,0
22301,2041,6,0
22301,2046,7,0
22301,2048,8,0
22301,93491,9,0
22301,3555,10,0
22301,2050,11,0
22301,2051,12,0
22301,93158,13,0
22301,93159,14,0
22301,2311,15,0
22301,2312,16,0
22301,2313,17,0
22301,2314,18,0
22301,2315,19,0
22301,2316,20,0
22301,2317,21,0
22301,2318,22,0
22301,2319,23,0
22301,2320,24,0
22301,2321,25,0
22301,2322,26,0
22301,2280,27,0
22301,2281,28,0
22301,2569,29,0
22301,2574,30,0
22301,2269,31,0
22301,2270,32,0
22301,2324,33,0
22301,2323,34,0
22301,1765,35,0
22301,1766,36,0
22301,1767,37,0
22301,1768,38,0
22301,1769,39,0
22301,1770,40,0
22301,1771,41,0
22301,2549,42,0
22301,1729,43,0
22301,1730,44,0
22301,93542,45,0
22301,1915,46,1
22400,2569,1,0
22400,2331,2,0
22400,2332,3,0
22400,2333,4,0
22400,2351,5,0
22400,2352,6,0
22400,2076,7,0
22400,91000,8,0
22400,2078,9,0
22400,2079,10,0
22400,2080,11,0
22400,2081,12,0
22400,2082,13,0
22400,2083,14,0
22400,3083,15,0
22400,3253,16,0
22400,3084,17,0
22400,3085,18,0
22400,3086,19,0
22400,2092,20,0
22400,2093,21,0
22400,2094,22,0
22400,2095,23,0
22400,2096,24,0
22400,2097,25,0
22400,3048,26,0
22400,3049,27,0
22400,3265,28,0
22400,92054,29,0
22400,93152,30,0
22400,93150,31,0
22400,93148,32,0
22400,93146,33,0
22400,3043,34,0
22400,3041,35,0
22400,3039,36,0
22400,93161,37,0
22400,93137,38,1
22401,93138,1,0
22401,92064,2,0
22401,93160,3,0
22401,3038,4,0
22401,3042,5,0
22401,93145,6,0
22401,93147,7,0
22401,3028,8,0
22401,93149,9,0
22401,93151,10,0
22401,92071,11,0
22401,92075,12,0
22401,3266,13,0
22401,3052,14,0
22401,3053,15,0
22401,3054,16,0
22401,3055,17,0
22401,3056,18,0
22401,3057,19,0
22401,3058,20,0
22401,3059,21,0
22401,2029,22,0
22401,2030,23,0
22401,2031,24,0
22401,2032,25,0
22401,2058,26,0
22401,2065,27,0
22401,2066,28,0
22401,3231,29,0
22401,2067,30,0
22401,2068,31,0
22401,2069,32,0
22401,2070,33,0
22401,2072,34,0
22401,2073,35,0
22401,2074,36,0
22401,93121,37,0
22401,93122,38,0
22401,93123,39,0
22401,2328,40,0
22401,2329,41,0
22401,2330,42,0
22401,2569,43,1
29100,2276,1,0
29100,3083,2,0
29100,2059,3,0
29100,2060,4,0
29100,2061,5,0
29100,2062,6,0
29100,2063,7,0
29100,2064,8,0
29100,2065,9,0
29100,2066,10,0
29100,3231,11,0
29100,2067,12,0
29100,2068,13,0
29100,2069,14,0
29100,3615,15,0
29100,2070,16,0
29100,2317,17,0
29100,2326,18,0
29100,92045,19,0
29100,2304,20,0
29100,2305,21,0
29100,3327,22,0
29100,2336,23,0
29100,2155,24,0
29100,2156,25,0
29100,2157,26,0
29100,2241,27,0
29100,2242,28,0
29100,1940,29,0
29100,1591,30,0
29100,90003,31,0
29100,2151,32,0
29100,1594,33,0
29100,1595,34,0
29100,1596,35,0
29100,1597,36,0
29100,2285,37,0
29100,2286,38,0
29100,2287,39,0
29100,2288,40,0
29100,93143,41,0
29100,93057,42,0
29100,93015,43,0
29100,93016,44,0
29100,3296,45,0
29100,2166,46,0
29100,2204,47,0
29100,2205,48,0
29100,2206,49,0
29100,2207,50,0
29100,2208,51,0
29100,2720,52,0
29100,2209,53,0
29100,1601,54,0
29100,1602,55,0
29100,1603,56,0
29100,1604,57,0
29100,1607,58,0
29100,1915,59,0
29100,1909,60,1
29101,1909,1,0
29101,1911,2,0
29101,1912,3,0
29101,1786,4,0
29101,1787,5,0
29101,1789,6,0
29101,1790,7,0
29101,93048,8,0
29101,2233,9,0
29101,3229,10,0
29101,92009,11,0
29101,92010,12,0
29101,92011,13,0
29101,92012,14,0
29101,92013,15,0
29101,92014,16,0
29101,92015,17,0
29101,92016,18,0
29101,92017,19,0
29101,2167,20,0
29101,2168,21,0
29101,2258,22,0
29101,2259,23,0
29101,2260,24,0
29101,2261,25,0
29101,2262,26,0
29101,2263,27,0
29101,2264,28,0
29101,3029,29,0
29101,2238,30,0
29101,2240,31,0
29101,2241,32,0
29101,2242,33,0
29101,1940,34,0
29101,1591,35,0
29101,90003,36,0
29101,2151,37,0
29101,2152,38,0
29101,2153,39,0
29101,2154,40,0
29101,2076,41,0
29101,91000,42,0
29101,3332,43,0
29101,2326,44,0
29101,92045,45,0
29101,2304,46,0
29101,2305,47,0
29101,3329,48,0
29101,3330,49,0
29101,3328,50,0
29101,2056,51,0
29101,2276,52,1
30200,3548,1,0
30200,3547,2,0
30200,3546,3,0
30200,3545,4,0
30200,3543,5,0
30200,3544,6,0
30200,514,7,0
30200,513,8,0
30200,512,9,0
30200,511,10,0
30200,3627,11,0
30200,3549,12,0
30200,535,13,0
30200,191,14,0
30200,93040,15,0
30200,192,16,0
30200,193,17,0
30200,194,18,0
30200,195,19,0
30200,196,20,0
30200,197,21,0
30200,198,22,0
30200,199,23,0
30200,200,24,0
30200,201,25,0
30200,202,26,0
30200,203,27,0
30200,204,28,0
30200,205,29,0
30200,206,30,0
30200,207,31,0
30200,208,32,0
30200,209,33,0
30200,210,34,0
30200,211,35,0
30200,212,36,0
30200,213,37,0
30200,214,38,0
30200,215,39,0
30200,216,40,0
30200,217,41,0
30200,2576,42,1
30201,2576,1,0
30201,166,2,0
30201,167,3,0
30201,168,4,0
30201,169,5,0
30201,170,6,0
30201,171,7,0
30201,172,8,0
30201,173,9,0
30201,174,10,0
30201,175,11,0
30201,176,12,0
30201,177,13,0
30201,179,14,0
30201,180,15,0
30201,181,16,0
30201,182,17,0
30201,183,18,0
30201,184,19,0
30201,185,20,0
30201,186,21,0
30201,187,22,0
30201,188,23,0
30201,189,24,0
30201,93041,25,0
30201,190,26,0
30201,490,27,0
30201,491,28,0
30201,3630,29,0
30201,3631,30,0
30201,3632,31,0
30201,497,32,0
30201,3617,33,0
30201,3618,34,0
30201,505,35,0
30201,506,36,0
30201,507,37,0
30201,3548,38,1
30400,698,1,0
30400,2712,2,0
30400,705,3,0
30400,3557,4,0
30400,3633,5,0
30400,93553,6,0
30400,499,7,0
30400,500,8,0
30400,501,9,0
30400,502,10,0
30400,503,11,0
30400,504,12,0
30400,505,13,0
30400,506,14,0
30400,507,15,0
30400,3625,16,0
30400,3626,17,0
30400,3627,18,0
30400,3630,19,0
30400,3631,20,0
30400,3632,21,0
30400,3628,22,0
30400,3629,23,0
30400,3611,24,0
30400,242,25,0
30400,243,26,0
30400,244,27,0
30400,245,28,0
30400,246,29,0
30400,247,30,0
30400,248,31,0
30400,249,32,0
30400,250,33,0
30400,251,34,0
30400,253,35,0
30400,254,36,0
30400,255,37,0
30400,256,38,0
30400,257,39,0
30400,93434,40,0
30400,258,41,0
30400,259,42,0
30400,3599,43,0
30400,393,44,0
30400,161,45,0
30400,162,46,0
30400,163,47,0
30400,164,48,0
30400,165,49,0
30400,85,50,0
30400,86,51,0
30400,87,52,0
30400,216,53,0
30400,217,54,0
30400,2576,55,1
30401,2576,1,0
30401,166,2,0
30401,167,3,0
30401,153,4,0
30401,154,5,0
30401,155,6,0
30401,156,7,0
30401,157,8,0
30401,158,9,0
30401,159,10,0
30401,160,11,0
30401,432,12,0
30401,225,13,0
30401,226,14,0
30401,93433,15,0
30401,227,16,0
30401,228,17,0
30401,229,18,0
30401,230,19,0
30401,231,20,0
30401,232,21,0
30401,233,22,0
30401,234,23,0
30401,235,24,0
30401,236,25,0
30401,237,26,0
30401,238,27,0
30401,239,28,0
30401,240,29,0
30401,3610,30,0
30401,3619,31,0
30401,520,32,0
30401,521,33,0
30401,522,34,0
30401,523,35,0
30401,492,36,0
30401,93480,37,0
30401,93481,38,0
30401,93482,39,0
30401,93484,40,0
30401,93485,41,0
30401,3621,42,0
30401,3622,43,0
30401,3623,44,0
30401,3624,45,0
30401,93026,46,0
30401,3556,47,0
30401,3542,48,0
30401,90076,49,0
30401,698,50,1
30500,383,1,0
30500,384,2,0
30500,293,3,0
30500,294,4,0
30500,295,5,0
30500,3420,6,0
30500,3421,7,0
30500,3409,8,0
30500,3410,9,0
30500,3411,10,0
30500,3412,11,0
30500,3413,12,0
30500,3414,13,0
30500,3415,14,0
30500,310,15,0
30500,311,16,0
30500,312,17,0
30500,313,18,0
30500,314,19,0
30500,315,20,0
30500,316,21,0
30500,317,22,0
30500,93242,23,0
30500,321,24,0
30500,322,25,0
30500,323,26,0
30500,324,27,0
30500,325,28,0
30500,326,29,0
30500,327,30,0
30500,328,31,0
30500,329,32,0
30500,2576,33,1
30501,2576,1,0
30501,260,2,0
30501,261,3,0
30501,330,4,0
30501,332,5,0
30501,333,6,0
30501,334,7,0
30501,335,8,0
30501,336,9,0
30501,272,10,0
30501,273,11,0
30501,274,12,0
30501,275,13,0
30501,276,14,0
30501,277,15,0
30501,278,16,0
30501,279,17,0
30501,309,18,0
30501,280,19,0
30501,281,20,0
30501,282,21,0
30501,283,22,0
30501,93185,23,0
30501,93186,24,0
30501,3106,25,0
30501,3107,26,0
30501,290,27,0
30501,292,28,0
30501,383,29,1
30800,58,1,0
30800,3588,2,0
30800,93059,3,0
30800,59,4,0
30800,3101,5,0
30800,3102,6,0
30800,3103,7,0
30800,3104,8,0
30800,3105,9,0
30800,93115,10,0
30800,63,11,0
30800,64,12,0
30800,2576,13,1
30801,2576,1,0
30801,42,2,0
30801,43,3,0
30801,44,4,0
30801,90007,5,0
30801,45,6,0
30801,47,7,0
30801,3100,8,0
30801,54,9,0
30801,56,10,0
30801,57,11,0
30801,93058,12,0
30801,58,13,1
40100,698,1,0
40100,706,2,0
40100,708,3,0
40100,709,4,0
40100,710,5,0
40100,711,6,0
40100,712,7,0
40100,713,8,0
40100,714,9,0
40100,715,10,0
40100,716,11,0
40100,717,12,0
40100,718,13,0
40100,650,14,0
40100,651,15,0
40100,652,16,0
40100,653,17,0
40100,93007,18,0
40100,654,19,0
40100,655,20,0
40100,656,21,0
40100,657,22,0
40100,658,23,0
40100,659,24,0
40100,660,25,0
40100,661,26,0
40100,662,27,0
40100,663,28,0
40100,664,29,0
40100,665,30,0
40100,1106,31,0
40100,3598,32,0
40100,1107,33,0
40100,3108,34,0
40100,3109,35,0
40100,3110,36,0
40100,3111,37,0
40100,1096,38,0
40100,666,39,0
40100,667,40,0
40100,3567,41,0
40100,3569,42,0
40100,3570,43,0
40100,1023,44,0
40100,1024,45,0
40100,1025,46,0
40100,1026,47,0
40100,1027,48,0
40100,1028,49,0
40100,93028,50,0
40100,1029,51,1
40101,1029,1,0
40101,1030,2,0
40101,1031,3,0
40101,1032,4,0
40101,1033,5,0
40101,986,6,0
40101,987,7,0
40101,988,8,0
40101,989,9,0
40101,1020,10,0
40101,1096,11,0
40101,1097,12,0
40101,90015,13,0
40101,668,14,0
40101,669,15,0
40101,670,16,0
40101,671,17,0
40101,672,18,0
40101,673,19,0
40101,674,20,0
40101,675,21,0
40101,93178,22,0
40101,676,23,0
40101,677,24,0
40101,678,25,0
40101,679,26,0
40101,680,27,0
40101,681,28,0
40101,682,29,0
40101,683,30,0
40101,605,31,0
40101,684,32,0
40101,685,33,0
40101,686,34,0
40101,687,35,0
40101,689,36,0
40101,690,37,0
40101,691,38,0
40101,692,39,0
40101,693,40,0
40101,694,41,0
40101,695,42,0
40101,93086,43,0
40101,697,44,0
40101,698,45,1
40200,1217,1,0
40200,1218,2,0
40200,1219,3,0
40200,1220,4,0
40200,1221,5,0
40200,1222,6,0
40200,1223,7,0
40200,1133,8,0
40200,1134,9,0
40200,1135,10,0
40200,1136,11,0
40200,1137,12,0
40200,1156,13,0
40200,1157,14,0
40200,1158,15,0
40200,1159,16,0
40200,1160,17,0
40200,1161,18,0
40200,1162,19,0
40200,1163,20,0
40200,1164,21,0
40200,1165,22,0
40200,1166,23,0
40200,1167,24,0
40200,1359,25,0
40200,1360,26,0
40200,1361,27,0
40200,1274,28,0
40200,1275,29,0
40200,2595,30,1
40201,2595,1,0
40201,1290,2,0
40201,1291,3,0
40201,1363,4,0
40201,1364,5,0
40201,1181,6,0
40201,1183,7,0
40201,2603,8,0
40201,1242,9,0
40201,1185,10,0
40201,1243,11,0
40201,1186,12,0
40201,1187,13,0
40201,1188,14,0
40201,1189,15,0
40201,1190,16,0
40201,1191,17,0
40201,1192,18,0
40201,1193,19,0
40201,1194,20,0
40201,1195,21,0
40201,1196,22,0
40201,1197,23,0
40201,1198,24,0
40201,1199,25,0
40201,1200,26,0
40201,1224,27,0
40201,1225,28,0
40201,1244,29,0
40201,93111,30,0
40201,93338,31,0
40201,1214,32,0
40201,1215,33,0
40201,1216,34,0
40201,1217,35,0
40201,93323,36,1
40300,2585,1,0
40300,262,2,0
40300,318,3,0
40300,319,4,0
40300,320,5,0
40300,93243,6,0
40300,93463,7,0
40300,93465,8,0
40300,93459,9,0
40300,93461,10,0
40300,93246,11,0
40300,939,12,0
40300,960,13,0
40300,961,14,0
40300,962,15,0
40300,963,16,0
40300,964,17,0
40300,965,18,0
40300,995,19,0
40300,996,20,0
40300,997,21,0
40300,998,22,0
40300,999,23,0
40300,1000,24,0
40300,1001,25,0
40300,1002,26,0
40300,1003,27,0
40300,1055,28,0
40300,1004,29,0
40300,1005,30,0
40300,1006,31,0
40300,1007,32,0
40300,1008,33,0
40300,1132,34,0
40300,1276,35,0
40300,1277,36,0
40300,1278,37,0
40300,2595,38,1
40301,2595,1,0
40301,1287,2,0
40301,1288,3,0
40301,1289,4,0
40301,1362,5,0
40301,1009,6,0
40301,1010,7,0
40301,1011,8,0
40301,1012,9,0
40301,1013,10,0
40301,1091,11,0
40301,1014,12,0
40301,1015,13,0
40301,1016,14,0
40301,1017,15,0
40301,1018,16,0
40301,1019,17,0
40301,990,18,0
40301,991,19,0
40301,992,20,0
40301,993,21,0
40301,994,22,0
40301,984,23,0
40301,985,24,0
40301,970,25,0
40301,971,26,0
40301,972,27,0
40301,93001,28,0
40301,940,29,0
40301,973,30,0
40301,93462,31,0
40301,93460,32,0
40301,93464,33,0
40301,93527,34,0
40301,265,35,0
40301,266,36,0
40301,267,37,0
40301,268,38,0
40301,269,39,0
40301,270,40,0
40301,1052,41,0
40301,93179,42,0
40301,2585,43,1
40500,2585,1,0
40500,1053,2,0
40500,941,3,0
40500,942,4,0
40500,1286,5,0
40500,2595,6,0
40500,1290,7,0
40500,1291,8,0
40500,1363,9,0
40500,1364,10,0
40500,1181,11,0
40500,1183,12,0
40500,2603,13,0
40500,1242,14,0
40500,1185,15,0
40500,1243,16,0
40500,1186,17,0
40500,1187,18,0
40500,1188,19,0
40500,1189,20,0
40500,3120,21,0
40500,3122,22,0
40500,3124,23,0
40500,3126,24,0
40500,90063,25,0
40500,90065,26,0
40500,3341,27,0
40500,3178,28,0
40500,3343,29,0
40500,93362,30,0
40500,93361,31,0
40500,93360,32,0
40500,93359,33,0
40500,93357,34,0
40500,90045,35,0
40500,93356,36,0
40500,93354,37,0
40500,3518,38,0
40500,817,39,0
40500,93425,40,0
40500,812,41,1
40501,812,1,0
40501,93036,2,0
40501,817,3,0
40501,3517,4,0
40501,93353,5,0
40501,93355,6,0
40501,93358,7,0
40501,90054,8,0
40501,90070,9,0
40501,90055,10,0
40501,90056,11,0
40501,90057,12,0
40501,90083,13,0
40501,3344,14,0
40501,3179,15,0
40501,3342,16,0
40501,90066,17,0
40501,90064,18,0
40501,3125,19,0
40501,3123,20,0
40501,3121,21,0
40501,3306,22,0
40501,1160,23,0
40501,1161,24,0
40501,1162,25,0
40501,1163,26,0
40501,1164,27,0
40501,1165,28,0
40501,1166,29,0
40501,1167,30,0
40501,1359,31,0
40501,1360,32,0
40501,1361,33,0
40501,1274,34,0
40501,1275,35,0
40501,2595,36,0
40501,958,37,0
40501,959,38,0
40501,2585,39,1
40700,812,1,0
40700,90041,2,0
40700,90042,3,0
40700,90043,4,0
40700,90044,5,0
40700,90052,6,0
40700,910,7,0
40700,90050,8,0
40700,3551,9,0
40700,859,10,0
40700,861,11,0
40700,862,12,0
40700,863,13,0
40700,864,14,0
40700,865,15,0
40700,866,16,0
40700,867,17,0
40700,868,18,0
40700,869,19,0
40700,870,20,0
40700,871,21,0
40700,872,22,0
40700,3115,23,0
40700,1163,24,0
40700,1164,25,0
40700,1165,26,0
40700,659,27,0
40700,660,28,0
40700,661,29,0
40700,662,30,0
40700,663,31,0
40700,664,32,0
40700,665,33,0
40700,1106,34,0
40700,3598,35,0
40700,1107,36,0
40700,3108,37,0
40700,1108,38,0
40700,1109,39,0
40700,1110,40,0
40700,1111,41,0
40700,1112,42,0
40700,1113,43,0
40700,1114,44,0
40700,1115,45,0
40700,1116,46,0
40700,1117,47,0
40700,1118,48,0
40700,1119,49,0
40700,1120,50,0
40700,93000,51,0
40700,1101,52,0
40700,90014,53,1
40701,90014,1,0
40701,93189,2,0
40701,3113,3,0
40701,3114,4,0
40701,1083,5,0
40701,1084,6,0
40701,3262,7,0
40701,3263,8,0
40701,93183,9,0
40701,1121,10,0
40701,1122,11,0
40701,3597,12,0
40701,1123,13,0
40701,670,14,0
40701,671,15,0
40701,672,16,0
40701,673,17,0
40701,674,18,0
40701,675,19,0
40701,93178,20,0
40701,1242,21,0
40701,1185,22,0
40701,1243,23,0
40701,1186,24,0
40701,3118,25,0
40701,3116,26,0
40701,879,27,0
40701,880,28,0
40701,881,29,0
40701,882,30,0
40701,883,31,0
40701,884,32,0
40701,885,33,0
40701,886,34,0
40701,887,35,0
40701,888,36,0
40701,889,37,0
40701,3269,38,0
40701,3270,39,0
40701,3271,40,0
40701,892,41,0
40701,1371,42,0
40701,1372,43,0
40701,1353,44,0
40701,1354,45,0
40701,1355,46,0
40701,1356,47,0
40701,93531,48,0
40701,1387,49,0
40701,1388,50,0
40701,3552,51,0
40701,93426,52,0
40701,90051,53,0
40701,90053,54,0
40701,93493,55,0
40701,93424,56,0
40701,93425,57,0
40701,812,58,1
40900,2595,1,0
40900,1280,2,0
40900,1281,3,0
40900,1282,4,0
40900,537,5,0
40900,343,6,0
40900,344,7,0
40900,345,8,0
40900,3416,9,0
40900,346,10,0
40900,347,11,0
40900,348,12,0
40900,349,13,0
40900,350,14,0
40900,351,15,0
40900,352,16,0
40900,353,17,0
40900,354,18,0
40900,355,19,0
40900,356,20,0
40900,3420,21,0
40900,3421,22,0
40900,3409,23,0
40900,290,24,0
40900,292,25,0
40900,383,26,1
40901,383,1,0
40901,384,2,0
40901,293,3,0
40901,294,4,0
40901,295,5,0
40901,296,6,0
40901,297,7,0
40901,298,8,0
40901,299,9,0
40901,488,10,0
40901,565,11,0
40901,566,12,0
40901,567,13,0
40901,952,14,0
40901,93455,15,0
40901,93376,16,0
40901,93429,17,0
40901,93439,18,0
40901,93551,19,0
40901,953,20,0
40901,955,21,0
40901,1286,22,0
40901,2595,23,1
41000,2595,1,0
41000,1287,2,0
41000,1288,3,0
41000,1289,4,0
41000,3228,5,0
41000,2605,6,0
41000,1296,7,0
41000,1297,8,0
41000,1298,9,0
41000,1299,10,0
41000,93027,11,0
41000,1300,12,0
41000,1301,13,0
41000,1302,14,0
41000,1303,15,0
41000,1304,16,0
41000,1305,17,0
41000,1153,18,0
41000,1154,19,0
41000,93552,20,0
41000,1155,21,0
41000,1138,22,0
41000,1139,23,0
41000,1140,24,0
41000,1141,25,0
41000,1142,26,0
41000,584,27,0
41000,638,28,0
41000,639,29,0
41000,640,30,0
41000,641,31,0
41000,642,32,0
41000,643,33,0
41000,644,34,0
41000,645,35,0
41000,646,36,0
41000,647,37,0
41000,648,38,0
41000,649,39,0
41000,90079,40,0
41000,90040,41,0
41000,93425,42,0
41000,812,43,1
41001,812,1,0
41001,90038,2,0
41001,90080,3,0
41001,799,4,0
41001,800,5,0
41001,801,6,0
41001,802,7,0
41001,803,8,0
41001,804,9,0
41001,805,10,0
41001,806,11,0
41001,807,12,0
41001,808,13,0
41001,809,14,0
41001,585,15,0
41001,93432,16,0
41001,1145,17,0
41001,1146,18,0
41001,1147,19,0
41001,1148,20,0
41001,1149,21,0
41001,1150,22,0
41001,1151,23,0
41001,1152,24,0
41001,3636,25,0
41001,1257,26,0
41001,1258,27,0
41001,1259,28,0
41001,1260,29,0
41001,1261,30,0
41001,1262,31,0
41001,1263,32,0
41001,1264,33,0
41001,1265,34,0
41001,1266,35,0
41001,1267,36,0
41001,3309,37,0
41001,2604,38,0
41001,3227,39,0
41001,1276,40,0
41001,1277,41,0
41001,1278,42,0
41001,2595,43,1
41100,1217,1,0
41100,1226,2,0
41100,1227,3,0
41100,1228,4,0
41100,1229,5,0
41100,1230,6,0
41100,1231,7,0
41100,1232,8,0
41100,1233,9,0
41100,1234,10,0
41100,93536,11,0
41100,93534,12,0
41100,93342,13,0
41100,1342,14,0
41100,1343,15,0
41100,93445,16,0
41100,93346,17,0
41100,93522,18,0
41100,93466,19,0
41100,93347,20,0
41100,93348,21,0
41100,93349,22,0
41100,93449,23,0
41100,1250,24,0
41100,1251,25,0
41100,1252,26,0
41100,1253,27,0
41100,1254,28,0
41100,1255,29,0
41100,1256,30,0
41100,1310,31,0
41100,1311,32,0
41100,1312,33,0
41100,1313,34,0
41100,1314,35,0
41100,1320,36,0
41100,1321,37,0
41100,1322,38,0
41100,1323,39,0
41100,1324,40,0
41100,877,41,0
41100,878,42,0
41100,1325,43,0
41100,1326,44,0
41100,3264,45,0
41100,3308,46,0
41100,1270,47,0
41100,1271,48,0
41100,1272,49,0
41100,1273,50,0
41100,1274,51,0
41100,1275,52,0
41100,2595,53,1
41101,2595,1,0
41101,1290,2,0
41101,1291,3,0
41101,1292,4,0
41101,1293,5,0
41101,1294,6,0
41101,3307,7,0
41101,93103,8,0
41101,608,9,0
41101,609,10,0
41101,873,11,0
41101,1315,12,0
41101,1316,13,0
41101,1317,14,0
41101,1318,15,0
41101,1319,16,0
41101,1327,17,0
41101,1328,18,0
41101,1329,19,0
41101,1330,20,0
41101,1152,21,0
41101,1306,22,0
41101,1307,23,0
41101,1308,24,0
41101,1309,25,0
41101,1247,26,0
41101,1248,27,0
41101,1249,28,0
41101,1079,29,0
41101,1067,30,0
41101,1068,31,0
41101,1069,32,0
41101,1070,33,0
41101,1071,34,0
41101,1073,35,0
41101,1074,36,0
41101,93345,37,0
41101,3316,38,0
41101,93344,39,0
41101,93343,40,0
41101,93535,41,0
41101,93537,42,0
41101,93305,43,0
41101,93306,44,0
41101,93307,45,0
41101,93443,46,0
41101,93338,47,0
41101,1214,48,0
41101,1215,49,0
41101,1216,50,0
41101,1217,51,1
41200,2595,1,0
41200,93054,2,0
41200,944,3,0
41200,1177,4,0
41200,1178,5,0
41200,1365,6,0
41200,1366,7,0
41200,1367,8,0
41200,719,9,0
41200,720,10,0
41200,721,11,0
41200,722,12,0
41200,93236,13,0
41200,724,14,0
41200,725,15,0
41200,726,16,0
41200,727,17,0
41200,728,18,0
41200,729,19,0
41200,730,20,0
41200,731,21,0
41200,732,22,0
41200,733,23,0
41200,734,24,0
41200,735,25,0
41200,736,26,0
41200,771,27,0
41200,772,28,0
41200,773,29,0
41200,774,30,0
41200,1201,31,0
41200,1202,32,0
41200,1203,33,0
41200,1204,34,0
41200,1205,35,0
41200,1206,36,0
41200,93084,37,0
41200,1207,38,0
41200,93329,39,0
41200,93327,40,0
41200,93324,41,0
41200,1217,42,1
41201,93323,1,0
41201,93325,2,0
41201,93326,3,0
41201,93328,4,0
41201,93330,5,0
41201,93331,6,0
41201,93332,7,0
41201,93333,8,0
41201,93334,9,0
41201,93335,10,0
41201,93336,11,0
41201,93337,12,0
41201,787,13,0
41201,788,14,0
41201,789,15,0
41201,790,16,0
41201,737,17,0
41201,738,18,0
41201,739,19,0
41201,740,20,0
41201,741,21,0
41201,742,22,0
41201,743,23,0
41201,744,24,0
41201,745,25,0
41201,746,26,0
41201,747,27,0
41201,748,28,0
41201,749,29,0
41201,750,30,0
41201,751,31,0
41201,752,32,0
41201,753,33,0
41201,754,34,0
41201,755,35,0
41201,93377,36,0
41201,93379,37,0
41201,93521,38,0
41201,93439,39,0
41201,93551,40,0
41201,953,41,0
41201,955,42,0
41201,1286,43,0
41201,2595,44,1
41700,812,1,0
41700,90038,2,0
41700,90080,3,0
41700,3135,4,0
41700,3637,5,0
41700,3136,6,0
41700,3137,7,0
41700,93353,8,0
41700,3138,9,0
41700,896,10,0
41700,897,11,0
41700,898,12,0
41700,93064,13,0
41700,899,14,0
41700,90076,15,0
41700,698,16,1
41701,698,1,0
41701,2712,2,0
41701,852,3,0
41701,3541,4,0
41701,853,5,0
41701,854,6,0
41701,855,7,0
41701,3131,8,0
41701,93354,9,0
41701,3132,10,0
41701,3133,11,0
41701,3134,12,0
41701,90079,13,0
41701,90040,14,0
41701,93425,15,0
41701,812,16,1
50101,1436,1,0
50101,93467,2,0
50101,93468,3,0
50101,3247,4,0
50101,93469,5,0
50101,3347,6,0
50101,3157,7,0
50101,1504,8,0
50101,90099,9,0
50101,3172,10,0
50101,3139,11,0
50101,3143,12,0
50101,3144,13,0
50101,3167,14,0
50101,1489,15,0
50101,1490,16,0
50101,1491,17,0
50101,1492,18,0
50101,1479,19,0
50101,1480,20,1
50102,1480,1,0
50102,1454,2,0
50102,1455,3,0
50102,1456,4,0
50102,3293,5,0
50102,3281,6,0
50102,3282,7,0
50102,1493,8,0
50102,1494,9,0
50102,3319,10,0
50102,3320,11,0
50102,3321,12,0
50102,3345,13,0
50102,3141,14,0
50102,3170,15,0
50102,3145,16,0
50102,3244,17,0
50102,3146,18,0
50102,3171,19,0
50102,3346,20,0
50102,1436,21,1
50201,1480,1,0
50201,1454,2,0
50201,1455,3,0
50201,1456,4,0
50201,1499,5,0
50201,3279,6,0
50201,1498,7,0
50201,3246,8,0
50201,3149,9,0
50201,3150,10,0
50201,3151,11,0
50201,3161,12,0
50201,1464,13,0
50201,3249,14,0
50201,3152,15,0
50201,3250,16,0
50201,3153,17,0
50201,3251,18,0
50201,3154,19,0
50201,3173,20,1
50202,3173,1,0
50202,3155,2,0
50202,1470,3,0
50202,1471,4,0
50202,1473,5,0
50202,90032,6,0
50202,90033,7,0
50202,90034,8,0
50202,90035,9,0
50202,1476,10,0
50202,1477,11,0
50202,1478,12,0
50202,1479,13,0
50202,1480,14,1
90000,3613,1,0
90000,1165,2,0
90000,1166,3,0
90000,1167,4,0
90000,1169,5,0
90000,1171,6,0
90000,1172,7,0
90000,1173,8,0
90000,1174,9,0
90000,386,10,0
90000,387,11,0
90000,388,12,0
90000,389,13,0
90000,391,14,0
90000,393,15,0
90000,394,16,0
90000,396,17,0
90000,398,18,0
90000,400,19,0
90000,401,20,0
90000,404,21,0
90000,405,22,0
90000,406,23,0
90000,410,24,0
90000,411,25,0
90000,1587,26,0
90000,1588,27,0
90000,1590,28,0
90000,1591,29,0
90000,1593,30,0
90000,1594,31,0
90000,1595,32,0
90000,1596,33,0
90000,1598,34,0
90000,1599,35,0
90000,1600,36,0
90000,1601,37,0
90000,1602,38,0
90000,1603,39,0
90000,1604,40,0
90000,1607,41,0
90000,1608,42,0
90000,1609,43,0
90000,1610,44,0
90000,1611,45,0
90000,1612,46,0
90000,1613,47,0
90000,3590,48,0
90000,1742,49,0
90000,1615,50,0
90000,1616,51,0
90000,1617,52,0
90000,93060,53,0
90000,93240,54,0
90000,93259,55,0
90000,9473,56,0
90000,3589,57,1
90001,3589,1,0
90001,7698,2,0
90001,93255,3,0
90001,93227,4,0
90001,93061,5,0
90001,1776,6,0
90001,1777,7,0
90001,1778,8,0
90001,1779,9,0
90001,1780,10,0
90001,1781,11,0
90001,1782,12,0
90001,1783,13,0
90001,93542,14,0
90001,1786,15,0
90001,1787,16,0
90001,1789,17,0
90001,1790,18,0
90001,93048,19,0
90001,2233,20,0
90001,2234,21,0
90001,2235,22,0
90001,2236,23,0
90001,2238,24,0
90001,2240,25,0
90001,2241,26,0
90001,2242,27,0
90001,93254,28,0
90001,92072,29,0
90001,2218,30,0
90001,2220,31,0
90001,2221,32,0
90001,412,33,0
90001,413,34,0
90001,417,35,0
90001,418,36,0
90001,419,37,0
90001,422,38,0
90001,424,39,0
90001,425,40,0
90001,427,41,0
90001,431,42,0
90001,432,43,0
90001,434,44,0
90001,450,45,0
90001,451,46,0
90001,452,47,0
90001,453,48,0
90001,1175,49,0
90001,1176,50,0
90001,1177,51,0
90001,1178,52,0
90001,1181,53,0
90001,1183,54,0
90001,2603,55,0
90001,677,56,0
90001,3613,57,1
91000,2576,1,0
91000,260,2,0
91000,261,3,0
91000,330,4,0
91000,332,5,0
91000,333,6,0
91000,334,7,0
91000,335,8,0
91000,336,9,0
91000,337,10,0
91000,339,11,0
91000,941,12,0
91000,942,13,0
91000,1286,14,0
91000,2595,15,0
91000,1280,16,0
91000,1281,17,0
91000,1282,18,0
91000,99998,19,0
91000,539,20,0
91000,541,21,0
91000,542,22,0
91000,543,23,0
91000,544,24,0
91000,545,25,0
91000,546,26,0
91000,547,27,0
91000,548,28,0
91000,549,29,0
91000,550,30,0
91000,3349,31,0
91000,3350,32,0
91000,3351,33,0
91000,836,34,0
91000,837,35,0
91000,838,36,0
91000,839,37,0
91000,840,38,0
91000,841,39,0
91000,691,40,0
91000,692,41,0
91000,693,42,0
91000,694,43,0
91000,695,44,0
91000,93086,45,0
91000,697,46,0
91000,698,47,1
91001,698,1,0
91001,706,2,0
91001,708,3,0
91001,709,4,0
91001,710,5,0
91001,3533,6,0
91001,829,7,0
91001,830,8,0
91001,831,9,0
91001,832,10,0
91001,833,11,0
91001,93428,12,0
91001,359,13,0
91001,551,14,0
91001,552,15,0
91001,93431,16,0
91001,553,17,0
91001,554,18,0
91001,555,19,0
91001,556,20,0
91001,557,21,0
91001,558,22,0
91001,559,23,0
91001,560,24,0
91001,561,25,0
91001,93024,26,0
91001,93188,27,0
91001,563,28,0
91001,1283,29,0
91001,1284,30,0
91001,1285,31,0
91001,1286,32,0
91001,2595,33,0
91001,958,34,0
91001,959,35,0
91001,93276,36,0
91001,93257,37,0
91001,340,38,0
91001,339,39,0
91001,342,40,0
91001,321,41,0
91001,322,42,0
91001,323,43,0
91001,324,44,0
91001,325,45,0
91001,326,46,0
91001,327,47,0
91001,328,48,0
91001,329,49,0
91001,2576,50,1
91500,2569,1,0
91500,2282,2,0
91500,2283,3,0
91500,2285,4,0
91500,2286,5,0
91500,2287,6,0
91500,2288,7,0
91500,2252,8,0
91500,2253,9,0
91500,2254,10,0
91500,92043,11,0
91500,2256,12,0
91500,2257,13,0
91500,93056,14,0
91500,2728,15,0
91500,2729,16,0
91500,2398,17,0
91500,2399,18,0
91500,2400,19,0
91500,2401,20,0
91500,2402,21,0
91500,2403,22,0
91500,93013,23,0
91500,2705,24,0
91500,373,25,0
91500,374,26,0
91500,93083,27,0
91500,125,28,0
91500,375,29,0
91500,376,30,0
91500,377,31,0
91500,90078,32,0
91500,378,33,0
91500,379,34,0
91500,380,35,0
91500,381,36,0
91500,382,37,0
91500,383,38,0
91500,384,39,0
91500,385,40,0
91500,835,41,0
91500,836,42,0
91500,837,43,0
91500,838,44,0
91500,839,45,0
91500,840,46,0
91500,841,47,0
91500,3534,48,0
91500,3532,49,0
91500,843,50,0
91500,844,51,0
91500,845,52,0
91500,846,53,0
91500,847,54,0
91500,848,55,0
91500,810,56,0
91500,812,57,1
91501,812,1,0
91501,815,2,0
91501,823,3,0
91501,824,4,0
91501,825,5,0
91501,826,6,0
91501,827,7,0
91501,828,8,0
91501,3531,9,0
91501,3533,10,0
91501,829,11,0
91501,830,12,0
91501,831,13,0
91501,832,14,0
91501,833,15,0
91501,834,16,0
91501,362,17,0
91501,363,18,0
91501,364,19,0
91501,365,20,0
91501,366,21,0
91501,367,22,0
91501,2713,23,0
91501,90088,24,0
91501,368,25,0
91501,369,26,0
91501,370,27,0
91501,371,28,0
91501,372,29,0
91501,2707,30,0
91501,2704,31,0
91501,93012,32,0
91501,2404,33,0
91501,2405,34,0
91501,2708,35,0
91501,2406,36,0
91501,2407,37,0
91501,2730,38,0
91501,93055,39,0
91501,2245,40,0
91501,2246,41,0
91501,2247,42,0
91501,2248,43,0
91501,2249,44,0
91501,2250,45,0
91501,2258,46,0
91501,2259,47,0
91501,2260,48,0
91501,2261,49,0
91501,2262,50,0
91501,2263,51,0
91501,2264,52,0
91501,2265,53,0
91501,3322,54,0
91501,2266,55,0
91501,2268,56,0
91501,2569,57,1
91600,93112,1,0
91600,93450,2,0
91600,1730,3,0
91600,93542,4,0
91600,1786,5,0
91600,1787,6,0
91600,1724,7,0
91600,1846,8,0
91600,1847,9,0
91600,93457,10,0
91600,93442,11,0
91600,3435,12,0
91600,3434,13,0
91600,3431,14,0
91600,3430,15,0
91600,92015,16,0
91600,92016,17,0
91600,92017,18,0
91600,2167,19,0
91600,2168,20,0
91600,2169,21,0
91600,3295,22,0
91600,3302,23,0
91600,3314,24,0
91600,2171,25,0
91600,2172,26,0
91600,2173,27,0
91600,2174,28,0
91600,2175,29,0
91600,471,30,0
91600,472,31,0
91600,473,32,0
91600,474,33,0
91600,475,34,0
91600,476,35,0
91600,477,36,0
91600,480,37,0
91600,481,38,0
91600,482,39,0
91600,483,40,0
91600,484,41,0
91600,485,42,0
91600,486,43,0
91600,487,44,0
91600,488,45,0
91600,565,46,0
91600,566,47,0
91600,567,48,0
91600,568,49,0
91600,569,50,0
91600,570,51,0
91600,571,52,0
91600,573,53,0
91600,574,54,0
91600,575,55,0
91600,576,56,0
91600,577,57,0
91600,93035,58,0
91600,579,59,0
91600,580,60,0
91600,90066,61,0
91600,581,62,0
91600,582,63,0
91600,583,64,0
91600,93369,65,0
91600,93453,66,0
91600,93368,67,0
91600,93366,68,0
91600,1143,69,0
91600,1144,70,0
91600,93177,71,0
91600,810,72,0
91600,812,73,1
91601,812,1,0
91601,815,2,0
91601,911,3,0
91601,912,4,0
91601,913,5,0
91601,93365,6,0
91601,93367,7,0
91601,93454,8,0
91601,93370,9,0
91601,586,10,0
91601,587,11,0
91601,588,12,0
91601,589,13,0
91601,590,14,0
91601,591,15,0
91601,592,16,0
91601,593,17,0
91601,594,18,0
91601,595,19,0
91601,596,20,0
91601,597,21,0
91601,598,22,0
91601,599,23,0
91601,600,24,0
91601,601,25,0
91601,602,26,0
91601,603,27,0
91601,604,28,0
91601,454,29,0
91601,455,30,0
91601,456,31,0
91601,457,32,0
91601,458,33,0
91601,459,34,0
91601,460,35,0
91601,461,36,0
91601,462,37,0
91601,464,38,0
91601,465,39,0
91601,466,40,0
91601,467,41,0
91601,468,42,0
91601,469,43,0
91601,470,44,0
91601,2176,45,0
91601,2177,46,0
91601,2178,47,0
91601,2179,48,0
91601,2244,49,0
91601,3315,50,0
91601,92041,51,0
91601,92042,52,0
91601,3294,53,0
91601,93143,54,0
91601,93057,55,0
91601,93015,56,0
91601,93016,57,0
91601,3296,58,0
91601,2166,59,0
91601,3550,60,0
91601,3432,61,0
91601,3433,62,0
91601,3510,63,0
91601,93441,64,0
91601,93458,65,0
91601,3367,66,0
91601,1861,67,0
91601,93191,68,0
91601,1604,69,0
91601,1607,70,0
91601,1915,71,0
91601,93112,72,1
92200,2576,1,0
92200,65,2,0
92200,66,3,0
92200,67,4,0
92200,68,5,0
92200,69,6,0
92200,70,7,0
92200,71,8,0
92200,72,9,0
92200,73,10,0
92200,3304,11,0
92200,218,12,0
92200,93314,13,0
92200,219,14,0
92200,220,15,0
92200,1052,16,0
92200,93179,17,0
92200,2585,18,0
92200,1053,19,0
92200,1054,20,0
92200,1055,21,0
92200,1056,22,0
92200,1057,23,0
92200,1058,24,0
92200,1059,25,0
92200,2709,26,0
92200,1060,27,0
92200,1061,28,0
92200,1062,29,0
92200,1063,30,0
92200,1064,31,0
92200,1065,32,0
92200,1066,33,0
92200,1067,34,0
92200,1068,35,0
92200,1069,36,0
92200,1070,37,0
92200,1071,38,0
92200,1073,39,0
92200,93492,40,0
92200,93436,41,0
92200,93293,42,0
92200,93447,43,0
92200,93298,44,0
92200,93299,45,0
92200,93300,46,0
92200,93301,47,0
92200,93302,48,0
92200,93341,49,0
92200,93339,50,0
92200,1222,51,0
92200,1223,52,0
92200,786,53,0
92200,787,54,0
92200,788,55,0
92200,789,56,0
92200,790,57,0
92200,93096,58,0
92200,791,59,0
92200,93043,60,0
92200,792,61,0
92200,793,62,0
92200,93095,63,0
92200,795,64,0
92200,796,65,0
92200,797,66,0
92200,798,67,0
92200,90081,68,0
92200,90079,69,0
92200,90040,70,0
92200,93425,71,0
92200,812,72,1
92201,812,1,0
92201,90038,2,0
92201,90080,3,0
92201,90039,4,0
92201,762,5,0
92201,763,6,0
92201,764,7,0
92201,766,8,0
92201,90082,9,0
92201,767,10,0
92201,768,11,0
92201,769,12,0
92201,770,13,0
92201,93097,14,0
92201,771,15,0
92201,772,16,0
92201,773,17,0
92201,774,18,0
92201,775,19,0
92201,1224,20,0
92201,1225,21,0
92201,93285,22,0
92201,93340,23,0
92201,1331,24,0
92201,1332,25,0
92201,1333,26,0
92201,1334,27,0
92201,1335,28,0
92201,93448,29,0
92201,1339,30,0
92201,93437,31,0
92201,93522,32,0
92201,93466,33,0
92201,93347,34,0
92201,93348,35,0
92201,93349,36,0
92201,93350,37,0
92201,1080,38,0
92201,1082,39,0
92201,1083,40,0
92201,1084,41,0
92201,1085,42,0
92201,1086,43,0
92201,1087,44,0
92201,1088,45,0
92201,1089,46,0
92201,1090,47,0
92201,1091,48,0
92201,2585,49,0
92201,262,50,0
92201,221,51,0
92201,222,52,0
92201,93315,53,0
92201,223,54,0
92201,3305,55,0
92201,74,56,0
92201,75,57,0
92201,76,58,0
92201,77,59,0
92201,78,60,0
92201,79,61,0
92201,80,62,0
92201,81,63,0
92201,82,64,0
92201,2576,65,1
95000,2416,1,0
95000,2417,2,0
95000,2418,3,0
95000,93019,4,0
95000,2419,5,0
95000,2420,6,0
95000,2437,7,0
95000,2421,8,0
95000,93018,9,0
95000,2422,10,0
95000,3206,11,0
95000,3208,12,0
95000,93547,13,0
95000,3337,14,0
95000,3211,15,0
95000,3213,16,0
95000,3215,17,0
95000,93546,18,0
95000,3334,19,0
95000,2441,20,0
95000,2442,21,0
95000,2428,22,0
95000,2429,23,0
95000,2430,24,0
95000,93270,25,0
95000,2445,26,0
95000,93117,27,0
95000,93094,28,0
95000,2446,29,0
95000,2448,30,0
95000,2450,31,0
95000,2452,32,0
95000,2753,33,0
95000,2453,34,0
95000,2500,35,0
95000,2501,36,0
95000,3339,37,0
95000,2512,38,0
95000,93106,39,0
95000,2491,40,0
95000,2503,41,0
95000,2504,42,0
95000,2505,43,0
95000,2506,44,0
95000,2507,45,0
95000,3300,46,0
95000,2508,47,0
95000,2516,48,0
95000,2517,49,0
95000,2476,50,0
95000,2477,51,0
95000,2478,52,0
95000,2740,53,0
95000,2741,54,0
95000,2743,55,0
95000,2744,56,0
95000,2745,57,0
95000,2469,58,0
95000,2467,59,0
95000,2464,60,0
95000,2465,61,0
95000,2461,62,0
95000,2458,63,0
95000,2459,64,0
95000,93026,65,0
95000,3556,66,0
95000,90076,67,0
95000,698,68,1
95001,698,1,0
95001,2712,2,0
95001,705,3,0
95001,3557,4,0
95001,3633,5,0
95001,93025,6,0
95001,2456,7,0
95001,2457,8,0
95001,2460,9,0
95001,2462,10,0
95001,2463,11,0
95001,2466,12,0
95001,2468,13,0
95001,2733,14,0
95001,2734,15,0
95001,2735,16,0
95001,2737,17,0
95001,2739,18,0
95001,2473,19,0
95001,2474,20,0
95001,2475,21,0
95001,93102,22,0
95001,2507,23,0
95001,3300,24,0
95001,2508,25,0
95001,2509,26,0
95001,2510,27,0
95001,2511,28,0
95001,2512,29,0
95001,93106,30,0
95001,2491,31,0
95001,2503,32,0
95001,3340,33,0
95001,2514,34,0
95001,2515,35,0
95001,2749,36,0
95001,2454,37,0
95001,2750,38,0
95001,2455,39,0
95001,2451,40,0
95001,2449,41,0
95001,2447,42,0
95001,93093,43,0
95001,93116,44,0
95001,2444,45,0
95001,93269,46,0
95001,2431,47,0
95001,3224,48,0
95001,2433,49,0
95001,2434,50,0
95001,2443,51,0
95001,3217,52,0
95001,3216,53,0
95001,3214,54,0
95001,3212,55,0
95001,3338,56,0
95001,3210,57,0
95001,3209,58,0
95001,3207,59,0
95001,2424,60,0
95001,2438,61,0
95001,2425,62,0
95001,2426,63,0
95001,2427,64,0
95001,2436,65,0
95001,93020,66,0
95001,93063,67,0
95001,2416,68,1
2011000,93112,1,0
2011000,93450,2,0
2011000,1730,3,0
2011000,1731,4,0
2011000,1902,5,0
2011000,1903,6,0
2011000,93038,7,0
2011000,1904,8,0
2011000,1905,9,0
2011000,1792,10,0
2011000,1866,11,0
2011000,1867,12,0
2011000,1868,13,0
2011000,1869,14,0
2011000,1870,15,0
2011000,1871,16,0
2011000,1872,17,0
2011000,1873,18,0
2011000,1874,19,0
2011000,1875,20,0
2011000,93420,21,0
2011000,93418,22,0
2011000,93416,23,0
2011000,93206,24,0
2011000,3516,25,0
2011000,93207,26,0
2011000,93322,27,0
2011000,93232,28,0
2011000,93233,29,0
2011000,1518,30,0
2011000,1519,31,0
2011000,1520,32,0
2011000,1521,33,0
2011000,1522,34,0
2011000,1523,35,0
2011000,1524,36,0
2011000,2725,37,0
2011000,1525,38,0
2011000,3002,39,0
2011000,3004,40,0
2011000,1551,41,0
2011000,1552,42,0
2011000,1879,43,0
2011000,1881,44,0
2011000,1882,45,0
2011000,1759,46,0
2011000,93216,47,1
2011001,93216,1,0
2011001,1742,2,0
2011001,1615,3,0
2011001,1616,4,0
2011001,1617,5,0
2011001,93060,6,0
2011001,1508,7,0
2011001,1509,8,0
2011001,1510,9,0
2011001,1511,10,0
2011001,1512,11,0
2011001,1513,12,0
2011001,93421,13,0
2011001,93422,14,0
2011001,93321,15,0
2011001,93208,16,0
2011001,3515,17,0
2011001,93209,18,0
2011001,93415,19,0
2011001,93417,20,0
2011001,93419,21,0
2011001,1885,22,0
2011001,1886,23,0
2011001,1887,24,0
2011001,1888,25,0
2011001,1889,26,0
2011001,93313,27,0
2011001,1890,28,0
2011001,1891,29,0
2011001,1892,30,0
2011001,1893,31,0
2011001,1894,32,0
2011001,1895,33,0
2011001,1862,34,0
2011001,1863,35,0
2011001,1896,36,0
2011001,1897,37,0
2011001,1898,38,0
2011001,1899,39,0
2011001,1900,40,0
2011001,1901,41,0
2011001,1936,42,0
2011001,1915,43,0
2011001,93112,44,1
