'Saturdaymerged999972',90001,60850,4,'',1,3000,4,'',1,7000,4,'',1,3000,4,'',1,7570,4,'',1,3000,4,'',1,7000,4,'',1,3000,4,'',1,7000,4,'',1,3520,4,'',1,7000,4,'',1,3000,4,'',1,7000,4,'',1,3000,4,'',1,7000,4,'',1,3000,4,'',1,7000,4,'',1,3000,4,'',1,7000,4,'',1,3000,4,'',1,7000,4,'',1,2680,4,'',1,7000,4,'',1,3000,4,'',1,7000,4,'',1,3000,4,'',1,7000,4,'',1,2400,4,'',1,7000,4,'',1,3000,4,'',1,7000,4,'',1,3000,4,'',1,7000,4,'',1,3000,4,'',1,6780,4,'',1,3000,4,'',1
'Sundaymerged999973',90001,61050,4,'',1,3000,4,'',1,7000,4,'',1,3000,4,'',1,7000,4,'',1,3000,4,'',1,7000,4,'',1,3000,4,'',1,7000,4,'',1,3390,4,'',1,7000,4,'',1,3000,4,'',1,7000,4,'',1,3000,4,'',1,7400,4,'',1,3000,4,'',1,7000,4,'',1,3000,4,'',1,7000,4,'',1,3000,4,'',1,7000,4,'',1,3000,4,'',1,6600,4,'',1,3000,4,'',1,7000,4,'',1,3000,4,'',1,7000,4,'',1,2480,4,'',1,7000,4,'',1,3000,4,'',1,7000,4,'',1,3000,4,'',1,7000,4,'',1,3000,4,'',1,6780,4,'',1,3000,4,'',1
'Weekdaymerged999974',90001,60710,4,'',1,3000,4,'',1,7000,4,'',1,3000,4,'',1,7000,4,'',1,2600,4,'',1,7000,4,'',1,3430,4,'',1,7000,4,'',1,2200,4,'',1,3000,4,'',1,7000,4,'',1,3000,4,'',1,7170,4,'',1,7000,4,'',1,3000,4,'',1,7000,4,'',1,3000,4,'',1,7000,4,'',1,3000,4,'',1,7000,4,'',1,3300,4,'',1,7000,4,'',1,3000,4,'',1,6900,4,'',1,3000,4,'',1,7130,4,'',1,3000,4,'',1,7000,4,'',1,3000,4,'',1,7000,4,'',1,2800,4,'',1,7000,4,'',1,3000,4,'',1,7280,4,'',1,3000,4,'',1
'Weekdaymerged999974',92001,61300,4,'',1,3000,4,'',1,7000,4,'',1,1500,4,'',1,1500,4,'',1,1500,4,'',1,5500,4,'',1,1500,4,'',1,1500,4,'',1,1500,4,'',1,5500,4,'',1,1500,4,'',1,1500,4,'',1,1500,4,'',1,5500,4,'',1,1500,4,'',1,1700,4,'',1,5500,4,'',1,1500,4,'',1,1500,4,'',1,1500,4,'',1,5500,4,'',1,1500,4,'',1,1500,4,'',1,1600,4,'',1,5500,4,'',1,1500,4,'',1,1500,4,'',1,1500,4,'',1,5500,4,'',1,1700,4,'',1,1500,4,'',1,1500,4,'',1,5500,4,'',1,1500,4,'',1,1500,4,'',1,1700,4,'',1,5500,4,'',1,1500,4,'',1,1500,4,'',1,1500,4,'',1,6000,4,'',1,1500,4,'',1,1800,4,'',1,1300,4,'',1,5500,4,'',1,1500,4,'',1,1000,4,'',1,2000,4,'',1,6000,4,'',1,3000,4,'',1,7000,4,'',1,3000,4,'',1,7000,4,'',1,2500,4,'',1,6500,4,'',1
'Late Night Satmerged999971',1400000101,275820,4,'',1,7000,4,'',1,3000,4,'',1,7000,4,'',1
'Late Night Sunmerged999978',1400000101,275820,4,'',1,7000,4,'',1,3000,4,'',1,7000,4,'',1
'Late Night Wkdymerged999976',1400000101,275820,4,'',1,7000,4,'',1,3000,4,'',1,7000,4,'',1
'Overnight All Daysmerged999969',1400000101,35820,4,'',1,7000,4,'',1,3000,4,'',1,7000,4,'',1
'Saturdaymerged999972',1400000101,235820,4,'',1,7000,4,'',1,3000,4,'',1,7000,4,'',1,3000,4,'',1,7000,4,'',1,3000,4,'',1,7000,4,'',1
'Sundaymerged999973',1400000101,235820,4,'',1,7000,4,'',1,3000,4,'',1,7000,4,'',1,3000,4,'',1,7000,4,'',1,3000,4,'',1,7000,4,'',1
'Weekdaymerged999974',1400000101,235820,4,'',1,7000,4,'',1,3000,4,'',1,7000,4,'',1,3000,4,'',1,7000,4,'',1,3000,4,'',1,7000,4,'',1
