10100,2549,1,0
10100,1695,2,0
10100,1760,3,0
10100,1761,4,0
10100,1762,5,0
10100,1763,6,0
10100,93495,7,0
10100,93496,8,0
10100,93497,9,0
10100,93498,10,0
10100,93499,11,0
10100,93500,12,0
10100,93501,13,0
10100,93502,14,0
10100,93503,15,0
10100,93504,16,0
10100,93505,17,0
10100,93506,18,0
10100,93519,19,0
10100,93507,20,0
10100,93508,21,0
10100,93509,22,0
10100,93510,23,0
10100,93511,24,0
10100,93512,25,0
10100,3609,26,0
10100,2002,27,0
10100,2003,28,0
10100,2298,29,0
10100,1694,30,1
10101,2549,1,0
10101,3323,2,0
10101,1986,3,0
10101,1842,4,0
10101,1832,5,0
10101,93234,6,0
10101,93235,7,0
10101,1701,8,0
10101,1702,9,0
10101,1703,10,0
10101,1705,11,0
10101,1706,12,0
10101,1707,13,0
10101,1708,14,0
10101,1709,15,0
10101,1710,16,0
10101,1711,17,0
10101,1712,18,0
10101,1713,19,0
10101,1714,20,0
10101,1715,21,0
10101,1716,22,0
10101,1719,23,0
10101,1720,24,0
10101,1766,25,0
10101,1767,26,0
10101,1768,27,0
10101,1769,28,0
10101,1770,29,0
10101,1771,30,1
10300,2549,1,0
10300,1729,2,0
10300,93112,3,0
10300,93450,4,0
10300,1730,5,0
10300,1731,6,0
10300,1920,7,0
10300,1921,8,0
10300,1922,9,0
10300,1923,10,0
10300,1924,11,0
10300,1925,12,0
10300,1926,13,0
10300,1927,14,0
10300,90017,15,0
10300,1982,16,0
10300,1983,17,0
10300,2727,18,0
10300,1584,19,0
10300,1585,20,0
10300,1586,21,0
10300,1576,22,0
10300,1577,23,0
10300,1578,24,0
10300,1579,25,0
10300,1580,26,0
10300,1568,27,0
10300,93175,28,0
10300,93525,29,0
10300,1569,30,0
10300,1570,31,0
10300,1571,32,0
10300,1572,33,0
10300,1565,34,0
10300,1566,35,0
10300,1567,36,0
10300,1554,37,0
10300,1555,38,0
10300,1556,39,0
10300,1557,40,0
10300,1558,41,0
10300,93414,42,0
10300,93402,43,0
10300,93403,44,0
10300,93404,45,0
10300,93099,46,0
10300,1541,47,0
10300,1542,48,0
10300,1543,49,0
10300,1544,50,0
10300,2732,51,1
10301,2732,1,0
10301,93227,2,0
10301,1508,3,0
10301,1509,4,0
10301,1510,5,0
10301,1511,6,0
10301,1512,7,0
10301,1513,8,0
10301,93421,9,0
10301,1545,10,0
10301,93101,11,0
10301,1546,12,0
10301,1547,13,0
10301,1548,14,0
10301,1574,15,0
10301,1575,16,0
10301,1576,17,0
10301,1577,18,0
10301,1578,19,0
10301,1579,20,0
10301,1580,21,0
10301,1568,22,0
10301,93413,23,0
10301,93523,24,0
10301,93212,25,0
10301,93213,26,0
10301,93526,27,0
10301,93174,28,0
10301,93214,29,0
10301,93412,30,0
10301,1581,31,0
10301,1582,32,0
10301,1583,33,0
10301,1984,34,0
10301,1985,35,0
10301,1928,36,0
10301,1929,37,0
10301,1930,38,0
10301,1931,39,0
10301,1932,40,0
10301,1933,41,0
10301,1934,42,0
10301,1935,43,0
10301,93192,44,0
10301,1936,45,0
10301,1915,46,0
10301,93112,47,0
10301,1739,48,0
10301,1740,49,0
10301,1741,50,0
10301,2549,51,1
10700,1634,1,0
10700,1635,2,0
10700,1636,3,0
10700,1637,4,0
10700,1638,5,0
10700,1639,6,0
10700,93381,7,0
10700,93382,8,0
10700,93383,9,0
10700,93401,10,0
10700,93218,11,0
10700,93220,12,0
10700,93222,13,0
10700,93223,14,0
10700,93224,15,0
10700,1673,16,0
10700,1674,17,0
10700,1675,18,0
10700,1689,19,0
10700,1690,20,0
10700,1691,21,0
10700,1692,22,0
10700,1693,23,0
10700,1694,24,0
10700,2549,25,1
10701,2549,1,0
10701,1772,2,0
10701,1773,3,0
10701,1774,4,0
10701,1645,5,0
10701,1662,6,0
10701,1663,7,0
10701,1664,8,0
10701,1685,9,0
10701,1686,10,0
10701,1687,11,0
10701,93221,12,0
10701,93219,13,0
10701,1628,14,0
10701,1629,15,0
10701,1630,16,0
10701,1631,17,0
10701,1632,18,0
10701,1633,19,0
10701,1634,20,1
11001,93112,1,0
11001,93450,2,0
11001,1730,3,0
11001,1731,4,0
11001,1902,5,0
11001,1903,6,0
11001,93038,7,0
11001,1904,8,0
11001,1905,9,0
11001,1792,10,0
11001,1866,11,0
11001,1867,12,0
11001,1868,13,0
11001,1869,14,0
11001,1870,15,0
11001,1871,16,0
11001,1872,17,0
11001,1873,18,0
11001,1874,19,0
11001,1875,20,0
11001,93420,21,0
11001,93418,22,0
11001,93416,23,0
11001,93206,24,0
11001,3516,25,0
11001,93207,26,0
11001,93322,27,0
11001,93232,28,0
11001,93233,29,0
11001,1518,30,0
11001,1519,31,0
11001,1520,32,0
11001,1521,33,0
11001,1522,34,0
11001,1523,35,0
11001,1524,36,0
11001,1525,37,0
11001,3002,38,0
11001,3004,39,0
11001,1551,40,0
11001,1552,41,0
11001,1879,42,0
11001,1881,43,0
11001,1882,44,0
11001,1759,45,0
11001,93216,46,0
11001,1643,47,0
11001,1689,48,0
11001,1690,49,0
11001,1691,50,0
11001,1692,51,0
11001,1693,52,0
11001,1694,53,0
11001,2549,54,1
11100,93112,1,0
11100,93450,2,0
11100,1609,3,0
11100,1610,4,0
11100,1611,5,0
11100,93391,6,0
11100,93392,7,0
11100,93393,8,0
11100,93394,9,0
11100,93396,10,0
11100,93397,11,0
11100,93398,12,0
11100,93399,13,0
11100,93400,14,0
11100,1893,15,0
11100,1894,16,0
11100,1895,17,0
11100,93452,18,0
11100,93190,19,0
11100,1941,20,0
11100,1943,21,0
11100,1944,22,0
11100,1945,23,0
11100,1946,24,0
11100,1947,25,0
11100,1949,26,0
11100,93193,27,0
11100,93194,28,0
11100,93195,29,0
11100,93196,30,0
11100,93197,31,0
11100,93198,32,0
11100,1915,33,1
11101,93112,1,0
11101,93450,2,0
11101,1730,3,0
11101,93542,4,0
11101,93260,5,0
11101,93256,6,0
11101,1906,7,0
11101,1960,8,0
11101,1961,9,0
11101,1962,10,0
11101,1963,11,0
11101,1964,12,0
11101,1965,13,0
11101,1966,14,0
11101,1967,15,0
11101,1968,16,0
11101,1969,17,0
11101,1970,18,0
11101,1971,19,0
11101,1942,20,0
11101,1724,21,0
11101,93215,22,0
11101,93451,23,0
11101,1792,24,0
11101,1866,25,0
11101,1867,26,0
11101,1793,27,0
11101,1794,28,0
11101,1796,29,0
11101,1803,30,0
11101,1804,31,0
11101,93395,32,0
11101,1980,33,0
11101,1976,34,0
11101,1977,35,0
11101,1978,36,0
11101,1979,37,0
11101,1783,38,0
11101,1785,39,1
11200,2549,1,0
11200,1695,2,0
11200,1760,3,0
11200,1761,4,0
11200,1762,5,0
11200,1722,6,0
11200,93440,7,0
11200,1723,8,0
11200,1724,9,0
11200,3560,10,0
11200,1846,11,0
11200,1847,12,0
11200,93384,13,0
11200,93494,14,0
11200,93385,15,0
11200,93386,16,0
11200,93387,17,0
11200,93388,18,0
11200,93389,19,0
11200,93390,20,0
11200,93435,21,0
11200,93457,22,0
11200,93442,23,0
11200,93279,24,1
11201,93279,1,0
11201,93176,2,0
11201,3571,3,0
11201,3572,4,0
11201,3573,5,0
11201,3368,6,0
11201,93441,7,0
11201,93458,8,0
11201,1849,9,0
11201,1850,10,0
11201,1851,11,0
11201,1852,12,0
11201,1853,13,0
11201,1854,14,0
11201,1855,15,0
11201,1856,16,0
11201,1857,17,0
11201,1858,18,0
11201,1859,19,0
11201,1860,20,0
11201,1861,21,0
11201,93191,22,0
11201,1726,23,0
11201,1727,24,0
11201,1728,25,0
11201,1766,26,0
11201,1767,27,0
11201,1768,28,0
11201,1769,29,0
11201,1770,30,0
11201,1771,31,0
11201,2549,32,1
12000,1751,1,0
12000,1752,2,0
12000,1753,3,0
12000,1754,4,0
12000,1755,5,0
12000,93214,6,0
12000,1756,7,0
12000,1757,8,0
12000,1758,9,0
12000,1759,10,0
12000,93216,11,0
12000,93218,12,0
12000,93220,13,0
12000,93222,14,0
12000,93223,15,0
12000,93224,16,0
12000,1673,17,0
12000,1674,18,0
12000,1675,19,0
12000,1689,20,0
12000,1690,21,0
12000,1691,22,0
12000,1692,23,0
12000,1693,24,0
12000,1694,25,0
12000,2549,26,1
12001,2549,1,0
12001,1772,2,0
12001,1773,3,0
12001,1774,4,0
12001,1645,5,0
12001,1662,6,0
12001,1663,7,0
12001,1664,8,0
12001,1685,9,0
12001,1686,10,0
12001,1687,11,0
12001,93221,12,0
12001,93219,13,0
12001,93217,14,0
12001,1743,15,0
12001,1744,16,0
12001,1745,17,0
12001,1746,18,0
12001,1747,19,0
12001,1748,20,0
12001,1749,21,0
12001,1750,22,0
12001,1751,23,1
18101,2549,1,0
18101,1771,2,1
21500,2569,1,0
21500,2331,2,0
21500,2332,3,0
21500,2333,4,0
21500,2351,5,0
21500,2155,6,0
21500,2156,7,0
21500,92052,8,0
21500,92053,9,0
21500,92054,10,0
21500,93152,11,0
21500,93150,12,0
21500,93148,13,0
21500,93146,14,0
21500,3043,15,0
21500,3041,16,0
21500,3039,17,0
21500,93133,18,0
21500,93134,19,0
21500,93135,20,0
21500,93136,21,0
21500,3045,22,0
21500,93137,23,1
21501,93138,1,0
21501,3044,2,0
21501,93129,3,0
21501,93130,4,0
21501,93131,5,0
21501,93132,6,0
21501,3038,7,0
21501,3042,8,0
21501,93145,9,0
21501,93147,10,0
21501,93149,11,0
21501,93151,12,0
21501,92071,13,0
21501,92075,14,0
21501,2376,15,0
21501,2377,16,0
21501,3230,17,0
21501,2154,18,0
21501,93121,19,0
21501,93122,20,0
21501,93123,21,0
21501,2328,22,0
21501,2329,23,0
21501,2330,24,0
21501,2569,25,1
21600,93137,1,0
21600,2406,2,0
21600,2407,3,0
21600,93139,4,0
21600,93031,5,0
21600,93142,6,0
21600,2140,7,0
21600,2141,8,0
21600,2142,9,0
21600,2143,10,0
21600,2144,11,0
21600,2145,12,0
21600,2146,13,0
21600,2147,14,0
21600,2148,15,0
21600,2149,16,0
21600,2151,17,0
21600,2152,18,0
21600,2153,19,0
21600,2154,20,0
21600,2076,21,0
21600,91000,22,0
21600,2326,23,0
21600,2327,24,0
21600,2328,25,0
21600,2329,26,0
21600,2330,27,0
21600,2569,28,1
21601,2569,1,0
21601,2331,2,0
21601,2332,3,0
21601,2333,4,0
21601,2334,5,0
21601,2335,6,0
21601,2074,7,0
21601,2155,8,0
21601,2156,9,0
21601,2157,10,0
21601,2158,11,0
21601,2159,12,0
21601,2160,13,0
21601,2161,14,0
21601,2162,15,0
21601,2163,16,0
21601,2164,17,0
21601,2136,18,0
21601,2137,19,0
21601,2138,20,0
21601,2139,21,0
21601,93141,22,0
21601,93140,23,0
21601,2398,24,0
21601,2399,25,0
21601,2400,26,0
21601,93138,27,1
21700,3174,1,0
21700,3087,2,0
21700,3088,3,0
21700,3089,4,0
21700,3258,5,0
21700,2011,6,0
21700,2012,7,0
21700,2719,8,0
21700,3092,9,0
21700,3093,10,0
21700,3094,11,0
21700,3095,12,0
21700,3096,13,0
21700,3097,14,0
21700,3098,15,0
21700,3099,16,0
21700,2327,17,0
21700,2328,18,0
21700,2329,19,0
21700,2330,20,0
21700,2569,21,1
21701,2569,1,0
21701,2331,2,0
21701,2332,3,0
21701,2333,4,0
21701,92045,5,0
21701,2052,6,0
21701,2053,7,0
21701,2054,8,0
21701,2055,9,0
21701,92046,10,0
21701,92047,11,0
21701,2109,12,0
21701,2110,13,0
21701,3091,14,0
21701,3090,15,0
21701,3259,16,0
21701,2276,17,0
21701,2026,18,0
21701,2027,19,0
21701,2028,20,0
21701,2084,21,1
21801,3074,1,0
21801,3075,2,0
21801,3076,3,0
21801,3077,4,0
21801,3261,5,0
21801,3078,6,0
21801,2015,7,0
21801,2016,8,0
21801,2062,9,0
21801,2063,10,0
21801,2064,11,0
21801,2065,12,0
21801,2066,13,0
21801,3231,14,0
21801,2026,15,0
21801,2027,16,0
21801,2028,17,0
21801,2092,18,0
21801,2093,19,0
21801,2094,20,0
21801,2095,21,0
21801,2096,22,0
21801,2097,23,0
21801,2313,24,0
21801,2314,25,0
21801,2315,26,1
21900,3016,1,0
21900,93055,2,0
21900,2245,3,0
21900,2246,4,0
21900,2247,5,0
21900,93069,6,0
21900,93071,7,0
21900,93073,8,0
21900,93076,9,0
21900,93077,10,0
21900,93079,11,0
21900,92018,12,0
21900,92019,13,0
21900,92020,14,0
21900,92036,15,0
21900,92037,16,0
21900,92038,17,0
21900,3012,18,0
21900,3011,19,0
21900,3322,20,0
21900,2266,21,0
21900,2268,22,0
21900,2569,23,1
21901,2569,1,0
21901,2282,2,0
21901,1598,3,0
21901,2195,4,0
21901,3013,5,0
21901,3014,6,0
21901,2182,7,0
21901,2183,8,0
21901,2184,9,0
21901,2185,10,0
21901,2186,11,0
21901,93104,12,0
21901,93080,13,0
21901,93078,14,0
21901,93075,15,0
21901,3015,16,0
21901,3016,17,0
21901,2167,18,0
21901,2168,19,0
21901,2169,20,0
21901,3520,21,0
21901,3521,22,0
21901,3522,23,0
21901,3523,24,0
21901,3524,25,0
21901,93067,26,0
21901,93069,27,1
22300,1915,1,0
22300,93112,2,0
22300,1741,3,0
22300,2549,4,0
22300,1695,5,0
22300,1760,6,0
22300,1761,7,0
22300,1762,8,0
22300,1763,9,0
22300,1764,10,0
22300,2004,11,0
22300,2299,12,0
22300,2280,13,0
22300,2281,14,0
22300,2569,15,0
22300,2574,16,0
22300,2269,17,0
22300,2300,18,0
22300,2301,19,0
22300,2302,20,0
22300,2303,21,0
22300,2304,22,0
22300,2305,23,0
22300,2306,24,0
22300,2307,25,0
22300,2308,26,0
22300,2309,27,0
22300,2718,28,0
22300,2310,29,0
22300,3060,30,0
22300,3061,31,0
22300,3062,32,0
22300,3554,33,0
22300,3063,34,0
22300,3509,35,0
22300,3064,36,0
22300,3066,37,0
22300,3067,38,0
22300,3365,39,0
22300,3359,40,0
22300,3360,41,0
22300,3361,42,0
22300,3362,43,0
22300,2717,44,0
22300,2088,45,0
22300,2089,46,0
22300,3174,47,1
22301,2033,1,0
22301,2034,2,0
22301,2036,3,0
22301,2037,4,0
22301,2038,5,0
22301,2084,6,0
22301,3068,7,0
22301,33069,8,0
22301,3070,9,0
22301,2039,10,0
22301,2041,11,0
22301,2046,12,0
22301,2048,13,0
22301,93491,14,0
22301,3555,15,0
22301,2050,16,0
22301,2051,17,0
22301,93158,18,0
22301,93159,19,0
22301,2311,20,0
22301,2312,21,0
22301,2313,22,0
22301,2314,23,0
22301,2315,24,0
22301,2316,25,0
22301,2317,26,0
22301,2318,27,0
22301,2319,28,0
22301,2320,29,0
22301,2321,30,0
22301,2322,31,0
22301,2280,32,0
22301,2281,33,0
22301,2569,34,0
22301,2574,35,0
22301,2269,36,0
22301,2270,37,0
22301,2324,38,0
22301,2323,39,0
22301,1765,40,0
22301,1766,41,0
22301,1767,42,0
22301,1768,43,0
22301,1769,44,0
22301,1770,45,0
22301,1771,46,0
22301,2549,47,0
22301,1729,48,0
22301,1730,49,0
22301,93542,50,0
22301,1915,51,1
22400,2569,1,0
22400,2331,2,0
22400,2332,3,0
22400,2333,4,0
22400,2351,5,0
22400,2352,6,0
22400,2076,7,0
22400,91000,8,0
22400,2078,9,0
22400,2079,10,0
22400,2080,11,0
22400,2081,12,0
22400,2082,13,0
22400,2083,14,0
22400,3083,15,0
22400,3253,16,0
22400,3084,17,0
22400,3085,18,0
22400,3086,19,0
22400,2092,20,0
22400,2093,21,0
22400,2094,22,0
22400,2095,23,0
22400,2096,24,0
22400,2097,25,0
22400,3048,26,0
22400,3049,27,0
22400,3265,28,0
22400,92054,29,0
22400,93152,30,0
22400,93150,31,0
22400,93148,32,0
22400,93146,33,0
22400,3043,34,0
22400,3041,35,0
22400,3039,36,0
22400,93161,37,0
22400,93137,38,0
22400,3046,39,0
22400,3047,40,0
22400,2161,41,0
22400,3026,42,0
22400,3028,43,1
22401,93138,1,0
22401,92064,2,0
22401,93160,3,0
22401,3038,4,0
22401,3042,5,0
22401,93145,6,0
22401,93147,7,0
22401,3028,8,0
22401,93149,9,0
22401,93151,10,0
22401,92071,11,0
22401,92075,12,0
22401,3266,13,0
22401,3052,14,0
22401,3053,15,0
22401,3054,16,0
22401,3055,17,0
22401,3056,18,0
22401,3057,19,0
22401,3058,20,0
22401,3059,21,0
22401,2029,22,0
22401,2030,23,0
22401,2031,24,0
22401,2032,25,0
22401,2058,26,0
22401,2065,27,0
22401,2066,28,0
22401,3231,29,0
22401,2067,30,0
22401,2068,31,0
22401,2069,32,0
22401,2070,33,0
22401,2072,34,0
22401,2073,35,0
22401,2074,36,0
22401,93121,37,0
22401,93122,38,0
22401,93123,39,0
22401,2328,40,0
22401,2329,41,0
22401,2330,42,0
22401,2569,43,1
22500,93137,1,0
22500,3612,2,0
22500,2401,3,0
22500,92059,4,0
22500,92060,5,0
22500,93127,6,0
22500,93125,7,0
22500,93153,8,0
22500,3036,9,0
22500,3034,10,0
22500,3033,11,0
22500,2173,12,0
22500,2174,13,0
22500,93118,14,0
22500,93541,15,0
22500,3031,16,0
22500,92067,17,0
22500,92068,18,0
22500,3027,19,0
22500,3025,20,0
22500,3024,21,0
22500,2192,22,0
22500,2193,23,0
22500,2194,24,0
22500,2128,25,0
22500,2129,26,0
22500,2130,27,0
22500,2131,28,0
22500,2132,29,0
22500,2133,30,0
22500,2268,31,0
22500,2569,32,1
22501,2569,1,0
22501,2282,2,0
22501,2134,3,0
22501,2135,4,0
22501,2215,5,0
22501,2216,6,0
22501,2715,7,0
22501,2111,8,0
22501,3020,9,0
22501,3021,10,0
22501,3022,11,0
22501,3023,12,0
22501,3026,13,0
22501,3028,14,0
22501,2225,15,0
22501,2226,16,0
22501,2227,17,0
22501,93540,18,0
22501,93119,19,0
22501,3299,20,0
22501,2178,21,0
22501,2179,22,0
22501,3035,23,0
22501,3037,24,0
22501,2231,25,0
22501,93126,26,0
22501,92061,27,0
22501,92062,28,0
22501,93128,29,0
22501,3045,30,0
22501,93137,31,1
22600,2059,1,0
22600,2060,2,0
22600,2061,3,0
22600,3079,4,0
22600,3080,5,0
22600,3081,6,0
22600,3260,7,0
22600,3082,8,0
22600,2022,9,0
22600,2023,10,0
22600,2024,11,0
22600,2277,12,0
22600,93312,13,0
22600,2278,14,0
22600,2279,15,0
22600,2280,16,0
22600,2281,17,0
22600,2569,18,1
22601,2569,1,0
22601,2574,2,0
22601,2269,3,0
22601,2270,4,0
22601,3071,5,0
22601,3072,6,0
22601,3073,7,0
22601,3074,8,0
22601,3075,9,0
22601,3076,10,0
22601,3077,11,0
22601,3261,12,0
22601,3078,13,0
22601,2015,14,0
22601,2016,15,0
22601,2062,16,0
22601,2063,17,0
22601,2064,18,0
22601,2059,19,1
23200,92015,1,0
23200,3312,2,0
23200,92022,3,0
23200,92023,4,0
23200,2206,5,0
23200,2207,6,0
23200,2208,7,0
23200,2720,8,0
23200,2209,9,0
23200,2210,10,0
23200,2211,11,0
23200,2212,12,0
23200,2213,13,0
23200,2214,14,0
23200,2267,15,0
23200,2268,16,0
23200,2569,17,1
23201,2569,1,0
23201,93237,2,0
23201,92004,3,0
23201,92005,4,0
23201,92006,5,0
23201,92007,6,0
23201,92008,7,0
23201,3229,8,0
23201,92009,9,0
23201,92010,10,0
23201,92011,11,0
23201,3006,12,0
23201,3007,13,0
23201,3008,14,0
23201,3009,15,0
23201,92014,16,0
23201,92015,17,1
29100,1909,1,0
29100,1911,2,0
29100,1912,3,0
29100,1786,4,0
29100,1787,5,0
29100,1789,6,0
29100,1790,7,0
29100,93048,8,0
29100,2233,9,0
29100,3229,10,0
29100,92009,11,0
29100,92010,12,0
29100,92011,13,0
29100,92012,14,0
29100,92013,15,0
29100,92014,16,0
29100,92015,17,0
29100,92016,18,0
29100,92017,19,0
29100,2167,20,0
29100,2168,21,0
29100,2258,22,0
29100,2259,23,0
29100,2260,24,0
29100,2261,25,0
29100,2262,26,0
29100,2263,27,0
29100,2264,28,0
29100,3029,29,0
29100,2238,30,0
29100,2240,31,0
29100,2241,32,0
29100,2242,33,0
29100,1940,34,0
29100,1591,35,0
29100,90003,36,0
29100,2151,37,0
29100,2152,38,0
29100,2153,39,0
29100,2154,40,0
29100,2076,41,0
29100,91000,42,0
29100,3332,43,0
29100,2326,44,0
29100,92045,45,0
29100,2304,46,0
29100,2305,47,0
29100,3329,48,0
29100,3330,49,0
29100,3328,50,0
29100,2056,51,0
29100,2276,52,1
29101,2276,1,0
29101,3083,2,0
29101,2059,3,0
29101,2060,4,0
29101,2061,5,0
29101,2062,6,0
29101,2063,7,0
29101,2064,8,0
29101,2065,9,0
29101,2066,10,0
29101,3231,11,0
29101,2067,12,0
29101,2068,13,0
29101,2069,14,0
29101,2070,15,0
29101,2317,16,0
29101,3327,17,0
29101,2336,18,0
29101,2155,19,0
29101,2156,20,0
29101,2157,21,0
29101,2241,22,0
29101,2242,23,0
29101,1940,24,0
29101,1591,25,0
29101,90003,26,0
29101,2151,27,0
29101,1594,28,0
29101,1595,29,0
29101,1596,30,0
29101,1597,31,0
29101,2285,32,0
29101,2286,33,0
29101,2287,34,0
29101,2288,35,0
29101,93143,36,0
29101,93057,37,0
29101,93015,38,0
29101,93016,39,0
29101,3296,40,0
29101,2166,41,0
29101,2204,42,0
29101,2205,43,0
29101,2206,44,0
29101,2207,45,0
29101,2208,46,0
29101,2720,47,0
29101,2209,48,0
29101,1601,49,0
29101,1602,50,0
29101,1603,51,0
29101,1604,52,0
29101,1607,53,0
29101,1915,54,0
29101,1909,55,1
30100,2576,1,0
30100,166,2,0
30100,89,3,0
30100,90,4,0
30100,91,5,0
30100,92,6,0
30100,93,7,0
30100,94,8,0
30100,95,9,0
30100,96,10,0
30100,97,11,0
30100,98,12,0
30100,99,13,0
30100,100,14,0
30100,101,15,0
30100,102,16,0
30100,103,17,0
30100,104,18,0
30100,105,19,0
30100,106,20,0
30100,107,21,0
30100,108,22,0
30100,471,23,0
30100,110,24,0
30100,114,25,0
30100,115,26,0
30100,116,27,0
30100,117,28,0
30100,93091,29,0
30100,118,30,0
30100,93092,31,0
30100,119,32,0
30100,93083,33,0
30100,125,34,1
30101,125,1,0
30101,126,2,0
30101,127,3,0
30101,128,4,0
30101,129,5,0
30101,130,6,0
30101,131,7,0
30101,132,8,0
30101,133,9,0
30101,134,10,0
30101,135,11,0
30101,136,12,0
30101,137,13,0
30101,138,14,0
30101,139,15,0
30101,140,16,0
30101,141,17,0
30101,142,18,0
30101,143,19,0
30101,144,20,0
30101,145,21,0
30101,146,22,0
30101,147,23,0
30101,148,24,0
30101,149,25,0
30101,150,26,0
30101,151,27,0
30101,152,28,0
30101,216,29,0
30101,217,30,0
30101,2576,31,1
30200,2576,1,0
30200,166,2,0
30200,167,3,0
30200,168,4,0
30200,169,5,0
30200,170,6,0
30200,171,7,0
30200,172,8,0
30200,173,9,0
30200,174,10,0
30200,175,11,0
30200,176,12,0
30200,177,13,0
30200,179,14,0
30200,180,15,0
30200,181,16,0
30200,182,17,0
30200,183,18,0
30200,184,19,0
30200,185,20,0
30200,186,21,0
30200,187,22,0
30200,188,23,0
30200,189,24,0
30200,93041,25,0
30200,190,26,0
30200,490,27,0
30200,491,28,0
30200,492,29,0
30200,493,30,0
30200,494,31,0
30200,495,32,0
30200,496,33,0
30200,93022,34,0
30200,497,35,0
30200,498,36,0
30200,499,37,0
30200,500,38,0
30200,501,39,0
30200,502,40,0
30200,503,41,0
30200,504,42,0
30200,505,43,0
30200,506,44,0
30200,507,45,0
30200,3548,46,1
30201,3548,1,0
30201,3547,2,0
30201,3546,3,0
30201,3545,4,0
30201,3543,5,0
30201,3544,6,0
30201,514,7,0
30201,513,8,0
30201,512,9,0
30201,511,10,0
30201,3549,11,0
30201,535,12,0
30201,191,13,0
30201,93040,14,0
30201,192,15,0
30201,193,16,0
30201,194,17,0
30201,195,18,0
30201,196,19,0
30201,197,20,0
30201,198,21,0
30201,199,22,0
30201,200,23,0
30201,201,24,0
30201,202,25,0
30201,203,26,0
30201,204,27,0
30201,205,28,0
30201,206,29,0
30201,207,30,0
30201,208,31,0
30201,209,32,0
30201,210,33,0
30201,211,34,0
30201,212,35,0
30201,213,36,0
30201,214,37,0
30201,215,38,0
30201,216,39,0
30201,217,40,0
30201,2576,41,1
30300,90020,1,0
30300,90021,2,0
30300,90022,3,0
30300,90078,4,0
30300,93009,5,0
30300,24,6,0
30300,25,7,0
30300,26,8,0
30300,27,9,0
30300,28,10,0
30300,29,11,0
30300,30,12,0
30300,31,13,0
30300,32,14,0
30300,33,15,0
30300,34,16,0
30300,35,17,0
30300,36,18,0
30300,37,19,0
30300,39,20,0
30300,40,21,0
30300,41,22,0
30300,328,23,0
30300,329,24,0
30300,2576,25,1
30301,2576,1,0
30301,260,2,0
30301,261,3,0
30301,3254,4,0
30301,3255,5,0
30301,1,6,0
30301,3,7,0
30301,5,8,0
30301,6,9,0
30301,7,10,0
30301,8,11,0
30301,9,12,0
30301,10,13,0
30301,11,14,0
30301,12,15,0
30301,13,16,0
30301,14,17,0
30301,15,18,0
30301,16,19,0
30301,17,20,0
30301,18,21,0
30301,23,22,0
30301,22,23,0
30301,21,24,0
30301,20,25,0
30301,90019,26,0
30301,90020,27,1
30400,2576,1,0
30400,166,2,0
30400,167,3,0
30400,153,4,0
30400,154,5,0
30400,155,6,0
30400,156,7,0
30400,157,8,0
30400,158,9,0
30400,159,10,0
30400,160,11,0
30400,432,12,0
30400,225,13,0
30400,226,14,0
30400,93433,15,0
30400,227,16,0
30400,228,17,0
30400,229,18,0
30400,230,19,0
30400,231,20,0
30400,232,21,0
30400,233,22,0
30400,234,23,0
30400,235,24,0
30400,236,25,0
30400,237,26,0
30400,238,27,0
30400,239,28,0
30400,240,29,0
30400,93109,30,0
30400,241,31,1
30401,241,1,0
30401,242,2,0
30401,243,3,0
30401,244,4,0
30401,245,5,0
30401,246,6,0
30401,247,7,0
30401,248,8,0
30401,249,9,0
30401,250,10,0
30401,251,11,0
30401,253,12,0
30401,254,13,0
30401,255,14,0
30401,256,15,0
30401,257,16,0
30401,93434,17,0
30401,258,18,0
30401,259,19,0
30401,3599,20,0
30401,393,21,0
30401,161,22,0
30401,162,23,0
30401,163,24,0
30401,164,25,0
30401,165,26,0
30401,85,27,0
30401,86,28,0
30401,87,29,0
30401,216,30,0
30401,217,31,0
30401,2576,32,1
30500,2576,1,0
30500,260,2,0
30500,261,3,0
30500,330,4,0
30500,332,5,0
30500,333,6,0
30500,334,7,0
30500,335,8,0
30500,336,9,0
30500,272,10,0
30500,273,11,0
30500,274,12,0
30500,275,13,0
30500,276,14,0
30500,277,15,0
30500,278,16,0
30500,279,17,0
30500,309,18,0
30500,280,19,0
30500,281,20,0
30500,282,21,0
30500,283,22,0
30500,93185,23,0
30500,93186,24,0
30500,3106,25,0
30500,3107,26,0
30500,290,27,0
30500,292,28,0
30500,383,29,1
30501,383,1,0
30501,384,2,0
30501,293,3,0
30501,294,4,0
30501,295,5,0
30501,3420,6,0
30501,3421,7,0
30501,3409,8,0
30501,3410,9,0
30501,3411,10,0
30501,3412,11,0
30501,3413,12,0
30501,3414,13,0
30501,3415,14,0
30501,310,15,0
30501,311,16,0
30501,312,17,0
30501,313,18,0
30501,314,19,0
30501,315,20,0
30501,316,21,0
30501,317,22,0
30501,93242,23,0
30501,321,24,0
30501,322,25,0
30501,323,26,0
30501,324,27,0
30501,325,28,0
30501,326,29,0
30501,327,30,0
30501,328,31,0
30501,329,32,0
30501,2576,33,1
30800,2576,1,0
30800,42,2,0
30800,43,3,0
30800,44,4,0
30800,90007,5,0
30800,45,6,0
30800,47,7,0
30800,3100,8,0
30800,54,9,0
30800,56,10,0
30800,1510753429,11,0
30800,1510754390,12,0
30800,57,13,0
30800,93058,14,0
30800,58,15,1
30801,58,1,0
30801,3588,2,0
30801,93059,3,0
30801,59,4,0
30801,3101,5,0
30801,3102,6,0
30801,3103,7,0
30801,3104,8,0
30801,3105,9,0
30801,93115,10,0
30801,60,11,0
30801,61,12,0
30801,63,13,0
30801,64,14,0
30801,2576,15,1
31000,93482,1,0
31000,93483,2,0
31000,93484,3,0
31000,93485,4,0
31000,533,5,0
31000,93487,6,0
31000,93486,7,0
31000,93026,8,0
31000,3556,9,0
31000,90076,10,0
31000,698,11,1
31001,698,1,0
31001,2712,2,0
31001,705,3,0
31001,3557,4,0
31001,93553,5,0
31001,519,6,0
31001,520,7,0
31001,521,8,0
31001,522,9,0
31001,523,10,0
31001,492,11,0
31001,93480,12,0
31001,93481,13,0
31001,93482,14,1
31200,376,1,0
31200,197,2,0
31200,198,3,0
31200,199,4,0
31200,200,5,0
31200,201,6,0
31200,93266,7,0
31200,477,8,0
31200,480,9,0
31200,30,10,0
31200,31,11,0
31200,93271,12,0
31200,93241,13,0
31200,255,14,0
31200,256,15,0
31200,257,16,0
31200,258,17,0
31200,450,18,0
31200,93249,19,0
31200,93277,20,0
31200,93248,21,0
31200,93247,22,0
31200,438,23,0
31200,439,24,0
31200,440,25,0
31200,441,26,0
31200,442,27,0
31200,443,28,0
31200,536,29,0
31200,1283,30,0
31200,1284,31,0
31200,1285,32,0
31200,1286,33,0
31200,2595,34,1
31201,2595,1,0
31201,1280,2,0
31201,1281,3,0
31201,1282,4,0
31201,537,5,0
31201,444,6,0
31201,93087,7,0
31201,343,8,0
31201,344,9,0
31201,345,10,0
31201,445,11,0
31201,446,12,0
31201,447,13,0
31201,448,14,0
31201,449,15,0
31201,389,16,0
31201,391,17,0
31201,3599,18,0
31201,393,19,0
31201,394,20,0
31201,396,21,0
31201,398,22,0
31201,400,23,0
31201,401,24,0
31201,93261,25,0
31201,93258,26,0
31201,93278,27,0
31201,93262,28,0
31201,93263,29,0
31201,93264,30,0
31201,3514,31,0
31201,93265,32,0
31201,375,33,0
31201,376,34,1
40100,698,1,0
40100,706,2,0
40100,708,3,0
40100,709,4,0
40100,710,5,0
40100,711,6,0
40100,712,7,0
40100,713,8,0
40100,714,9,0
40100,715,10,0
40100,716,11,0
40100,717,12,0
40100,718,13,0
40100,650,14,0
40100,651,15,0
40100,652,16,0
40100,653,17,0
40100,93007,18,0
40100,654,19,0
40100,655,20,0
40100,656,21,0
40100,657,22,0
40100,658,23,0
40100,659,24,0
40100,660,25,0
40100,661,26,0
40100,662,27,0
40100,663,28,0
40100,664,29,0
40100,665,30,0
40100,1106,31,0
40100,1107,32,0
40100,3108,33,0
40100,3109,34,0
40100,3110,35,0
40100,3111,36,0
40100,1096,37,0
40100,666,38,0
40100,667,39,0
40100,3567,40,0
40100,3569,41,0
40100,3570,42,0
40100,1023,43,0
40100,1024,44,0
40100,1025,45,0
40100,1026,46,0
40100,1027,47,0
40100,1028,48,0
40100,93028,49,0
40100,1029,50,1
40101,1029,1,0
40101,1030,2,0
40101,1031,3,0
40101,1032,4,0
40101,1033,5,0
40101,986,6,0
40101,987,7,0
40101,988,8,0
40101,989,9,0
40101,1020,10,0
40101,1096,11,0
40101,1097,12,0
40101,90015,13,0
40101,668,14,0
40101,669,15,0
40101,670,16,0
40101,671,17,0
40101,672,18,0
40101,673,19,0
40101,674,20,0
40101,675,21,0
40101,93178,22,0
40101,676,23,0
40101,677,24,0
40101,678,25,0
40101,679,26,0
40101,680,27,0
40101,681,28,0
40101,682,29,0
40101,683,30,0
40101,605,31,0
40101,684,32,0
40101,685,33,0
40101,686,34,0
40101,687,35,0
40101,688,36,0
40101,689,37,0
40101,690,38,0
40101,691,39,0
40101,692,40,0
40101,693,41,0
40101,694,42,0
40101,695,43,0
40101,93086,44,0
40101,697,45,0
40101,698,46,1
40200,2595,1,0
40200,1290,2,0
40200,1291,3,0
40200,1363,4,0
40200,1364,5,0
40200,1181,6,0
40200,1183,7,0
40200,2603,8,0
40200,1242,9,0
40200,1185,10,0
40200,1243,11,0
40200,1186,12,0
40200,1187,13,0
40200,1188,14,0
40200,1189,15,0
40200,1190,16,0
40200,1191,17,0
40200,1192,18,0
40200,1193,19,0
40200,1194,20,0
40200,1195,21,0
40200,1196,22,0
40200,1197,23,0
40200,1198,24,0
40200,1199,25,0
40200,1200,26,0
40200,1224,27,0
40200,1225,28,0
40200,1244,29,0
40200,93111,30,0
40200,1245,31,0
40200,3553,32,0
40200,93323,33,1
40201,1217,1,0
40201,1218,2,0
40201,1219,3,0
40201,1220,4,0
40201,1221,5,0
40201,1222,6,0
40201,1223,7,0
40201,1133,8,0
40201,1134,9,0
40201,1135,10,0
40201,1136,11,0
40201,1137,12,0
40201,1156,13,0
40201,1157,14,0
40201,1158,15,0
40201,1159,16,0
40201,1160,17,0
40201,1161,18,0
40201,1162,19,0
40201,1163,20,0
40201,1164,21,0
40201,1165,22,0
40201,1166,23,0
40201,1167,24,0
40201,1359,25,0
40201,1360,26,0
40201,1361,27,0
40201,1274,28,0
40201,1275,29,0
40201,2595,30,1
40300,2585,1,0
40300,262,2,0
40300,318,3,0
40300,319,4,0
40300,320,5,0
40300,93243,6,0
40300,93463,7,0
40300,93465,8,0
40300,93459,9,0
40300,93461,10,0
40300,93246,11,0
40300,939,12,0
40300,960,13,0
40300,961,14,0
40300,962,15,0
40300,963,16,0
40300,964,17,0
40300,965,18,0
40300,995,19,0
40300,996,20,0
40300,997,21,0
40300,998,22,0
40300,999,23,0
40300,1000,24,0
40300,1001,25,0
40300,1002,26,0
40300,1003,27,0
40300,1055,28,0
40300,1004,29,0
40300,1005,30,0
40300,1006,31,0
40300,1007,32,0
40300,1008,33,0
40300,1132,34,0
40300,1276,35,0
40300,1277,36,0
40300,1278,37,0
40300,2595,38,1
40301,2595,1,0
40301,1287,2,0
40301,1288,3,0
40301,1289,4,0
40301,1362,5,0
40301,1009,6,0
40301,1010,7,0
40301,1011,8,0
40301,1012,9,0
40301,1013,10,0
40301,1091,11,0
40301,1014,12,0
40301,1015,13,0
40301,1016,14,0
40301,1017,15,0
40301,1018,16,0
40301,1019,17,0
40301,990,18,0
40301,991,19,0
40301,992,20,0
40301,993,21,0
40301,994,22,0
40301,984,23,0
40301,985,24,0
40301,970,25,0
40301,971,26,0
40301,972,27,0
40301,93001,28,0
40301,940,29,0
40301,973,30,0
40301,93462,31,0
40301,93460,32,0
40301,93464,33,0
40301,93527,34,0
40301,265,35,0
40301,266,36,0
40301,267,37,0
40301,268,38,0
40301,269,39,0
40301,270,40,0
40301,1052,41,0
40301,93179,42,0
40301,2585,43,1
40500,2585,1,0
40500,1053,2,0
40500,941,3,0
40500,942,4,0
40500,1286,5,0
40500,2595,6,0
40500,1290,7,0
40500,1291,8,0
40500,1363,9,0
40500,1364,10,0
40500,1181,11,0
40500,1183,12,0
40500,2603,13,0
40500,1242,14,0
40500,1185,15,0
40500,1243,16,0
40500,1186,17,0
40500,1187,18,0
40500,1188,19,0
40500,1189,20,0
40500,3120,21,0
40500,3122,22,0
40500,3124,23,0
40500,3126,24,0
40500,90063,25,0
40500,90065,26,0
40500,3341,27,0
40500,3178,28,0
40500,3343,29,0
40500,93362,30,0
40500,93361,31,0
40500,93360,32,0
40500,93359,33,0
40500,93357,34,0
40500,90045,35,0
40500,93356,36,0
40500,93354,37,0
40500,3518,38,0
40500,817,39,0
40500,93425,40,0
40500,812,41,1
40501,812,1,0
40501,93036,2,0
40501,817,3,0
40501,3517,4,0
40501,93353,5,0
40501,93355,6,0
40501,93358,7,0
40501,90054,8,0
40501,90070,9,0
40501,90055,10,0
40501,90056,11,0
40501,90057,12,0
40501,90083,13,0
40501,3344,14,0
40501,3179,15,0
40501,3342,16,0
40501,90066,17,0
40501,90064,18,0
40501,3125,19,0
40501,3123,20,0
40501,3121,21,0
40501,3306,22,0
40501,1160,23,0
40501,1161,24,0
40501,1162,25,0
40501,1163,26,0
40501,1164,27,0
40501,1165,28,0
40501,1166,29,0
40501,1167,30,0
40501,1359,31,0
40501,1360,32,0
40501,1361,33,0
40501,1274,34,0
40501,1275,35,0
40501,2595,36,0
40501,958,37,0
40501,959,38,0
40501,2585,39,1
40600,2595,1,0
40600,1287,2,0
40600,1288,3,0
40600,1362,4,0
40600,1510755351,5,0
40600,1055,6,0
40600,1056,7,0
40600,1057,8,0
40600,1058,9,0
40600,1059,10,0
40600,2709,11,0
40600,3110,12,0
40600,3111,13,0
40600,3566,14,0
40600,3564,15,0
40600,3561,16,0
40600,1119,17,1
40601,1119,1,0
40601,1120,2,0
40601,3562,3,0
40601,3563,4,0
40601,3565,5,0
40601,92003,6,0
40601,1088,7,0
40601,1089,8,0
40601,1090,9,0
40601,1510756312,10,0
40601,1132,11,0
40601,1276,12,0
40601,1277,13,0
40601,1278,14,0
40601,2595,15,1
40700,90014,1,0
40700,93189,2,0
40700,3113,3,0
40700,3114,4,0
40700,1083,5,0
40700,1084,6,0
40700,3262,7,0
40700,3263,8,0
40700,93183,9,0
40700,1121,10,0
40700,1122,11,0
40700,3597,12,0
40700,1123,13,0
40700,670,14,0
40700,671,15,0
40700,672,16,0
40700,673,17,0
40700,674,18,0
40700,675,19,0
40700,93178,20,0
40700,1242,21,0
40700,1185,22,0
40700,1243,23,0
40700,1186,24,0
40700,3118,25,0
40700,3116,26,0
40700,879,27,0
40700,880,28,0
40700,881,29,0
40700,882,30,0
40700,883,31,0
40700,884,32,0
40700,885,33,0
40700,886,34,0
40700,887,35,0
40700,888,36,0
40700,889,37,0
40700,3269,38,0
40700,3270,39,0
40700,3271,40,0
40700,892,41,0
40700,1371,42,0
40700,1372,43,0
40700,1353,44,0
40700,1354,45,0
40700,1355,46,0
40700,1356,47,0
40700,93531,48,0
40700,1387,49,0
40700,1388,50,0
40700,3552,51,0
40700,93426,52,0
40700,90051,53,0
40700,90053,54,0
40700,93493,55,0
40700,93424,56,0
40700,93425,57,0
40700,812,58,1
40701,812,1,0
40701,90041,2,0
40701,90042,3,0
40701,90043,4,0
40701,90044,5,0
40701,90052,6,0
40701,910,7,0
40701,90050,8,0
40701,3551,9,0
40701,859,10,0
40701,861,11,0
40701,862,12,0
40701,863,13,0
40701,864,14,0
40701,865,15,0
40701,866,16,0
40701,867,17,0
40701,868,18,0
40701,869,19,0
40701,870,20,0
40701,871,21,0
40701,872,22,0
40701,3115,23,0
40701,3117,24,0
40701,1163,25,0
40701,1164,26,0
40701,1165,27,0
40701,659,28,0
40701,660,29,0
40701,661,30,0
40701,662,31,0
40701,663,32,0
40701,664,33,0
40701,665,34,0
40701,1106,35,0
40701,3598,36,0
40701,1107,37,0
40701,3108,38,0
40701,1108,39,0
40701,1109,40,0
40701,1110,41,0
40701,1111,42,0
40701,1112,43,0
40701,1113,44,0
40701,1114,45,0
40701,1115,46,0
40701,1116,47,0
40701,1117,48,0
40701,1118,49,0
40701,1119,50,0
40701,1120,51,0
40701,93000,52,0
40701,1101,53,0
40701,90014,54,1
40800,383,1,0
40800,384,2,0
40800,293,3,0
40800,294,4,0
40800,295,5,0
40800,296,6,0
40800,297,7,0
40800,298,8,0
40800,299,9,0
40800,300,10,0
40800,301,11,0
40800,302,12,0
40800,303,13,0
40800,304,14,0
40800,3418,15,0
40800,3419,16,0
40800,3417,17,0
40800,439,18,0
40800,440,19,0
40800,441,20,0
40800,442,21,0
40800,93488,22,0
40800,93242,23,0
40800,1052,24,0
40800,2585,25,1
40801,2585,1,0
40801,262,2,0
40801,3607,3,0
40801,272,4,0
40801,93489,5,0
40801,343,6,0
40801,344,7,0
40801,345,8,0
40801,3416,9,0
40801,346,10,0
40801,347,11,0
40801,348,12,0
40801,349,13,0
40801,350,14,0
40801,351,15,0
40801,352,16,0
40801,353,17,0
40801,354,18,0
40801,355,19,0
40801,356,20,0
40801,3420,21,0
40801,3421,22,0
40801,3409,23,0
40801,290,24,0
40801,292,25,0
40801,383,26,1
40900,383,1,0
40900,384,2,0
40900,293,3,0
40900,294,4,0
40900,295,5,0
40900,296,6,0
40900,297,7,0
40900,298,8,0
40900,299,9,0
40900,300,10,0
40900,301,11,0
40900,302,12,0
40900,303,13,0
40900,304,14,0
40900,3418,15,0
40900,3419,16,0
40900,3417,17,0
40900,439,18,0
40900,440,19,0
40900,441,20,0
40900,442,21,0
40900,443,22,0
40900,536,23,0
40900,1283,24,0
40900,1284,25,0
40900,1285,26,0
40900,488,27,0
40900,565,28,0
40900,566,29,0
40900,567,30,0
40900,952,31,0
40900,93455,32,0
40900,93376,33,0
40900,93429,34,0
40900,93439,35,0
40900,93551,36,0
40900,953,37,0
40900,955,38,0
40900,2595,39,1
40901,2595,1,0
40901,1280,2,0
40901,1281,3,0
40901,1282,4,0
40901,537,5,0
40901,343,6,0
40901,344,7,0
40901,345,8,0
40901,3416,9,0
40901,346,10,0
40901,347,11,0
40901,348,12,0
40901,349,13,0
40901,350,14,0
40901,351,15,0
40901,352,16,0
40901,353,17,0
40901,354,18,0
40901,355,19,0
40901,356,20,0
40901,3420,21,0
40901,3421,22,0
40901,3409,23,0
40901,290,24,0
40901,292,25,0
40901,383,26,1
41000,812,1,0
41000,90038,2,0
41000,90080,3,0
41000,799,4,0
41000,800,5,0
41000,801,6,0
41000,802,7,0
41000,803,8,0
41000,804,9,0
41000,805,10,0
41000,806,11,0
41000,807,12,0
41000,808,13,0
41000,809,14,0
41000,585,15,0
41000,93432,16,0
41000,1145,17,0
41000,1146,18,0
41000,1147,19,0
41000,1148,20,0
41000,1149,21,0
41000,1150,22,0
41000,1151,23,0
41000,1152,24,0
41000,1257,25,0
41000,1258,26,0
41000,1259,27,0
41000,1260,28,0
41000,1261,29,0
41000,1262,30,0
41000,1263,31,0
41000,1264,32,0
41000,1265,33,0
41000,1266,34,0
41000,1267,35,0
41000,3309,36,0
41000,2604,37,0
41000,3227,38,0
41000,1276,39,0
41000,1277,40,0
41000,1278,41,0
41000,2595,42,1
41001,2595,1,0
41001,1287,2,0
41001,1288,3,0
41001,1289,4,0
41001,3228,5,0
41001,2605,6,0
41001,1296,7,0
41001,1297,8,0
41001,1298,9,0
41001,1299,10,0
41001,93027,11,0
41001,1300,12,0
41001,1301,13,0
41001,1302,14,0
41001,1303,15,0
41001,1304,16,0
41001,1305,17,0
41001,1153,18,0
41001,1154,19,0
41001,93552,20,0
41001,1155,21,0
41001,1138,22,0
41001,1139,23,0
41001,1140,24,0
41001,1141,25,0
41001,1142,26,0
41001,584,27,0
41001,638,28,0
41001,639,29,0
41001,640,30,0
41001,641,31,0
41001,642,32,0
41001,643,33,0
41001,644,34,0
41001,645,35,0
41001,646,36,0
41001,647,37,0
41001,648,38,0
41001,649,39,0
41001,90079,40,0
41001,90040,41,0
41001,93425,42,0
41001,812,43,1
41100,2595,1,0
41100,1290,2,0
41100,1291,3,0
41100,1292,4,0
41100,1293,5,0
41100,1294,6,0
41100,3307,7,0
41100,93103,8,0
41100,608,9,0
41100,609,10,0
41100,873,11,0
41100,1315,12,0
41100,1316,13,0
41100,1317,14,0
41100,1318,15,0
41100,1319,16,0
41100,1327,17,0
41100,1328,18,0
41100,1329,19,0
41100,1330,20,0
41100,1152,21,0
41100,1306,22,0
41100,1307,23,0
41100,1308,24,0
41100,1309,25,0
41100,1247,26,0
41100,1248,27,0
41100,1249,28,0
41100,1079,29,0
41100,1067,30,0
41100,1068,31,0
41100,1069,32,0
41100,1070,33,0
41100,1071,34,0
41100,1073,35,0
41100,1074,36,0
41100,93345,37,0
41100,3316,38,0
41100,93344,39,0
41100,93343,40,0
41100,93535,41,0
41100,93537,42,0
41100,93305,43,0
41100,93306,44,0
41100,93307,45,0
41100,93443,46,0
41100,93338,47,0
41100,1214,48,0
41100,1215,49,0
41100,1216,50,0
41100,1217,51,1
41101,1217,1,0
41101,1226,2,0
41101,1227,3,0
41101,1228,4,0
41101,1229,5,0
41101,1230,6,0
41101,1231,7,0
41101,1232,8,0
41101,1233,9,0
41101,1234,10,0
41101,93536,11,0
41101,93534,12,0
41101,93342,13,0
41101,1342,14,0
41101,1343,15,0
41101,93445,16,0
41101,93346,17,0
41101,93522,18,0
41101,93466,19,0
41101,93347,20,0
41101,93348,21,0
41101,93349,22,0
41101,93449,23,0
41101,1250,24,0
41101,1251,25,0
41101,1252,26,0
41101,1253,27,0
41101,1254,28,0
41101,1255,29,0
41101,1256,30,0
41101,1310,31,0
41101,1311,32,0
41101,1312,33,0
41101,1313,34,0
41101,1314,35,0
41101,1320,36,0
41101,1321,37,0
41101,1322,38,0
41101,1323,39,0
41101,1324,40,0
41101,877,41,0
41101,878,42,0
41101,1325,43,0
41101,1326,44,0
41101,3264,45,0
41101,3308,46,0
41101,1270,47,0
41101,1271,48,0
41101,1272,49,0
41101,1273,50,0
41101,1274,51,0
41101,1275,52,0
41101,2595,53,1
41200,2595,1,0
41200,93054,2,0
41200,944,3,0
41200,1177,4,0
41200,1178,5,0
41200,1365,6,0
41200,1366,7,0
41200,1367,8,0
41200,719,9,0
41200,720,10,0
41200,721,11,0
41200,722,12,0
41200,93236,13,0
41200,724,14,0
41200,725,15,0
41200,726,16,0
41200,727,17,0
41200,728,18,0
41200,729,19,0
41200,730,20,0
41200,731,21,0
41200,732,22,0
41200,733,23,0
41200,734,24,0
41200,735,25,0
41200,736,26,0
41200,771,27,0
41200,772,28,0
41200,773,29,0
41200,774,30,0
41200,1201,31,0
41200,1202,32,0
41200,1203,33,0
41200,1204,34,0
41200,1205,35,0
41200,1206,36,0
41200,93084,37,0
41200,1207,38,0
41200,93329,39,0
41200,93327,40,0
41200,93324,41,0
41200,1217,42,1
41201,93323,1,0
41201,93325,2,0
41201,93326,3,0
41201,93328,4,0
41201,93330,5,0
41201,93331,6,0
41201,93332,7,0
41201,93333,8,0
41201,93334,9,0
41201,93335,10,0
41201,93336,11,0
41201,93337,12,0
41201,787,13,0
41201,788,14,0
41201,789,15,0
41201,790,16,0
41201,737,17,0
41201,738,18,0
41201,739,19,0
41201,740,20,0
41201,741,21,0
41201,742,22,0
41201,743,23,0
41201,744,24,0
41201,745,25,0
41201,746,26,0
41201,747,27,0
41201,748,28,0
41201,749,29,0
41201,750,30,0
41201,751,31,0
41201,752,32,0
41201,753,33,0
41201,754,34,0
41201,755,35,0
41201,93377,36,0
41201,93379,37,0
41201,93439,38,0
41201,93551,39,0
41201,953,40,0
41201,955,41,0
41201,2595,42,1
41400,93531,1,0
41400,1387,2,0
41400,1388,3,0
41400,859,4,0
41400,861,5,0
41400,862,6,0
41400,1377,7,0
41400,625,8,0
41400,626,9,0
41400,627,10,0
41400,628,11,0
41400,629,12,0
41400,630,13,0
41400,90068,14,0
41400,580,15,0
41400,90066,16,0
41400,90064,17,0
41400,90062,18,0
41400,90060,19,0
41400,1350,20,0
41400,653,21,0
41400,93007,22,0
41400,654,23,0
41400,655,24,0
41400,3581,25,0
41400,3582,26,0
41400,3583,27,0
41400,1185,28,0
41400,3264,29,0
41400,3308,30,0
41400,1270,31,0
41400,1271,32,0
41400,1272,33,0
41400,1273,34,0
41400,1274,35,0
41400,1275,36,0
41400,2595,37,0
41400,1287,38,0
41400,1288,39,0
41400,1289,40,0
41400,664,41,0
41400,665,42,0
41400,1106,43,0
41400,3598,44,0
41400,1107,45,0
41400,1108,46,0
41400,1109,47,1
41401,93183,1,0
41401,1121,2,0
41401,1122,3,0
41401,3597,4,0
41401,1123,5,0
41401,670,6,0
41401,671,7,0
41401,2604,8,0
41401,3227,9,0
41401,1276,10,0
41401,1277,11,0
41401,1278,12,0
41401,2595,13,0
41401,1290,14,0
41401,1291,15,0
41401,1292,16,0
41401,1293,17,0
41401,675,18,0
41401,93178,19,0
41401,93103,20,0
41401,1243,21,0
41401,1381,22,0
41401,1383,23,0
41401,1384,24,0
41401,90073,25,0
41401,678,26,0
41401,679,27,0
41401,680,28,0
41401,681,29,0
41401,682,30,0
41401,2606,31,0
41401,90059,32,0
41401,90061,33,0
41401,90063,34,0
41401,90065,35,0
41401,589,36,0
41401,90067,37,0
41401,90069,38,0
41401,619,39,0
41401,620,40,0
41401,621,41,0
41401,622,42,0
41401,623,43,0
41401,624,44,0
41401,1369,45,0
41401,1370,46,0
41401,1371,47,0
41401,1372,48,0
41401,1353,49,0
41401,1354,50,0
41401,1355,51,0
41401,93531,52,1
41700,698,1,0
41700,2712,2,0
41700,852,3,0
41700,853,4,0
41700,854,5,0
41700,855,6,0
41700,3131,7,0
41700,93354,8,0
41700,3132,9,0
41700,3133,10,0
41700,3134,11,0
41700,90079,12,0
41700,90040,13,0
41700,93425,14,0
41700,812,15,1
41701,812,1,0
41701,90038,2,0
41701,90080,3,0
41701,3135,4,0
41701,3136,5,0
41701,3137,6,0
41701,93353,7,0
41701,3138,8,0
41701,896,9,0
41701,897,10,0
41701,898,11,0
41701,93064,12,0
41701,899,13,0
41701,90076,14,0
41701,698,15,1
42000,2712,1,0
42000,852,2,0
42000,3541,3,0
42000,3540,4,0
42000,3539,5,0
42000,3538,6,0
42000,3537,7,0
42000,3535,8,0
42000,3422,9,0
42000,3366,10,0
42000,3580,11,0
42000,3602,12,0
42000,3601,13,0
42000,3600,14,0
42000,3591,15,1
42001,3592,1,0
42001,3604,2,0
42001,3605,3,0
42001,1511440544,4,0
42001,3579,5,0
42001,3423,6,0
42001,3536,7,0
42001,3127,8,0
42001,3128,9,0
42001,3129,10,0
42001,3130,11,0
42001,93064,12,0
42001,899,13,0
42001,3542,14,0
42001,90076,15,1
42200,2585,1,0
42200,1053,2,0
42200,1054,3,0
42200,1510756312,4,0
42200,1132,5,0
42200,3228,6,0
42200,2605,7,0
42200,673,8,0
42200,674,9,0
42200,675,10,0
42200,93178,11,0
42200,676,12,0
42200,677,13,0
42200,678,14,0
42200,679,15,0
42200,680,16,0
42200,681,17,0
42200,682,18,0
42200,683,19,0
42200,605,20,0
42200,684,21,0
42200,685,22,0
42200,686,23,0
42200,687,24,0
42200,688,25,0
42200,689,26,0
42200,690,27,0
42200,691,28,0
42200,692,29,0
42200,693,30,0
42200,694,31,0
42200,695,32,0
42200,93086,33,0
42200,697,34,0
42200,3608,35,0
42200,2712,36,0
42200,705,37,0
42200,3557,38,0
42200,3603,39,0
42200,3592,40,1
42201,3591,1,0
42201,3556,2,0
42201,3542,3,0
42201,90076,4,0
42201,706,5,0
42201,708,6,0
42201,709,7,0
42201,710,8,0
42201,711,9,0
42201,712,10,0
42201,713,11,0
42201,714,12,0
42201,715,13,0
42201,716,14,0
42201,717,15,0
42201,718,16,0
42201,650,17,0
42201,651,18,0
42201,652,19,0
42201,653,20,0
42201,93007,21,0
42201,654,22,0
42201,655,23,0
42201,656,24,0
42201,657,25,0
42201,658,26,0
42201,659,27,0
42201,660,28,0
42201,661,29,0
42201,662,30,0
42201,663,31,0
42201,3227,32,0
42201,1362,33,0
42201,1510755351,34,0
42201,2585,35,1
50101,1436,1,0
50101,93467,2,0
50101,93468,3,0
50101,3247,4,0
50101,93469,5,0
50101,3347,6,0
50101,3157,7,0
50101,1504,8,0
50101,90099,9,0
50101,3172,10,0
50101,3139,11,0
50101,3143,12,0
50101,3144,13,0
50101,3167,14,0
50101,1489,15,0
50101,1490,16,0
50101,1491,17,0
50101,1492,18,0
50101,1479,19,0
50101,1480,20,1
50102,1480,1,0
50102,1454,2,0
50102,1455,3,0
50102,1456,4,0
50102,3293,5,0
50102,3281,6,0
50102,3282,7,0
50102,1493,8,0
50102,1494,9,0
50102,3319,10,0
50102,3320,11,0
50102,3321,12,0
50102,3345,13,0
50102,3141,14,0
50102,3170,15,0
50102,3145,16,0
50102,3244,17,0
50102,3146,18,0
50102,3171,19,0
50102,3346,20,0
50102,1436,21,1
50201,1480,1,0
50201,1454,2,0
50201,1455,3,0
50201,1456,4,0
50201,1499,5,0
50201,3279,6,0
50201,1498,7,0
50201,3246,8,0
50201,3149,9,0
50201,3150,10,0
50201,3151,11,0
50201,3161,12,0
50201,1464,13,0
50201,3249,14,0
50201,3152,15,0
50201,3250,16,0
50201,3153,17,0
50201,3251,18,0
50201,3154,19,0
50201,3173,20,1
50202,3173,1,0
50202,3155,2,0
50202,1470,3,0
50202,1471,4,0
50202,1473,5,0
50202,90032,6,0
50202,90033,7,0
50202,90034,8,0
50202,90035,9,0
50202,1476,10,0
50202,1477,11,0
50202,1478,12,0
50202,1479,13,0
50202,1480,14,1
50600,1393,1,0
50600,1394,2,0
50600,1395,3,0
50600,1396,4,0
50600,93532,5,0
50600,93533,6,0
50600,1410,7,0
50600,1409,8,0
50600,93472,9,0
50600,93474,10,0
50600,93476,11,0
50600,93478,12,0
50600,93479,13,0
50600,93477,14,0
50600,93475,15,0
50600,93473,16,0
50600,1411,17,0
50600,1413,18,0
50600,1415,19,0
50600,1417,20,0
50600,93085,21,0
50600,1426,22,0
50600,3286,23,0
50600,3288,24,0
50600,3290,25,0
50600,3292,26,0
50600,3277,27,0
50600,3278,28,0
50600,1499,29,0
50600,3279,30,0
50600,1498,31,0
50600,1430,32,0
50600,1431,33,0
50600,1432,34,0
50600,1433,35,0
50600,3156,36,0
50600,3162,37,0
50600,3284,38,0
50600,3164,39,0
50600,3165,40,0
50600,3147,41,0
50600,1450,42,1
50601,1450,1,0
50601,90099,2,0
50601,3163,3,0
50601,93184,4,0
50601,90025,5,0
50601,90027,6,0
50601,3283,7,0
50601,1452,8,0
50601,1453,9,0
50601,1454,10,0
50601,1455,11,0
50601,1456,12,0
50601,3293,13,0
50601,3281,14,0
50601,3282,15,0
50601,1493,16,0
50601,1494,17,0
50601,3291,18,0
50601,3289,19,0
50601,3287,20,0
50601,3285,21,0
50601,99997,22,0
50601,3558,23,0
50601,93085,24,0
50601,1426,25,0
50601,1417,26,0
50601,1416,27,0
50601,1414,28,0
50601,1412,29,0
50601,93472,30,0
50601,93474,31,0
50601,93476,32,0
50601,93478,33,0
50601,93479,34,0
50601,93477,35,0
50601,93475,36,0
50601,93473,37,0
50601,1408,38,0
50601,1392,39,0
50601,1393,40,0
50601,1394,41,0
50601,1395,42,0
50601,1396,43,0
50601,93532,44,0
50601,93533,45,1
60100,2416,1,0
60100,2417,2,0
60100,2418,3,0
60100,93019,4,0
60100,2419,5,0
60100,2420,6,0
60100,2437,7,0
60100,3224,8,0
60100,2433,9,0
60100,2434,10,0
60100,2443,11,0
60100,3217,12,0
60100,3200,13,0
60100,3198,14,0
60100,3196,15,0
60100,3194,16,0
60100,3512,17,0
60100,3193,18,0
60100,2528,19,0
60100,3192,20,0
60100,3519,21,0
60100,3160,22,0
60100,93549,23,0
60100,2534,24,0
60100,2535,25,0
60100,3234,26,0
60100,3180,27,0
60100,3182,28,0
60100,3184,29,0
60100,3186,30,0
60100,3188,31,0
60100,2537,32,0
60100,2538,33,0
60100,2539,34,0
60100,93528,35,0
60100,93529,36,0
60100,93530,37,0
60100,3190,38,1
60101,3190,1,0
60101,3236,2,0
60101,2536,3,0
60101,3189,4,0
60101,3187,5,0
60101,3185,6,0
60101,3183,7,0
60101,3181,8,0
60101,3235,9,0
60101,2531,10,0
60101,2532,11,0
60101,2533,12,0
60101,3159,13,0
60101,3519,14,0
60101,3191,15,0
60101,2529,16,0
60101,2530,17,0
60101,3513,18,0
60101,3195,19,0
60101,3197,20,0
60101,3199,21,0
60101,3201,22,0
60101,93546,23,0
60101,3334,24,0
60101,2441,25,0
60101,2442,26,0
60101,2427,27,0
60101,2436,28,0
60101,93020,29,0
60101,93063,30,0
60101,2416,31,1
60300,1915,1,0
60300,93112,2,0
60300,93450,3,0
60300,1730,4,0
60300,93542,5,0
60300,1786,6,0
60300,1787,7,0
60300,1724,8,0
60300,1846,9,0
60300,1847,10,0
60300,93457,11,0
60300,93442,12,0
60300,3369,13,0
60300,3371,14,0
60300,3372,15,0
60300,3375,16,0
60300,3376,17,0
60300,3379,18,0
60300,3382,19,0
60300,2410,20,0
60300,3385,21,0
60300,3389,22,0
60300,3391,23,0
60300,3394,24,0
60300,3401,25,0
60300,3404,26,0
60300,3408,27,0
60300,93187,28,0
60300,2416,29,0
60300,2417,30,0
60300,2418,31,0
60300,93019,32,0
60300,2419,33,0
60300,2420,34,0
60300,2437,35,0
60300,2421,36,0
60300,93018,37,0
60300,2441,38,0
60300,2442,39,0
60300,2428,40,0
60300,2429,41,0
60300,2430,42,0
60300,93270,43,0
60300,2445,44,0
60300,93117,45,0
60300,93094,46,0
60300,2446,47,0
60300,2448,48,0
60300,2450,49,0
60300,2452,50,0
60300,2753,51,0
60300,2453,52,0
60300,2500,53,0
60300,2501,54,0
60300,2512,55,0
60300,93106,56,0
60300,2491,57,1
60301,2491,1,0
60301,2503,2,0
60301,2515,3,0
60301,2749,4,0
60301,2454,5,0
60301,2750,6,0
60301,2455,7,0
60301,2451,8,0
60301,2449,9,0
60301,2447,10,0
60301,93093,11,0
60301,93116,12,0
60301,2444,13,0
60301,93269,14,0
60301,2431,15,0
60301,3224,16,0
60301,2433,17,0
60301,2434,18,0
60301,2443,19,0
60301,2438,20,0
60301,2425,21,0
60301,2426,22,0
60301,2427,23,0
60301,2436,24,0
60301,93020,25,0
60301,93063,26,0
60301,2416,27,0
60301,2417,28,0
60301,3407,29,0
60301,3403,30,0
60301,3402,31,0
60301,3393,32,0
60301,3392,33,0
60301,3390,34,0
60301,3386,35,0
60301,3384,36,0
60301,3383,37,0
60301,3378,38,0
60301,3377,39,0
60301,3374,40,0
60301,3373,41,0
60301,3370,42,0
60301,3368,43,0
60301,93441,44,0
60301,93458,45,0
60301,3367,46,0
60301,1861,47,0
60301,93191,48,0
60301,1726,49,0
60301,93193,50,0
60301,93194,51,0
60301,93195,52,0
60301,93196,53,0
60301,93197,54,0
60301,93112,55,1
65303,2491,1,0
65303,2503,2,0
65303,3340,3,0
65303,2514,4,0
65303,2515,5,0
65303,2454,6,0
65303,2750,7,0
65303,2455,8,0
65303,2451,9,0
65303,2449,10,0
65303,2447,11,0
65303,2529,12,0
65303,2530,13,0
65303,3192,14,0
65303,3519,15,0
65303,3160,16,0
65303,93549,17,0
65303,2535,18,0
65303,2539,19,0
65303,93528,20,0
65303,93529,21,0
65303,93530,22,0
65303,3190,23,0
65303,3236,24,0
65303,2536,25,0
65303,3425,26,0
65303,3426,27,1
65304,3426,1,0
65304,3425,2,0
65304,93528,3,0
65304,93529,4,0
65304,93530,5,0
65304,3190,6,0
65304,3236,7,0
65304,2536,8,0
65304,2537,9,0
65304,2538,10,0
65304,2539,11,0
65304,2531,12,0
65304,2532,13,0
65304,2533,14,0
65304,3159,15,0
65304,3519,16,0
65304,3191,17,0
65304,3193,18,0
65304,2528,19,0
65304,2446,20,0
65304,2448,21,0
65304,2450,22,0
65304,2452,23,0
65304,2753,24,0
65304,2453,25,0
65304,2500,26,0
65304,2501,27,0
65304,3339,28,0
65304,2512,29,0
65304,93106,30,0
65304,2491,31,1
65401,2491,1,0
65401,2503,2,0
65401,3340,3,0
65401,2514,4,0
65401,2515,5,0
65401,2454,6,0
65401,2750,7,0
65401,2455,8,0
65401,2451,9,0
65401,2449,10,0
65401,2447,11,0
65401,2529,12,0
65401,2530,13,0
65401,2531,14,0
65401,2532,15,0
65401,2533,16,0
65401,3159,17,0
65401,3519,18,0
65401,3191,19,0
65401,3427,20,0
65401,3428,21,1
65402,3429,1,0
65402,3427,2,0
65402,3192,3,0
65402,3519,4,0
65402,3160,5,0
65402,93549,6,0
65402,2534,7,0
65402,2535,8,0
65402,3193,9,0
65402,2528,10,0
65402,2446,11,0
65402,2448,12,0
65402,2450,13,0
65402,2452,14,0
65402,2753,15,0
65402,2453,16,0
65402,2500,17,0
65402,2501,18,0
65402,3339,19,0
65402,2512,20,0
65402,93106,21,0
65402,2491,22,1
90000,3589,1,0
90000,7698,2,0
90000,93255,3,0
90000,93227,4,0
90000,93061,5,0
90000,1776,6,0
90000,1777,7,0
90000,1778,8,0
90000,1779,9,0
90000,1780,10,0
90000,1781,11,0
90000,1782,12,0
90000,1783,13,0
90000,93542,14,0
90000,1786,15,0
90000,1787,16,0
90000,1789,17,0
90000,1790,18,0
90000,93048,19,0
90000,2233,20,0
90000,2234,21,0
90000,2235,22,0
90000,2236,23,0
90000,2238,24,0
90000,2240,25,0
90000,2241,26,0
90000,2242,27,0
90000,93254,28,0
90000,92072,29,0
90000,2218,30,0
90000,2220,31,0
90000,2221,32,0
90000,412,33,0
90000,413,34,0
90000,417,35,0
90000,418,36,0
90000,419,37,0
90000,422,38,0
90000,424,39,0
90000,425,40,0
90000,427,41,0
90000,431,42,0
90000,432,43,0
90000,434,44,0
90000,450,45,0
90000,451,46,0
90000,452,47,0
90000,453,48,0
90000,1175,49,0
90000,1176,50,0
90000,1177,51,0
90000,1178,52,0
90000,1181,53,0
90000,1183,54,0
90000,2603,55,0
90000,1242,56,0
90000,93239,57,1
90001,93239,1,0
90001,1165,2,0
90001,1166,3,0
90001,1167,4,0
90001,1169,5,0
90001,1171,6,0
90001,1172,7,0
90001,1173,8,0
90001,1174,9,0
90001,386,10,0
90001,387,11,0
90001,388,12,0
90001,389,13,0
90001,391,14,0
90001,393,15,0
90001,394,16,0
90001,396,17,0
90001,398,18,0
90001,400,19,0
90001,401,20,0
90001,404,21,0
90001,405,22,0
90001,406,23,0
90001,410,24,0
90001,411,25,0
90001,1587,26,0
90001,1588,27,0
90001,1590,28,0
90001,1591,29,0
90001,1593,30,0
90001,1594,31,0
90001,1595,32,0
90001,1596,33,0
90001,1598,34,0
90001,1599,35,0
90001,1600,36,0
90001,1601,37,0
90001,1602,38,0
90001,1603,39,0
90001,1604,40,0
90001,1607,41,0
90001,1608,42,0
90001,1609,43,0
90001,1610,44,0
90001,1611,45,0
90001,1612,46,0
90001,1613,47,0
90001,1742,48,0
90001,1615,49,0
90001,1616,50,0
90001,1617,51,0
90001,93060,52,0
90001,93240,53,0
90001,93259,54,0
90001,9473,55,0
90001,3589,56,1
91000,2576,1,0
91000,260,2,0
91000,261,3,0
91000,330,4,0
91000,332,5,0
91000,333,6,0
91000,334,7,0
91000,335,8,0
91000,336,9,0
91000,337,10,0
91000,339,11,0
91000,941,12,0
91000,942,13,0
91000,1286,14,0
91000,2595,15,0
91000,1280,16,0
91000,1281,17,0
91000,1282,18,0
91000,99998,19,0
91000,539,20,0
91000,541,21,0
91000,542,22,0
91000,543,23,0
91000,544,24,0
91000,545,25,0
91000,546,26,0
91000,547,27,0
91000,548,28,0
91000,549,29,0
91000,550,30,0
91000,3349,31,0
91000,3350,32,0
91000,3351,33,0
91000,836,34,0
91000,837,35,0
91000,838,36,0
91000,839,37,0
91000,840,38,0
91000,841,39,0
91000,691,40,0
91000,692,41,0
91000,693,42,0
91000,694,43,0
91000,695,44,0
91000,93086,45,0
91000,697,46,0
91000,698,47,1
91001,698,1,0
91001,706,2,0
91001,708,3,0
91001,709,4,0
91001,710,5,0
91001,3533,6,0
91001,829,7,0
91001,830,8,0
91001,831,9,0
91001,832,10,0
91001,833,11,0
91001,93428,12,0
91001,359,13,0
91001,551,14,0
91001,552,15,0
91001,93431,16,0
91001,553,17,0
91001,554,18,0
91001,555,19,0
91001,556,20,0
91001,557,21,0
91001,558,22,0
91001,559,23,0
91001,560,24,0
91001,561,25,0
91001,93024,26,0
91001,93188,27,0
91001,563,28,0
91001,1283,29,0
91001,1284,30,0
91001,1285,31,0
91001,1286,32,0
91001,2595,33,0
91001,958,34,0
91001,959,35,0
91001,93276,36,0
91001,93257,37,0
91001,340,38,0
91001,339,39,0
91001,342,40,0
91001,321,41,0
91001,322,42,0
91001,323,43,0
91001,324,44,0
91001,325,45,0
91001,326,46,0
91001,327,47,0
91001,328,48,0
91001,329,49,0
91001,2576,50,1
91500,812,1,0
91500,815,2,0
91500,823,3,0
91500,824,4,0
91500,825,5,0
91500,826,6,0
91500,827,7,0
91500,828,8,0
91500,3531,9,0
91500,691,10,0
91500,692,11,0
91500,693,12,0
91500,694,13,0
91500,695,14,0
91500,93086,15,0
91500,697,16,0
91500,698,17,0
91500,706,18,0
91500,708,19,0
91500,709,20,0
91500,710,21,0
91500,3533,22,0
91500,829,23,0
91500,830,24,0
91500,831,25,0
91500,832,26,0
91500,833,27,0
91500,834,28,0
91500,362,29,0
91500,363,30,0
91500,364,31,0
91500,365,32,0
91500,366,33,0
91500,367,34,0
91500,2713,35,0
91500,90088,36,0
91500,368,37,0
91500,369,38,0
91500,370,39,0
91500,371,40,0
91500,372,41,0
91500,2707,42,0
91500,2704,43,0
91500,93012,44,0
91500,2404,45,0
91500,2405,46,0
91500,2708,47,0
91500,2406,48,0
91500,2407,49,0
91500,2730,50,0
91500,93055,51,0
91500,2245,52,0
91500,2246,53,0
91500,2247,54,0
91500,2248,55,0
91500,2249,56,0
91500,2250,57,0
91500,2258,58,0
91500,2259,59,0
91500,2260,60,0
91500,2261,61,0
91500,2262,62,0
91500,2263,63,0
91500,2264,64,0
91500,2265,65,0
91500,3322,66,0
91500,2266,67,0
91500,2268,68,0
91500,2569,69,1
91501,2569,1,0
91501,2282,2,0
91501,2283,3,0
91501,2285,4,0
91501,2286,5,0
91501,2287,6,0
91501,2288,7,0
91501,2252,8,0
91501,2253,9,0
91501,2254,10,0
91501,92043,11,0
91501,2256,12,0
91501,2257,13,0
91501,93056,14,0
91501,2728,15,0
91501,2729,16,0
91501,2398,17,0
91501,2399,18,0
91501,2400,19,0
91501,2401,20,0
91501,2402,21,0
91501,2403,22,0
91501,93013,23,0
91501,2705,24,0
91501,373,25,0
91501,374,26,0
91501,93083,27,0
91501,125,28,0
91501,375,29,0
91501,376,30,0
91501,377,31,0
91501,90078,32,0
91501,378,33,0
91501,379,34,0
91501,380,35,0
91501,381,36,0
91501,382,37,0
91501,383,38,0
91501,384,39,0
91501,385,40,0
91501,835,41,0
91501,836,42,0
91501,837,43,0
91501,838,44,0
91501,839,45,0
91501,840,46,0
91501,841,47,0
91501,691,48,0
91501,692,49,0
91501,693,50,0
91501,694,51,0
91501,695,52,0
91501,93086,53,0
91501,697,54,0
91501,698,55,0
91501,706,56,0
91501,708,57,0
91501,709,58,0
91501,710,59,0
91501,3534,60,0
91501,3532,61,0
91501,843,62,0
91501,844,63,0
91501,845,64,0
91501,846,65,0
91501,847,66,0
91501,848,67,0
91501,810,68,0
91501,812,69,1
91600,93112,1,0
91600,93450,2,0
91600,1730,3,0
91600,93542,4,0
91600,1786,5,0
91600,1787,6,0
91600,1724,7,0
91600,1846,8,0
91600,1847,9,0
91600,93457,10,0
91600,93442,11,0
91600,3435,12,0
91600,3434,13,0
91600,3431,14,0
91600,3430,15,0
91600,92015,16,0
91600,92016,17,0
91600,92017,18,0
91600,2167,19,0
91600,2168,20,0
91600,2169,21,0
91600,3295,22,0
91600,3302,23,0
91600,3314,24,0
91600,2171,25,0
91600,2172,26,0
91600,2173,27,0
91600,2174,28,0
91600,2175,29,0
91600,471,30,0
91600,472,31,0
91600,473,32,0
91600,474,33,0
91600,475,34,0
91600,476,35,0
91600,477,36,0
91600,480,37,0
91600,481,38,0
91600,482,39,0
91600,483,40,0
91600,484,41,0
91600,485,42,0
91600,486,43,0
91600,487,44,0
91600,488,45,0
91600,565,46,0
91600,566,47,0
91600,567,48,0
91600,568,49,0
91600,569,50,0
91600,570,51,0
91600,571,52,0
91600,573,53,0
91600,574,54,0
91600,575,55,0
91600,576,56,0
91600,577,57,0
91600,93035,58,0
91600,579,59,0
91600,580,60,0
91600,90066,61,0
91600,581,62,0
91600,582,63,0
91600,583,64,0
91600,93369,65,0
91600,93453,66,0
91600,93368,67,0
91600,93366,68,0
91600,1143,69,0
91600,1144,70,0
91600,93177,71,0
91600,810,72,0
91600,812,73,1
91601,812,1,0
91601,815,2,0
91601,911,3,0
91601,912,4,0
91601,913,5,0
91601,93365,6,0
91601,93367,7,0
91601,93454,8,0
91601,93370,9,0
91601,586,10,0
91601,587,11,0
91601,588,12,0
91601,589,13,0
91601,590,14,0
91601,591,15,0
91601,592,16,0
91601,593,17,0
91601,594,18,0
91601,595,19,0
91601,596,20,0
91601,597,21,0
91601,598,22,0
91601,599,23,0
91601,600,24,0
91601,601,25,0
91601,602,26,0
91601,603,27,0
91601,604,28,0
91601,454,29,0
91601,455,30,0
91601,456,31,0
91601,457,32,0
91601,458,33,0
91601,459,34,0
91601,460,35,0
91601,461,36,0
91601,462,37,0
91601,464,38,0
91601,465,39,0
91601,466,40,0
91601,467,41,0
91601,468,42,0
91601,469,43,0
91601,470,44,0
91601,2176,45,0
91601,2177,46,0
91601,2178,47,0
91601,2179,48,0
91601,2244,49,0
91601,3315,50,0
91601,92041,51,0
91601,92042,52,0
91601,3294,53,0
91601,93143,54,0
91601,93057,55,0
91601,93015,56,0
91601,93016,57,0
91601,3296,58,0
91601,2166,59,0
91601,3550,60,0
91601,3432,61,0
91601,3433,62,0
91601,3510,63,0
91601,93441,64,0
91601,93458,65,0
91601,3367,66,0
91601,1861,67,0
91601,93191,68,0
91601,1604,69,0
91601,1607,70,0
91601,1915,71,0
91601,93112,72,1
92200,812,1,0
92200,90038,2,0
92200,90080,3,0
92200,90039,4,0
92200,762,5,0
92200,763,6,0
92200,764,7,0
92200,766,8,0
92200,90082,9,0
92200,767,10,0
92200,768,11,0
92200,769,12,0
92200,770,13,0
92200,93097,14,0
92200,771,15,0
92200,772,16,0
92200,773,17,0
92200,774,18,0
92200,1201,19,0
92200,1442,20,0
92200,1225,21,0
92200,93285,22,0
92200,93340,23,0
92200,1331,24,0
92200,1332,25,0
92200,1333,26,0
92200,1334,27,0
92200,1335,28,0
92200,93448,29,0
92200,1339,30,0
92200,93437,31,0
92200,93522,32,0
92200,93466,33,0
92200,93347,34,0
92200,93348,35,0
92200,93349,36,0
92200,93350,37,0
92200,1080,38,0
92200,1082,39,0
92200,1083,40,0
92200,1084,41,0
92200,1085,42,0
92200,1086,43,0
92200,1087,44,0
92200,1088,45,0
92200,1089,46,0
92200,1090,47,0
92200,1091,48,0
92200,2585,49,0
92200,262,50,0
92200,221,51,0
92200,222,52,0
92200,93315,53,0
92200,223,54,0
92200,3305,55,0
92200,74,56,0
92200,75,57,0
92200,76,58,0
92200,77,59,0
92200,78,60,0
92200,79,61,0
92200,80,62,0
92200,81,63,0
92200,82,64,0
92200,2576,65,1
92201,2576,1,0
92201,65,2,0
92201,66,3,0
92201,67,4,0
92201,68,5,0
92201,69,6,0
92201,70,7,0
92201,71,8,0
92201,72,9,0
92201,73,10,0
92201,3304,11,0
92201,218,12,0
92201,93314,13,0
92201,219,14,0
92201,220,15,0
92201,1052,16,0
92201,93179,17,0
92201,2585,18,0
92201,1053,19,0
92201,1054,20,0
92201,1055,21,0
92201,1056,22,0
92201,1057,23,0
92201,1058,24,0
92201,1059,25,0
92201,2709,26,0
92201,1060,27,0
92201,1061,28,0
92201,1062,29,0
92201,1063,30,0
92201,1064,31,0
92201,1065,32,0
92201,1066,33,0
92201,1067,34,0
92201,1068,35,0
92201,1069,36,0
92201,1070,37,0
92201,1071,38,0
92201,1073,39,0
92201,93492,40,0
92201,93436,41,0
92201,93293,42,0
92201,93447,43,0
92201,93298,44,0
92201,93299,45,0
92201,93300,46,0
92201,93301,47,0
92201,93302,48,0
92201,93341,49,0
92201,93339,50,0
92201,1222,51,0
92201,1223,52,0
92201,786,53,0
92201,787,54,0
92201,788,55,0
92201,789,56,0
92201,790,57,0
92201,93096,58,0
92201,791,59,0
92201,93043,60,0
92201,792,61,0
92201,793,62,0
92201,93095,63,0
92201,795,64,0
92201,796,65,0
92201,797,66,0
92201,798,67,0
92201,90081,68,0
92201,90079,69,0
92201,90040,70,0
92201,93425,71,0
92201,812,72,1
95000,698,1,0
95000,2712,2,0
95000,705,3,0
95000,3557,4,0
95000,93025,5,0
95000,2456,6,0
95000,2457,7,0
95000,2460,8,0
95000,2462,9,0
95000,2463,10,0
95000,2466,11,0
95000,2468,12,0
95000,2733,13,0
95000,2734,14,0
95000,2735,15,0
95000,93102,16,0
95000,2507,17,0
95000,3300,18,0
95000,2508,19,0
95000,2509,20,0
95000,2510,21,0
95000,2511,22,0
95000,2512,23,0
95000,93106,24,0
95000,2491,25,0
95000,3340,26,0
95000,3508,27,0
95000,2498,28,0
95000,3504,29,0
95000,3503,30,0
95000,2515,31,0
95000,2749,32,0
95000,2454,33,0
95000,2750,34,0
95000,2455,35,0
95000,2451,36,0
95000,2449,37,0
95000,2447,38,0
95000,93093,39,0
95000,93116,40,0
95000,2444,41,0
95000,93269,42,0
95000,2431,43,0
95000,3224,44,0
95000,2433,45,0
95000,2434,46,0
95000,2443,47,0
95000,3217,48,0
95000,3216,49,0
95000,3214,50,0
95000,3212,51,0
95000,3338,52,0
95000,3210,53,0
95000,3209,54,0
95000,3207,55,0
95000,2424,56,0
95000,2438,57,0
95000,2425,58,0
95000,2426,59,0
95000,2427,60,0
95000,2436,61,0
95000,93020,62,0
95000,93063,63,0
95000,2416,64,1
95001,2416,1,0
95001,2417,2,0
95001,2418,3,0
95001,93019,4,0
95001,2419,5,0
95001,2420,6,0
95001,2437,7,0
95001,2421,8,0
95001,93018,9,0
95001,2422,10,0
95001,3206,11,0
95001,3208,12,0
95001,93547,13,0
95001,3337,14,0
95001,3211,15,0
95001,3213,16,0
95001,3215,17,0
95001,93546,18,0
95001,3334,19,0
95001,2441,20,0
95001,2442,21,0
95001,2428,22,0
95001,2429,23,0
95001,2430,24,0
95001,93270,25,0
95001,2445,26,0
95001,93117,27,0
95001,93094,28,0
95001,2446,29,0
95001,2448,30,0
95001,2450,31,0
95001,2452,32,0
95001,2753,33,0
95001,2453,34,0
95001,2500,35,0
95001,3502,36,0
95001,3505,37,0
95001,3506,38,0
95001,3507,39,0
95001,3339,40,0
95001,2512,41,0
95001,93106,42,0
95001,2491,43,0
95001,2503,44,0
95001,2504,45,0
95001,2505,46,0
95001,2506,47,0
95001,2507,48,0
95001,3300,49,0
95001,2508,50,0
95001,2516,51,0
95001,2517,52,0
95001,2743,53,0
95001,2744,54,0
95001,2745,55,0
95001,2469,56,0
95001,2467,57,0
95001,2464,58,0
95001,2465,59,0
95001,2461,60,0
95001,2458,61,0
95001,2459,62,0
95001,93026,63,0
95001,3556,64,0
95001,90076,65,0
95001,698,66,1
96000,2416,1,0
96000,2417,2,0
96000,2418,3,0
96000,93019,4,0
96000,2419,5,0
96000,2420,6,0
96000,2437,7,0
96000,2421,8,0
96000,93018,9,0
96000,2422,10,0
96000,3206,11,0
96000,3208,12,0
96000,93547,13,0
96000,3237,14,0
96000,3241,15,1
96001,3241,1,0
96001,3238,2,0
96001,3210,3,0
96001,3209,4,0
96001,3207,5,0
96001,2422,6,1
1011001,2549,1,0
1011001,1772,2,0
1011001,1773,3,0
1011001,1774,4,0
1011001,1775,5,0
1011001,93163,6,0
1011001,93217,7,0
1011001,1876,8,0
1011001,1877,9,0
1011001,1878,10,0
1011001,1550,11,0
1011001,93037,12,0
1011001,93216,13,0
1011001,1742,14,0
1011001,1615,15,0
1011001,1616,16,0
1011001,1617,17,0
1011001,93060,18,0
1011001,1508,19,0
1011001,1509,20,0
1011001,1510,21,0
1011001,1511,22,0
1011001,1512,23,0
1011001,3003,24,0
1011001,3001,25,0
1011001,93407,26,0
1011001,93408,27,0
1011001,93409,28,0
1011001,93410,29,0
1011001,93411,30,0
1011001,93228,31,0
1011001,93229,32,0
1011001,93230,33,0
1011001,93231,34,0
1011001,93422,35,0
1011001,93321,36,0
1011001,93208,37,0
1011001,3515,38,0
1011001,93209,39,0
1011001,93415,40,0
1011001,93417,41,0
1011001,93419,42,0
1011001,1885,43,0
1011001,1886,44,0
1011001,1887,45,0
1011001,1888,46,0
1011001,1889,47,0
1011001,93313,48,0
1011001,1890,49,0
1011001,1891,50,0
1011001,1892,51,0
1011001,1893,52,0
1011001,1894,53,0
1011001,1895,54,0
1011001,1862,55,0
1011001,1863,56,0
1011001,1896,57,0
1011001,1897,58,0
1011001,1898,59,0
1011001,1899,60,0
1011001,1900,61,0
1011001,1901,62,0
1011001,93192,63,0
1011001,1936,64,0
1011001,1915,65,0
1011001,93112,66,1
1019301,1909,1,0
1019301,1911,2,0
1019301,1912,3,0
1019301,1918,4,0
1019301,1919,5,0
1019301,1732,6,0
1019301,1733,7,0
1019301,1734,8,0
1019301,1868,9,0
1019301,1869,10,0
1019301,1870,11,0
1019301,1871,12,0
1019301,1872,13,0
1019301,1873,14,0
1019301,1874,15,0
1019301,1875,16,0
1019301,93420,17,0
1019301,3436,18,0
1019301,1754,19,0
1019301,1755,20,0
1019301,93214,21,0
1019301,1756,22,0
1019301,1757,23,0
1019301,1758,24,0
1019301,1759,25,0
1019301,93216,26,0
1019301,1742,27,0
1019301,1615,28,0
1019301,1616,29,0
1019301,93381,30,0
1019301,1631,31,0
1019301,1632,32,0
1019301,1633,33,0
1019301,1634,34,0
1019301,1635,35,0
1019301,1636,36,0
1019301,1637,37,0
1019301,1638,38,0
1019301,1639,39,0
1019301,93382,40,0
1019301,93383,41,0
1019301,93401,42,0
1019301,93217,43,0
1019301,1779,44,0
1019301,1780,45,0
1019301,1781,46,0
1019301,1782,47,0
1019301,1783,48,0
1019301,3324,49,0
1019301,1741,50,0
1019301,3323,51,0
1019301,1994,52,0
1019301,1995,53,0
1019301,1996,54,0
1019301,3437,55,0
1019301,2000,56,0
1019301,2001,57,0
1019301,1986,58,0
1019301,1842,59,0
1019301,1832,60,0
1019301,93234,61,0
1019301,3005,62,0
1019301,1839,63,0
1019301,1840,64,0
1019301,1841,65,0
1019301,2002,66,0
1019301,2003,67,0
1019301,2298,68,0
1019301,1729,69,0
1019301,1958,70,1
2011000,93112,1,0
2011000,93450,2,0
2011000,1730,3,0
2011000,1731,4,0
2011000,1902,5,0
2011000,1903,6,0
2011000,93038,7,0
2011000,1904,8,0
2011000,1905,9,0
2011000,1792,10,0
2011000,1866,11,0
2011000,1867,12,0
2011000,1868,13,0
2011000,1869,14,0
2011000,1870,15,0
2011000,1871,16,0
2011000,1872,17,0
2011000,1873,18,0
2011000,1874,19,0
2011000,1875,20,0
2011000,93420,21,0
2011000,93418,22,0
2011000,93416,23,0
2011000,93206,24,0
2011000,3516,25,0
2011000,93207,26,0
2011000,93322,27,0
2011000,93232,28,0
2011000,93233,29,0
2011000,1518,30,0
2011000,1519,31,0
2011000,1520,32,0
2011000,1521,33,0
2011000,1522,34,0
2011000,1523,35,0
2011000,1524,36,0
2011000,2725,37,0
2011000,1525,38,0
2011000,3002,39,0
2011000,3004,40,0
2011000,1551,41,0
2011000,1552,42,0
2011000,1879,43,0
2011000,1881,44,0
2011000,1882,45,0
2011000,1759,46,0
2011000,93216,47,1
2011001,93216,1,0
2011001,1742,2,0
2011001,1615,3,0
2011001,1616,4,0
2011001,1617,5,0
2011001,93060,6,0
2011001,1508,7,0
2011001,1509,8,0
2011001,1510,9,0
2011001,1511,10,0
2011001,1512,11,0
2011001,1513,12,0
2011001,93421,13,0
2011001,93422,14,0
2011001,93321,15,0
2011001,93208,16,0
2011001,3515,17,0
2011001,93209,18,0
2011001,93415,19,0
2011001,93417,20,0
2011001,93419,21,0
2011001,1885,22,0
2011001,1886,23,0
2011001,1887,24,0
2011001,1888,25,0
2011001,1889,26,0
2011001,93313,27,0
2011001,1890,28,0
2011001,1891,29,0
2011001,1892,30,0
2011001,1893,31,0
2011001,1894,32,0
2011001,1895,33,0
2011001,1862,34,0
2011001,1863,35,0
2011001,1896,36,0
2011001,1897,37,0
2011001,1898,38,0
2011001,1899,39,0
2011001,1900,40,0
2011001,1901,41,0
2011001,1936,42,0
2011001,1915,43,0
2011001,93112,44,1
2019301,1909,1,0
2019301,1865,2,0
2019301,1907,3,0
2019301,93199,4,0
2019301,1896,5,0
2019301,1897,6,0
2019301,1898,7,0
2019301,1899,8,0
2019301,3325,9,0
2019301,1900,10,0
2019301,1901,11,0
2019301,1936,12,0
2019301,1786,13,0
2019301,1787,14,0
2019301,1726,15,0
2019301,1964,16,0
2019301,1948,17,0
2019301,90016,18,0
2019301,1949,19,0
2019301,93193,20,0
2019301,93194,21,0
2019301,93195,22,0
2019301,93196,23,0
2019301,93197,24,0
2019301,93112,25,0
2019301,1741,26,0
2019301,3323,27,0
2019301,1994,28,0
2019301,1995,29,0
2019301,1996,30,0
2019301,3437,31,0
2019301,2000,32,0
2019301,2001,33,0
2019301,1986,34,0
2019301,1842,35,0
2019301,1832,36,0
2019301,93234,37,0
2019301,3005,38,0
2019301,1839,39,0
2019301,1840,40,0
2019301,1841,41,0
2019301,2002,42,0
2019301,2003,43,0
2019301,2298,44,0
2019301,1729,45,0
2019301,1958,46,1
308041201,92003,1,0
308041201,1299,2,0
308041201,93027,3,0
308041201,1300,4,0
308041201,1301,5,0
308041201,1302,6,0
308041201,1303,7,0
308041201,1304,8,0
308041201,1305,9,0
308041201,1153,10,0
308041201,1154,11,0
308041201,1155,12,0
308041201,1195,13,0
308041201,1196,14,0
308041201,1197,15,0
308041201,1198,16,0
308041201,786,17,0
308041201,787,18,0
308041201,788,19,0
308041201,789,20,0
308041201,790,21,0
308041201,737,22,0
308041201,738,23,0
308041201,739,24,0
308041201,740,25,0
308041201,741,26,0
308041201,742,27,0
308041201,743,28,0
308041201,744,29,0
308041201,745,30,0
308041201,746,31,1
