30200,'Canada Day',714,,8824,46,,,1,30,,8825,46,,,1,70,,8826,46,,,1,30,,8827,46,,,1,70,,8828,46,,,1,30,,8829,46,,,1,70,,8830,46,,,1,30,,8831,46,,,1,70,,8832,46,,,1,30,,8833,46,,,1,70,,8834,46,,,1,30,,8835,46,,,1,70,,8836,46,,,1,30,,8837,46,,,1,70,,8838,46,,,1,30,,8839,46,,,1,70,,8840,46,,,1,30,,8841,46,,,1,70,,8842,46,,,1,30,,8843,46,,,1,70,,8844,46,,,1,30,,8845,46,,,1,70,,8846,46,,,1,30,,8847,46,,,1,70,,8848,46,,,1,30,,8849,46,,,1,70,,8850,46,,,1,30,,8851,46,,,1,70,,8852,46,,,1,30,,8853,46,,,1,70,,8854,46,,,1,30,,8855,46,,,1,80,,8856,46,,,1,20,,8857,46,,,1
30200,'SatSun',714,,8858,46,,,1,30,,8859,46,,,1,70,,8860,46,,,1,30,,8861,46,,,1,70,,8862,46,,,1,30,,8863,46,,,1,70,,8864,46,,,1,30,,8865,46,,,1,70,,8866,46,,,1,30,,8867,46,,,1,70,,8868,46,,,1,30,,8869,46,,,1,70,,8870,46,,,1,30,,8871,46,,,1,70,,8872,46,,,1,30,,8873,46,,,1,70,,8874,46,,,1,30,,8875,46,,,1,70,,8876,46,,,1,30,,8877,46,,,1,70,,8878,46,,,1,30,,8879,46,,,1,70,,8880,46,,,1,30,,8881,46,,,1,70,,8882,46,,,1,30,,8883,46,,,1,70,,8884,46,,,1,30,,8885,46,,,1,70,,8886,46,,,1,30,,8887,46,,,1,70,,8888,46,,,1,30,,8889,46,,,1,80,,8890,46,,,1,20,,8891,46,,,1
30200,'Weekday',515,,8892,20,,,1,30,,8893,20,,,1,64,,8894,46,,,1,30,,8895,46,,,1,70,,8896,46,,,1,30,,8897,46,,,1,70,,8898,46,,,1,32,,8899,46,,,1,68,,8900,46,,,1,30,,8901,46,,,1,70,,8902,46,,,1,30,,8903,46,,,1,70,,8904,46,,,1,30,,8905,46,,,1,70,,8906,46,,,1,30,,8907,46,,,1,70,,8908,46,,,1,30,,8909,46,,,1,70,,8910,46,,,1,32,,8911,46,,,1,70,,8912,46,,,1,30,,8913,46,,,1,70,,8914,46,,,1,30,,8915,46,,,1,70,,8916,46,,,1,30,,8917,46,,,1,64,,8918,46,,,1,30,,8919,46,,,1,70,,8920,46,,,1,33,,8921,46,,,1,70,,8922,46,,,1,30,,8923,46,,,1,70,,8924,46,,,1,30,,8925,46,,,1,70,,8926,46,,,1,30,,8927,46,,,1,70,,8928,46,,,1,30,,8929,46,,,1
40901,'Canada Day',646,,9885,4,,,1,70,,9886,4,,,1,30,,9887,4,,,1,70,,9888,4,,,1,30,,9889,4,,,1,70,,9890,4,,,1,30,,9891,4,,,1,70,,9892,4,,,1,30,,9893,4,,,1,70,,9894,4,,,1,30,,9895,4,,,1,70,,9896,4,,,1,30,,9897,4,,,1,70,,9898,4,,,1,27,,9899,4,,,1,73,,9900,4,,,1,30,,9901,4,,,1,70,,9902,4,,,1,30,,9903,4,,,1,70,,9904,4,,,1,30,,9905,4,,,1,70,,9906,4,,,1,30,,9907,4,,,1,70,,9908,4,,,1,30,,9909,4,,,1,70,,9910,4,,,1,30,,9911,4,,,1,70,,9912,4,,,1,202,,9913,4,,,1,106,,9914,4,,,1
40901,'SatSun',646,,9915,4,,,1,70,,9916,4,,,1,30,,9917,4,,,1,70,,9918,4,,,1,30,,9919,4,,,1,70,,9920,4,,,1,30,,9921,4,,,1,70,,9922,4,,,1,30,,9923,4,,,1,70,,9924,4,,,1,30,,9925,4,,,1,70,,9926,4,,,1,30,,9927,4,,,1,70,,9928,4,,,1,27,,9929,4,,,1,73,,9930,4,,,1,30,,9931,4,,,1,70,,9932,4,,,1,30,,9933,4,,,1,70,,9934,4,,,1,30,,9935,4,,,1,70,,9936,4,,,1,30,,9937,4,,,1,70,,9938,4,,,1,30,,9939,4,,,1,70,,9940,4,,,1,30,,9941,4,,,1,70,,9942,4,,,1,202,,9943,4,,,1,106,,9944,4,,,1
40901,'Weekday',632,,9977,4,,,1,70,,9951,4,,,1,30,,9952,4,,,1,70,,9953,4,,,1,30,,9954,4,,,1,70,,9955,4,,,1,30,,9956,4,,,1,70,,9957,4,0,5 22 23 13,1,30,,9958,4,,,1,70,,9959,4,,,1,30,,9960,4,,,1,69,,9961,4,0,5 22 23 13,1,31,,9962,4,,,1,70,,9963,4,,,1,30,,9964,4,,,1,70,,9965,4,0,5 22 23 13,1,30,,9966,4,,,1,70,,9967,4,,,1,30,,9968,4,0,7 22 23 13,1,70,,9969,4,,,1,30,,9970,4,,,1,70,,9971,4,,,1,30,,9972,4,,,1,70,,9973,4,,,1,30,,9974,4,,,1,70,,9975,4,,,1,30,,9976,4,,,1,70,,9945,4,,,1,30,,9946,4,,,1,70,,9947,4,,,1,30,,9948,4,,,1,70,,9949,4,,,1,43,,9950,4,,,1
61801,'Weekday',1058,,10759,37,0,10 53,1,168,,10766,37,0,10 53,1,579,,10761,37,0,7 44,1,129,,10762,37,0,7 44,1,186,,10763,37,0,10 53,1
90101,'Canada Day',2213,,11499,4,0,7 24 25,1,41,,11500,4,0,7 24 25,1
90101,'SatSun',2213,,11538,4,0,7 24 25,1,41,,11571,4,0,7 24 25,1
90101,'Weekday',2254,,11667,4,0,7 24 25,1
90501,'Canada Day',551,,12103,5,,,1,70,,12104,5,,,1,28,,12105,41,,,1,70,,12106,5,,,1,30,,12107,5,,,1,70,,12108,41,,,1,30,,12109,5,,,1,70,,12110,5,,,1,30,,12111,41,,,1,72,,12112,5,,,1,30,,12113,5,,,1,68,,12114,41,,,1,32,,12115,5,,,1,70,,12116,5,,,1,28,,12117,41,,,1,72,,12118,5,,,1,30,,12119,5,,,1,68,,12120,41,,,1,32,,12121,5,,,1,70,,12122,5,,,1,28,,12123,41,,,1,72,,12124,5,,,1,30,,12125,5,,,1,68,,12126,41,,,1,30,,12127,5,,,1,70,,12128,5,,,1,30,,12129,41,,,1,70,,12130,5,,,1,30,,12131,5,,,1,70,,12132,41,,,1,30,,12133,5,,,1,70,,12134,5,,,1,81,,12135,41,,,1,19,,12137,5,,,1,30,,12136,5,,,1,152,,12138,5,,,1
90501,'SatSun',551,,12150,5,,,1,70,,12151,5,,,1,28,,12139,41,,,1,70,,12152,5,,,1,30,,12153,5,,,1,70,,12140,41,,,1,30,,12154,5,,,1,70,,12155,5,,,1,30,,12141,41,,,1,72,,12156,5,,,1,30,,12157,5,,,1,68,,12142,41,,,1,32,,12158,5,,,1,70,,12159,5,,,1,28,,12143,41,,,1,72,,12166,5,,,1,30,,12167,5,,,1,68,,12144,41,,,1,32,,12168,5,,,1,70,,12169,5,,,1,28,,12145,41,,,1,72,,12170,5,,,1,30,,12171,5,,,1,68,,12146,41,,,1,30,,12172,5,,,1,70,,12160,5,,,1,30,,12147,41,,,1,70,,12161,5,,,1,30,,12162,5,,,1,70,,12148,41,,,1,30,,12163,5,,,1,70,,12164,5,,,1,85,,12149,41,,,1,15,,12165,5,,,1,30,,12173,5,,,1,72,,12174,5,,,1,80,,12175,5,,,1,20,,12176,5,,,1
90501,'Weekday',536,,12188,5,,,1,70,,12189,5,,,1,29,,12177,41,,,1,11,,12213,5,0,54 18 9,1,55,,12190,5,,,1,17,,12214,5,0,54 18 9,1,13,,12191,5,,,1,15,,12215,5,0,54 18 9,1,59,,12178,41,,,1,11,,12216,5,0,54 18 9,1,15,,12192,5,,,1,15,,12217,5,0,54 18 9,1,55,,12193,5,,,1,15,,12218,5,0,54 18 9,1,19,,12179,41,,,1,11,,12219,5,0,54 18 9,1,55,,12194,5,,,1,15,,12220,5,0,54 18 9,1,15,,12195,5,,,1,15,,12221,5,0,54 18 9,1,55,,12180,41,,,1,15,,12222,5,0,54 18 9,1,15,,12196,5,,,1,15,,12223,5,0,54 18 9,1,55,,12197,5,,,1,15,,12224,5,0,54 18 9,1,15,,12181,41,,,1,14,,12225,5,0,54 18 9,1,14,,12198,5,,,1,56,,12226,5,0,54 18 9,1,14,,12199,5,,,1,16,,12227,5,0,54 18 9,1,63,,12182,41,,,1,14,,12228,5,0,54 18 9,1,15,,12200,5,,,1,15,,12229,5,0,54 18 9,1,55,,12201,5,,,1,15,,12230,5,0,54 18 9,1,15,,12183,41,,,1,19,,12231,5,0,54 18 9,1,55,,12202,5,,,1,15,,12232,5,0,54 18 9,1,15,,12203,5,,,1,15,,12238,5,0,54 18 9,1,55,,12184,41,,,1,15,,12233,5,0,54 18 9,1,15,,12204,5,,,1,15,,12234,5,0,54 18 9,1,55,,12205,5,,,1,15,,12235,5,0,54 18 9,1,15,,12185,41,,,1,70,,12206,5,,,1,30,,12207,5,,,1,70,,12186,41,,,1,30,,12208,5,,,1,70,,12209,5,,,1,30,,12187,41,,,1,70,,12210,5,,,1,30,,12211,5,,,1,59,,12212,41,,,1,41,,12236,5,,,1,70,,12237,5,,,1
1400000201,'Overnight',304,,13203,3,,,1,30,,13198,3,,,1,70,,13202,3,,,1,30,,13196,3,,,1,67,,13197,3,,,1,30,,13199,3,,,1,1801,,13193,3,,,1,70,,13205,3,,,1,31,,13204,3,,,1,70,,13194,3,,,1,28,,13195,3,,,1,70,,13200,3,,,1,30,,13201,3,,,1,73,,13208,3,,,1,30,,13209,3,,,1,70,,13210,3,,,1,30,,13211,3,,,1,67,,13212,3,,,1,30,,13213,3,,,1
