50200,'Weekday',658,,5812,41,4,,1,70,,5813,41,4,,1,30,,5814,41,4,,1,70,,5815,41,4,,1,31,,5816,41,4,,1,68,,5817,41,4,,1,11,,5828,27,4,,1,70,,5829,27,4,,1,30,,5830,27,4,,1,70,,5831,27,4,,1,30,,5832,27,4,,1,70,,5833,27,4,,1,30,,5834,27,4,,1,70,,5835,27,4,,1,35,,5836,27,4,,1,70,,5837,27,4,,1,44,,5818,41,4,,1,71,,5819,41,4,,1,25,,5820,41,4,,1,70,,5821,41,4,,1,30,,5822,41,4,,1,70,,5823,41,4,,1,30,,5824,41,4,,1,67,,5825,41,4,,1,35,,5826,41,4,,1,56,,5827,41,4,,1
50201,'SatSun',932,,5839,1,0,42 43,1,70,,5840,1,0,42 43,1,30,,5841,1,0,42 43,1,69,,5842,1,0,42 43,1,30,,5843,1,0,42 43,1,70,,5844,1,0,42 43,1,30,,5845,1,0,42 43,1,70,,5846,1,0,42 43,1,30,,5847,1,0,42 43,1,70,,5848,1,0,42 43,1,30,,5849,1,0,42 43,1,70,,5850,1,0,42 43,1,30,,5851,1,0,42 43,1,70,,5852,1,0,42 43,1,30,,5853,1,0,42 43,1,70,,5854,1,0,42 43,1,31,,5855,1,0,42 43,1,70,,5856,1,0,42 43,1,30,,5857,1,0,42 43,1,70,,5858,1,0,42 43,1,30,,5859,1,0,42 43,1
50201,'Weekday',538,,5860,1,0,5 36,1,70,,5861,1,0,5 36,1,30,,5862,1,0,5 36,1,65,,5863,1,0,5 36,1,40,,5864,1,0,5 36,1,59,,5865,1,0,5 36,1,36,,5866,1,0,42 43,1,70,,5867,1,0,42 43,1,30,,5868,1,0,42 43,1,70,,5869,1,0,42 43,1,30,,5870,1,0,42 43,1,70,,5871,1,0,42 43,1,30,,5872,1,0,42 43,1,70,,5873,1,0,42 43,1,35,,5874,1,0,42 43,1,65,,5875,1,0,42 43,1,30,,5876,1,0,5 36,1,76,,5877,1,0,5 36,1,19,,5878,1,0,5 36,1,70,,5879,1,0,5 36,1,30,,5880,1,0,5 36,1,70,,5881,1,0,5 36,1,30,,5882,1,0,5 36,1,70,,5883,1,0,5 36,1,30,,5884,1,0,5 36,1,22,,5885,1,0,5 36,1,78,,5886,1,0,5 36,1,75,,5887,1,0,42 43,1,31,,5888,1,0,42 43,1,70,,5889,1,0,42 43,1,30,,5890,1,0,42 43,1,70,,5891,1,0,42 43,1,30,,5892,1,0,42 43,1,20,,5893,1,0,42 43,1,70,,5894,1,0,42 43,1
50500,'Weekday',553,,5909,1,,,1,70,,5899,1,,,1,30,,5900,1,,,1,70,,5902,1,,,1,30,,5912,1,,,1,70,,5904,1,,,1,725,,5911,1,,,1,70,,5906,1,,,1,30,,5903,1,,,1,70,,5901,1,,,1,30,,5907,1,,,1,70,,5910,1,,,1,30,,5908,1,,,1,70,,5905,1,,,1
50501,'Weekday',637,,5913,20,4,,1,73,,5928,5,4,,1,27,,5924,20,4,,1,70,,5919,20,4,,1,30,,5925,20,4,,1,70,,5918,20,4,,1,725,,5920,20,4,,1,70,,5923,20,4,,1,32,,5927,5,4,,1,68,,5922,20,4,,1,30,,5916,20,4,,1,70,,5914,20,4,,1,30,,5915,20,4,,1,70,,5917,20,4,,1
50700,'Weekday',718,,5929,1,,,1,882,,5930,1,,,1,100,,5931,1,,,1,100,,5932,1,,,1,100,,5933,1,,,1
50701,'Weekday',619,,5934,20,4,,1,100,,5935,20,4,,1,100,,5936,20,4,,1,882,,5937,20,4,,1,100,,5938,20,4,,1,100,,5939,20,4,,1,100,,5940,20,4,,1
90200,'SatSun',732,,6648,51,4,,1,70,,6649,51,4,,1,30,,6650,51,4,,1,70,,6651,51,4,,1,30,,6652,51,4,,1,70,,6653,51,4,,1,29,,6654,51,4,,1,70,,6655,51,4,,1,30,,6656,51,4,,1,70,,6657,51,4,,1,30,,6658,51,4,,1,70,,6659,51,4,,1,30,,6660,51,4,,1,70,,6661,51,4,,1,30,,6662,51,4,,1,70,,6663,51,4,,1,30,,6664,51,4,,1,70,,6665,51,4,,1,30,,6666,51,4,,1,70,,6667,51,4,,1,31,,6668,51,4,,1,70,,6669,51,4,,1,30,,6670,51,4,,1,70,,6671,51,4,,1,30,,6672,51,4,,1,70,,6673,51,4,,1,30,,6674,51,4,,1,70,,6675,51,4,,1,30,,6676,51,4,,1,70,,6677,51,4,,1,30,,6678,51,4,,1,19,,6679,51,4,,1,70,,6680,51,4,,1,30,,6681,51,4,,1
90200,'Weekday',657,,6682,51,4,,1,60,,6683,51,4,,1,20,,6684,51,4,,1,20,,6685,51,4,,1,60,,6686,51,4,,1,20,,6687,51,4,,1,65,,6688,51,4,,1,15,,6689,51,4,,1,20,,6690,51,4,,1,20,,6691,51,4,,1,60,,6692,51,4,,1,22,,6693,51,4,,1,20,,6694,51,4,,1,60,,6695,51,4,,1,20,,6696,51,4,,1,20,,6697,51,4,,1,60,,6698,51,4,,1,20,,6699,51,4,,1,65,,6700,51,4,,1,20,,6701,51,4,,1,15,,6702,51,4,,1,65,,6703,51,4,,1,15,,6704,51,4,,1,20,,6705,51,4,,1,20,,6706,51,4,,1,60,,6707,51,4,,1,20,,6708,51,4,,1,20,,6709,51,4,,1,70,,6710,51,4,,1,10,,6711,51,4,,1,20,,6712,51,4,,1,60,,6713,51,4,,1,20,,6714,51,4,,1,20,,6715,51,4,,1,60,,6716,51,4,,1,20,,6717,51,4,,1,20,,6718,51,4,,1,60,,6719,51,4,,1,20,,6720,51,4,,1,20,,6721,51,4,,1,70,,6722,51,4,,1,24,,6723,51,4,,1,70,,6724,51,4,,1,30,,6725,51,4,,1,70,,6726,51,4,,1,30,,6727,51,4,,1,70,,6728,51,4,,1,30,,6729,51,4,,1
90201,'SatSun',535,,6730,1,0,22 9,1,70,,6731,1,0,22 9,1,30,,6732,1,0,22 9,1,70,,6733,1,0,22 9,1,27,,6734,1,0,22 9,1,70,,6735,1,0,22 9,1,30,,6736,1,0,22 9,1,70,,6737,1,0,22 9,1,34,,6738,1,0,22 9,1,1066,,6759,1,0,22 9,1,30,,6760,1,0,22 9,1,70,,6761,1,0,22 9,1,30,,6762,1,0,22 9,1,70,,6763,1,0,22 9,1,30,,6764,1,0,22 9,1
90201,'Weekday',500,,6782,1,0,22 9,1,30,,6783,1,0,22 9,1,20,,6784,1,0,22 9,1,70,,6785,1,0,22 9,1,10,,6786,1,0,22 9,1,70,,6787,1,0,22 9,1,20,,6788,1,0,22 9,1,20,,6789,1,0,22 9,1,60,,6790,1,0,22 9,1,20,,6791,1,0,22 9,1,20,,6792,1,0,22 9,1,60,,6793,1,0,22 9,1,20,,6794,1,0,22 9,1,20,,6795,1,0,22 9,1,60,,6796,1,0,22 9,1,20,,6797,1,0,22 9,1,20,,6798,1,0,22 9,1,60,,6799,1,0,22 9,1,20,,6800,1,0,22 9,1,20,,6801,1,0,22 9,1,60,,6802,1,0,22 9,1,20,,6803,1,0,22 9,1,20,,6804,1,0,22 9,1,60,,6805,1,0,22 9,1,20,,6806,1,0,22 9,1,20,,6807,1,0,22 9,1,60,,6808,1,0,22 9,1,20,,6809,1,0,22 9,1,20,,6810,1,0,22 9,1,60,,6811,1,0,22 9,1,20,,6812,1,0,22 9,1,20,,6813,1,0,22 9,1,60,,6814,1,0,22 9,1,30,,6815,1,0,22 9,1,10,,6816,1,0,22 9,1,62,,6827,1,0,22 9,1,18,,6828,1,0,22 9,1,20,,6829,1,0,22 9,1,62,,6817,1,0,22 9,1,18,,6818,1,0,22 9,1,20,,6819,1,0,22 9,1,62,,6820,1,0,22 9,1
