40500,'Canada Day',656,,9402,38,4,,1,70,,9403,38,4,,1,31,,9404,38,4,,1,71,,9405,38,4,,1,75,,9406,38,4,,1,30,,9407,38,4,,1,73,,9408,38,4,,1,30,,9409,38,4,,1,70,,9410,38,4,,1,30,,9411,38,4,,1,70,,9412,38,4,,1,30,,9413,38,4,,1,70,,9414,38,4,,1,30,,9415,38,4,,1,70,,9416,38,4,,1,30,,9417,38,4,,1,70,,9418,38,4,,1,30,,9419,38,4,,1,70,,9420,38,4,,1,30,,9421,38,4,,1,70,,9422,38,4,,1,30,,9423,38,4,,1,70,,9424,38,4,,1,30,,9425,38,4,,1,70,,9426,38,4,,1,30,,9427,38,4,,1,70,,9428,38,4,,1,30,,9429,38,4,,1,70,,9430,38,4,,1,30,,9431,38,4,,1,70,,9432,38,4,,1,30,,9433,38,4,,1
40500,'SatSun',703,,9434,38,4,,1,30,,9435,38,4,,1,70,,9436,38,4,,1,30,,9437,38,4,,1,70,,9438,38,4,,1,30,,9439,38,4,,1,73,,9440,38,4,,1,30,,9441,38,4,,1,70,,9442,38,4,,1,30,,9443,38,4,,1,70,,9444,38,4,,1,30,,9445,38,4,,1,70,,9446,38,4,,1,30,,9447,38,4,,1,70,,9448,38,4,,1,30,,9449,38,4,,1,70,,9450,38,4,,1,30,,9451,38,4,,1,70,,9452,38,4,,1,30,,9453,38,4,,1,70,,9454,38,4,,1,30,,9455,38,4,,1,70,,9456,38,4,,1,30,,9457,38,4,,1,70,,9458,38,4,,1,30,,9459,38,4,,1,70,,9460,38,4,,1,30,,9461,38,4,,1,70,,9462,38,4,,1,30,,9463,38,4,,1,70,,9464,38,4,,1,30,,9465,38,4,,1
40500,'Weekday',626,,9482,38,4,,1,80,,9483,38,4,,1,37,,9484,38,4,,1,70,,9485,38,4,,1,30,,9486,38,4,,1,70,,9487,38,4,,1,30,,9488,38,4,,1,70,,9489,38,4,,1,30,,9490,38,4,,1,70,,9491,38,4,,1,30,,9492,38,4,,1,70,,9493,38,4,,1,30,,9494,38,4,,1,65,,9495,38,4,,1,30,,9496,38,4,,1,75,,9497,38,4,,1,30,,9466,38,4,,1,70,,9467,38,4,,1,30,,9468,38,4,,1,65,,9469,38,4,,1,30,,9470,38,4,,1,70,,9471,38,4,,1,30,,9472,38,4,,1,70,,9473,38,4,,1,26,,9474,38,4,,1,69,,9475,38,4,,1,30,,9476,38,4,,1,72,,9477,38,4,,1,30,,9478,38,4,,1,70,,9479,38,4,,1,30,,9480,38,4,,1,70,,9481,38,4,,1
40501,'Canada Day',627,,9498,1,,,1,30,,9499,1,,,1,70,,9500,1,,,1,30,,9501,1,,,1,71,,9502,1,,,1,29,,9503,1,,,1,70,,9504,1,,,1,30,,9505,1,,,1,70,,9506,1,,,1,30,,9507,1,,,1,70,,9508,1,,,1,30,,9509,1,,,1,70,,9510,1,,,1,30,,9511,1,,,1,70,,9512,1,,,1,30,,9513,1,,,1,70,,9514,1,,,1,30,,9515,1,,,1,70,,9516,1,,,1,30,,9517,1,,,1,70,,9518,1,,,1,30,,9519,1,,,1,70,,9520,1,,,1,30,,9521,1,,,1,70,,9522,1,,,1,30,,9523,1,,,1,70,,9524,1,,,1,30,,9525,1,,,1,70,,9526,1,,,1,30,,9527,1,,,1,70,,9528,1,,,1,30,,9529,1,,,1,70,,9530,1,,,1
40501,'SatSun',627,,9531,1,,,1,30,,9532,1,,,1,70,,9533,1,,,1,30,,9534,1,,,1,70,,9535,1,,,1,30,,9536,1,,,1,70,,9537,1,,,1,30,,9538,1,,,1,70,,9539,1,,,1,30,,9540,1,,,1,70,,9541,1,,,1,30,,9542,1,,,1,70,,9543,1,,,1,30,,9544,1,,,1,70,,9545,1,,,1,30,,9546,1,,,1,70,,9547,1,,,1,30,,9548,1,,,1,70,,9549,1,,,1,30,,9550,1,,,1,70,,9551,1,,,1,30,,9552,1,,,1,70,,9553,1,,,1,30,,9554,1,,,1,70,,9555,1,,,1,30,,9556,1,,,1,70,,9557,1,,,1,30,,9558,1,,,1,70,,9559,1,,,1,30,,9560,1,,,1,70,,9561,1,,,1,30,,9562,1,,,1,70,,9563,1,,,1
40501,'Weekday',600,,9581,1,,,1,30,,9582,1,,,1,70,,9583,1,,,1,25,,9584,1,,,1,34,,9585,1,,,1,70,,9586,1,,,1,27,,9587,1,,,1,70,,9588,1,,,1,30,,9589,1,,,1,70,,9590,1,,,1,30,,9591,1,,,1,70,,9592,1,,,1,30,,9593,1,,,1,70,,9594,1,,,1,30,,9595,1,,,1,70,,9596,1,,,1,24,,9597,1,,,1,70,,9564,1,,,1,25,,9565,1,,,1,70,,9566,1,,,1,32,,9568,1,,,1,68,,9569,1,,,1,32,,9570,1,,,1,68,,9571,1,,,1,28,,9572,1,,,1,70,,9573,1,,,1,30,,9574,1,,,1,70,,9575,1,,,1,22,,9576,1,,,1,75,,9567,1,,,1,30,,9577,1,,,1,70,,9578,1,,,1,30,,9579,1,,,1,70,,9580,1,,,1
40700,'Canada Day',620,,9598,35,4,,1,25,,9599,32,4,,1,75,,9600,35,4,,1,25,,9601,32,4,,1,75,,9602,35,4,,1,25,,9603,32,4,,1,74,,9604,35,4,,1,27,,9605,32,4,,1,73,,9606,35,4,,1,27,,9607,32,4,,1,73,,9608,35,4,,1,27,,9609,32,4,,1,75,,9610,35,4,,1,28,,9611,32,4,,1,72,,9612,35,4,,1,28,,9613,32,4,,1,72,,9614,35,4,,1,28,,9615,32,4,,1,72,,9616,35,4,,1,28,,9617,32,4,,1,72,,9618,35,4,,1,28,,9619,32,4,,1,72,,9620,35,4,,1,25,,9621,32,4,,1,75,,9622,35,4,,1,25,,9623,32,4,,1,75,,9624,35,4,,1,25,,9625,32,4,,1,70,,9626,32,4,,1,30,,9627,32,4,,1,70,,9628,32,4,,1,30,,9629,32,4,,1,70,,9630,32,4,,1
40700,'SatSun',620,,9631,35,4,,1,25,,9634,32,4,,1,75,,9632,35,4,,1,25,,9635,32,4,,1,75,,9633,35,4,,1,25,,9636,32,4,,1,74,,9637,35,4,,1,27,,9648,32,4,,1,73,,9638,35,4,,1,27,,9649,32,4,,1,73,,9639,35,4,,1,27,,9650,32,4,,1,75,,9640,35,4,,1,28,,9651,32,4,,1,72,,9641,35,4,,1,28,,9652,32,4,,1,72,,9642,35,4,,1,28,,9653,32,4,,1,72,,9643,35,4,,1,28,,9654,32,4,,1,72,,9644,35,4,,1,28,,9655,32,4,,1,72,,9645,35,4,,1,25,,9656,32,4,,1,75,,9646,35,4,,1,25,,9657,32,4,,1,75,,9647,35,4,,1,25,,9658,32,4,,1,70,,9659,32,4,,1,30,,9660,32,4,,1,70,,9661,32,4,,1,30,,9662,32,4,,1,70,,9663,32,4,,1
40701,'Canada Day',623,,9698,1,,,1,23,,9699,1,0,7 26,1,80,,9700,1,,,1,20,,9701,1,0,7 26,1,77,,9702,1,,,1,23,,9703,1,0,7 26,1,77,,9704,1,,,1,23,,9705,1,0,7 26,1,77,,9706,1,,,1,23,,9707,1,0,7 26,1,73,,9708,1,,,1,27,,9709,1,0,7 26,1,73,,9710,1,,,1,21,,9711,1,0,7 26,1,76,,9712,1,,,1,24,,9713,1,0,7 26,1,76,,9714,1,,,1,24,,9715,1,0,7 26,1,76,,9716,1,,,1,24,,9717,1,0,7 26,1,76,,9718,1,,,1,24,,9719,1,0,7 26,1,76,,9720,1,,,1,26,,9721,1,0,7 26,1,76,,9722,1,,,1,24,,9723,1,0,7 26,1,76,,9724,1,,,1,24,,9725,1,0,7 26,1,76,,9726,1,,,1,24,,9727,1,0,7 26,1,76,,9728,1,,,1,24,,9729,1,0,7 26,1,76,,9730,1,,,1
40701,'SatSun',619,,9731,1,,,1,23,,9748,1,0,7 26,1,77,,9732,1,,,1,23,,9749,1,0,7 26,1,77,,9733,1,,,1,23,,9750,1,0,7 26,1,77,,9734,1,,,1,23,,9751,1,0,7 26,1,77,,9735,1,,,1,23,,9752,1,0,7 26,1,77,,9736,1,,,1,23,,9753,1,0,7 26,1,77,,9737,1,,,1,21,,9754,1,0,7 26,1,76,,9738,1,,,1,24,,9755,1,0,7 26,1,76,,9739,1,,,1,24,,9756,1,0,7 26,1,76,,9740,1,,,1,24,,9757,1,0,7 26,1,76,,9741,1,,,1,24,,9758,1,0,7 26,1,76,,9742,1,,,1,26,,9759,1,0,7 26,1,76,,9743,1,,,1,24,,9760,1,0,7 26,1,76,,9744,1,,,1,24,,9761,1,0,7 26,1,76,,9745,1,,,1,24,,9762,1,0,7 26,1,76,,9746,1,,,1,24,,9763,1,0,7 26,1,76,,9747,1,,,1
