10000,'Canada Day',1225,,7756,8,,,1,20,,7757,8,,,1,60,,7758,8,,,1,20,,7759,8,,,1,20,,7760,8,,,1,60,,7761,8,,,1,20,,7762,8,,,1,23,,7763,8,,,1,57,,7764,8,,,1,20,,7765,8,,,1,20,,7766,8,,,1,60,,7767,8,,,1,20,,7768,8,,,1,20,,7769,8,,,1,60,,7770,8,,,1,20,,7771,8,,,1,20,,7772,8,,,1,60,,7773,8,,,1,20,,7774,8,,,1,20,,7775,8,,,1,60,,7776,8,,,1,20,,7777,8,,,1,20,,7778,8,,,1,60,,7779,8,,,1,20,,7780,8,,,1,20,,7781,8,,,1,60,,7782,8,,,1
10000,'SatSun',1225,,7783,8,,,1,20,,7784,8,,,1,60,,7785,8,,,1,20,,7786,8,,,1,20,,7787,8,,,1,60,,7788,8,,,1,20,,7789,8,,,1,20,,7790,8,,,1,60,,7791,8,,,1,20,,7792,8,,,1,20,,7793,8,,,1,60,,7794,8,,,1,20,,7795,8,,,1,20,,7796,8,,,1,60,,7797,8,,,1,20,,7798,8,,,1,20,,7799,8,,,1,60,,7800,8,,,1,20,,7801,8,,,1,20,,7802,8,,,1,60,,7803,8,,,1,20,,7804,8,,,1,20,,7805,8,,,1,60,,7806,8,,,1,20,,7807,8,,,1,20,,7808,8,,,1,60,,7809,8,,,1
10000,'Thursday',1913,,7810,8,,,1,20,,7811,8,,,1,20,,7812,8,,,1,60,,7813,8,,,1,20,,7814,8,,,1,20,,7815,8,,,1,65,,7816,8,,,1,20,,7817,8,,,1
11200,'Canada Day',719,,7896,3,,,1,30,,7897,3,,,1,70,,7898,3,,,1,30,,7899,3,,,1,70,,7900,3,,,1,30,,7901,3,,,1,70,,7902,3,,,1,30,,7903,3,,,1,70,,7904,3,,,1,30,,7905,3,,,1,70,,7906,3,,,1,30,,7907,3,,,1,70,,7908,3,,,1,30,,7909,3,,,1,70,,7910,3,,,1,30,,7911,3,,,1,70,,7912,3,,,1,30,,7913,3,,,1,70,,7914,3,,,1,30,,7915,3,,,1,70,,7916,3,,,1,30,,7917,3,,,1,70,,7918,3,,,1,30,,7919,3,,,1,70,,7920,3,,,1,30,,7921,3,,,1,70,,7922,3,,,1,30,,7923,3,,,1
11200,'SatSun',719,,7924,3,,,1,30,,7938,3,,,1,70,,7925,3,,,1,30,,7939,3,,,1,70,,7926,3,,,1,30,,7940,3,,,1,70,,7927,3,,,1,30,,7941,3,,,1,70,,7928,3,,,1,30,,7942,3,,,1,70,,7929,3,,,1,30,,7943,3,,,1,70,,7930,3,,,1,30,,7944,3,,,1,70,,7931,3,,,1,30,,7945,3,,,1,70,,7932,3,,,1,30,,7946,3,,,1,70,,7933,3,,,1,30,,7947,3,,,1,70,,7934,3,,,1,30,,7948,3,,,1,70,,7935,3,,,1,30,,7949,3,,,1,70,,7936,3,,,1,30,,7950,3,,,1,70,,7937,3,,,1,30,,7951,3,,,1
11200,'Weekday',654,,7954,3,,,1,70,,7976,3,,,1,30,,7977,3,,,1,70,,7972,3,,,1,30,,7964,3,,,1,72,,7961,3,,,1,30,,7970,3,,,1,70,,7967,3,,,1,30,,7953,3,,,1,70,,7958,3,,,1,30,,7955,3,,,1,70,,7963,3,,,1,24,,7975,3,,,1,71,,7962,3,,,1,23,,7959,3,,,1,74,,7957,3,,,1,25,,7956,3,,,1,67,,7960,3,,,1,30,,7973,3,,,1,73,,7969,3,,,1,35,,7971,3,,,1,70,,7974,3,,,1,25,,7965,3,,,1,70,,7966,3,,,1,34,,7968,3,,,1,72,,7952,3,,,1
12101,'Canada Day',722,,8207,3,0,10 40 41,1,25,,8208,3,0,10 40 41,1,65,,8209,3,0,10 40 41,1,30,,8210,3,0,10 40 41,1,70,,8211,3,0,10 40 41,1,38,,8212,3,0,10 40 41,1,70,,8213,3,0,10 40 41,1,30,,8214,3,0,10 40 41,1,65,,8215,3,0,10 40 41,1,35,,8216,3,0,10 40 41,1,70,,8217,3,0,10 40 41,1,30,,8218,3,0,10 40 41,1,70,,8219,3,0,10 40 41,1,30,,8220,3,0,10 40 41,1,70,,8221,3,0,10 40 41,1,33,,8222,3,0,10 40 41,1,70,,8223,3,0,10 40 41,1,30,,8224,3,0,10 40 41,1,70,,8225,3,0,10 40 41,1,30,,8226,3,0,10 40 41,1,70,,8227,3,0,10 40 41,1,30,,8228,3,0,10 40 41,1,66,,8229,3,0,10 40 41,1,30,,8230,3,0,10 40 41,1,70,,8231,3,0,10 40 41,1
12101,'SatSun',722,,8232,3,0,10 40 41,1,25,,8233,3,0,10 40 41,1,65,,8234,3,0,10 40 41,1,30,,8235,3,0,10 40 41,1,70,,8236,3,0,10 40 41,1,38,,8237,3,0,10 40 41,1,70,,8238,3,0,10 40 41,1,30,,8239,3,0,10 40 41,1,65,,8240,3,0,10 40 41,1,35,,8241,3,0,10 40 41,1,70,,8242,3,0,10 40 41,1,30,,8243,3,0,10 40 41,1,70,,8244,3,0,10 40 41,1,30,,8245,3,0,10 40 41,1,70,,8246,3,0,10 40 41,1,33,,8247,3,0,10 40 41,1,70,,8248,3,0,10 40 41,1,30,,8249,3,0,10 40 41,1,70,,8250,3,0,10 40 41,1,30,,8251,3,0,10 40 41,1,70,,8252,3,0,10 40 41,1,30,,8253,3,0,10 40 41,1,66,,8254,3,0,10 40 41,1,30,,8255,3,0,10 40 41,1,70,,8256,3,0,10 40 41,1
12101,'Weekday',508,,8257,3,,,1,35,,8258,3,,,1,67,,8261,3,0,7 11 9,1,27,,8262,3,0,7 11 9,1,70,,8263,3,0,7 11 9,1,30,,8264,3,0,7 11 9,1,70,,8265,3,0,7 11 9,1,30,,8266,3,0,7 11 9,1,75,,8267,3,0,7 11 9,1,31,,8268,3,,,1,70,,8269,3,,,1,30,,8270,3,,,1,63,,8290,3,,,1,25,,8271,3,,,1,70,,8272,3,,,1,25,,8273,3,,,1,30,,8274,3,,,1,70,,8275,3,,,1,30,,8276,3,,,1,70,,8277,3,,,1,30,,8278,3,,,1,70,,8279,3,,,1,30,,8280,3,,,1,70,,8281,3,,,1,30,,8282,3,,,1,70,,8283,3,,,1,30,,8284,3,,,1,70,,8285,3,,,1,30,,8286,3,,,1,70,,8287,3,,,1,30,,8288,3,,,1,70,,8289,3,,,1,30,,8259,3,,,1,100,,8260,3,,,1
21100,'Weekday',619,,8291,3,,,1,30,,8292,3,,,1,70,,8293,3,,,1,30,,8294,3,,,1,70,,8295,3,,,1,30,,8296,3,,,1,567,,8302,3,,,1,229,,8297,3,,,1,70,,8298,3,,,1,30,,8299,3,,,1,70,,8300,3,,,1,30,,8301,3,,,1
