91500,'SatSun',515,,7055,4,,1,30,,7015,4,,1,65,,7016,4,,1,25,,7017,4,,1,65,,7018,4,,1,30,,7019,4,,1,70,,7020,4,,1,30,,7021,4,,1,70,,7022,4,,1,30,,7023,4,,1,25,,7024,4,,1,81,,7025,4,,1,70,,7026,4,,1,30,,7027,4,,1,70,,7028,4,,1,30,,7029,4,,1,70,,7030,4,,1,33,,7031,4,,1,70,,7032,4,,1,30,,7033,4,,1,70,,7034,4,,1,30,,7035,4,,1,70,,7036,4,,1,30,,7037,4,,1,70,,7038,4,,1,30,,7039,4,,1,70,,7040,4,,1,30,,7041,4,,1,70,,7042,4,,1,26,,7043,4,,1,70,,7044,4,,1,27,,7045,4,,1,70,,7046,4,,1,30,,7047,4,,1,20,,7048,4,,1,70,,7049,4,,1,27,,7050,4,,1,70,,7051,4,,1,30,,7052,4,,1,70,,7053,4,,1,30,,7054,4,,1
91500,'Weekday',432,,7056,4,,1,80,,7057,4,,1,30,,7058,4,,1,70,,7059,4,,1,33,,7060,4,,1,65,,7061,4,,1,20,,7062,4,,1,20,,7063,4,,1,60,,7064,4,,1,20,,7065,4,,1,20,,7066,4,,1,60,,7067,4,,1,20,,7068,4,,1,20,,7069,4,,1,60,,7070,4,,1,20,,7071,4,,1,20,,7072,4,,1,59,,7073,4,,1,20,,7074,4,,1,20,,7075,4,,1,60,,7076,4,,1,20,,7077,4,,1,20,,7078,4,,1,60,,7079,4,,1,20,,7080,4,,1,20,,7081,4,,1,60,,7082,4,,1,20,,7083,4,,1,20,,7084,4,,1,60,,7085,4,,1,26,,7086,4,,1,22,,7087,4,,1,63,,7088,4,,1,19,,7089,4,,1,20,,7090,4,,1,66,,7091,4,,1,20,,7092,4,,1,60,,7093,4,,1,22,,7094,4,,1,20,,7095,4,,1,57,,7096,4,,1,23,,7097,4,,1,17,,7098,4,,1,56,,7099,4,,1,23,,7100,4,,1,25,,7101,4,,1,70,,7102,4,,1,30,,7103,4,,1,70,,7104,4,,1,28,,7105,4,,1,68,,7106,4,,1,30,,7107,4,,1,70,,7108,4,,1,30,,7109,4,,1,70,,7110,4,,1,30,,7111,4,,1
91501,'SatSun',523,,7112,,,1,30,,7113,,,1,64,,7114,,,1,30,,7115,,,1,78,,7116,,,1,30,,7117,,,1,72,,7118,,,1,74,,7119,,,1,30,,7120,,,1,26,,7121,,,1,65,,7122,,,1,30,,7123,,,1,70,,7124,,,1,82,,7125,,,1,30,,7126,,,1,70,,7127,,,1,26,,7128,,,1,74,,7129,,,1,30,,7130,,,1,70,,7131,,,1,30,,7132,,,1,70,,7133,,,1,30,,7134,,,1,74,,7135,,,1,30,,7136,,,1,70,,7137,,,1,30,,7138,,,1,70,,7139,,,1,30,,7140,,,1,64,,7141,,,1,26,,7142,,,1,30,,7143,,,1,70,,7144,,,1,30,,7145,,,1,75,,7146,,,1,25,,7147,,,1,70,,7148,,,1
91501,'Weekday',441,,7149,,,1,74,,7150,,,1,30,,7151,,,1,70,,7152,,,1,30,,7153,,,1,55,,7154,,,1,20,,7155,,,1,20,,7156,,,1,60,,7157,,,1,20,,7158,,,1,24,,7159,,,1,60,,7160,,,1,20,,7161,,,1,20,,7162,,,1,60,,7163,,,1,20,,7164,,,1,20,,7165,,,1,60,,7166,,,1,20,,7167,,,1,20,,7168,,,1,60,,7169,,,1,20,,7170,,,1,20,,7171,,,1,60,,7172,,,1,20,,7173,,,1,20,,7174,,,1,60,,7175,,,1,20,,7176,,,1,20,,7177,,,1,60,,7178,,,1,20,,7179,,,1,20,,7180,,,1,60,,7181,,,1,25,,7182,,,1,20,,7183,,,1,60,,7184,,,1,20,,7185,,,1,20,,7186,,,1,65,,7187,,,1,20,,7188,,,1,20,,7189,,,1,65,,7190,,,1,30,,7191,,,1,60,,7192,,,1,30,,7193,,,1,20,,7194,,,1,70,,7195,,,1,30,,7196,,,1,70,,7197,,,1,30,,7198,,,1
91600,'Overnight',2256,,7199,4,,1,70,,7200,4,,1,30,,7201,4,,1
91600,'SatSun',521,,7202,4,,1,30,,7203,4,,1,53,,7204,4,,1,30,,7205,4,,1,73,,7206,4,,1,30,,7207,4,,1,73,,7208,4,,1,46,,7209,4,,1,70,,7210,4,,1,25,,7211,4,,1,65,,7212,4,,1,30,,7213,4,,1,70,,7214,4,,1,43,,7215,4,,1,70,,7216,4,,1,30,,7217,4,,1,65,,7218,4,,1,35,,7219,4,,1,70,,7220,4,,1,30,,7221,4,,1,70,,7222,4,,1,30,,7223,4,,1,70,,7224,4,,1,73,,7225,4,,1,30,,7226,4,,1,70,,7227,4,,1,30,,7228,4,,1,70,,7229,4,,1,30,,7230,4,,1,25,,7231,4,,1,66,,7232,4,,1,30,,7233,4,,1,70,,7234,4,,1,30,,7235,4,,1,80,,7236,4,,1
91600,'Weekday',510,,7237,4,,1,30,,7238,4,,1,70,,7239,4,,1,30,,7240,4,,1,71,,7241,4,,1,20,,7242,4,,1,20,,7243,4,,1,61,,7244,4,,1,23,,7245,4,,1,20,,7246,4,,1,60,,7247,4,,1,20,,7248,4,,1,20,,7249,4,,1,60,,7250,4,,1,20,,7251,4,,1,18,,7252,4,,1,60,,7253,4,,1,20,,7254,4,,1,20,,7255,4,,1,60,,7256,4,,1,20,,7257,4,,1,20,,7258,4,,1,60,,7259,4,,1,20,,7260,4,,1,20,,7261,4,,1,60,,7262,4,,1,20,,7263,4,,1,20,,7264,4,,1,60,,7265,4,,1,3,,7286,4,,1,17,,7266,4,,1,20,,7267,4,,1,68,,7268,4,,1,18,,7269,4,,1,64,,7270,4,,1,20,,7271,4,,1,20,,7272,4,,1,65,,7273,4,,1,20,,7274,4,,1,20,,7275,4,,1,60,,7276,4,,1,12,,7277,4,,1,20,,7278,4,,1,60,,7279,4,,1,25,,7280,4,,1,25,,7281,4,,1,68,,7282,4,,1,30,,7283,4,,1,70,,7284,4,,1,30,,7285,4,,1
91601,'Overnight',434,,7287,,,1,70,,7289,,,1,2330,,7288,,,1,70,,7290,,,1
91601,'SatSun',526,,7291,,,1,30,,7292,,,1,65,,7293,,,1,25,,7294,,,1,65,,7295,,,1,30,,7296,,,1,70,,7297,,,1,30,,7298,,,1,70,,7299,,,1,30,,7300,,,1,65,,7301,,,1,35,,7302,,,1,70,,7303,,,1,30,,7304,,,1,70,,7305,,,1,30,,7306,,,1,70,,7307,,,1,33,,7308,,,1,70,,7309,,,1,30,,7310,,,1,70,,7311,,,1,30,,7312,,,1,70,,7313,,,1,30,,7314,,,1,70,,7315,,,1,30,,7316,,,1,70,,7317,,,1,30,,7318,,,1,70,,7319,,,1,26,,7320,,,1,70,,7321,,,1,27,,7322,,,1,70,,7323,,,1,30,,7324,,,1,65,,7325,,,1,30,,7326,,,1,27,,7327,,,1,70,,7328,,,1
91601,'Weekday',522,,7329,,,1,28,,7330,,,1,70,,7331,,,1,30,,7332,,,1,65,,7333,,,1,20,,7334,,,1,20,,7335,,,1,60,,7336,,,1,20,,7337,,,1,20,,7338,,,1,60,,7339,,,1,20,,7340,,,1,20,,7341,,,1,60,,7342,,,1,20,,7343,,,1,20,,7344,,,1,60,,7345,,,1,20,,7346,,,1,20,,7347,,,1,60,,7348,,,1,20,,7349,,,1,20,,7350,,,1,60,,7351,,,1,20,,7352,,,1,20,,7353,,,1,61,,7354,,,1,20,,7355,,,1,20,,7356,,,1,60,,7357,,,1,25,,7358,,,1,65,,7359,,,1,20,,7360,,,1,20,,7361,,,1,60,,7362,,,1,23,,7363,,,1,20,,7364,,,1,60,,7365,,,1,22,,7366,,,1,20,,7367,,,1,60,,7368,,,1,20,,7369,,,1,20,,7370,,,1,60,,7371,,,1,20,,7372,,,1,25,,7373,,,1,70,,7374,,,1,30,,7375,,,1,70,,7376,,,1,30,,7377,,,1,70,,7378,,,1,30,,7379,,,1
1400000101,'Overnight',2300,,7707,,,1,30,,7705,,,1,73,,7706,,,1
