40300,'SatSun',654,,4870,4,,1,70,,4871,4,,1,30,,4872,4,,1,70,,4873,4,,1,30,,4874,4,,1,70,,4875,4,,1,30,,4876,4,,1,72,,4877,4,,1,30,,4878,4,,1,66,,4879,4,,1,30,,4880,4,,1,74,,4881,4,,1,30,,4882,4,,1,70,,4883,4,,1,30,,4884,4,,1,70,,4885,4,,1,30,,4886,4,,1,70,,4887,4,,1,30,,4888,4,,1,66,,4889,4,,1,34,,4890,4,,1,70,,4891,4,,1,30,,4892,4,,1,70,,4893,4,,1,30,,4894,4,,1,70,,4895,4,,1,30,,4896,4,,1,70,,4897,4,,1,30,,4898,4,,1,70,,4899,4,,1,30,,4900,4,,1
40300,'Weekday',630,,4921,4,,1,16,,4905,4,,1,54,,4937,4,,1,16,,4906,4,,1,14,,4932,4,,1,16,,4907,4,,1,54,,4938,4,,1,16,,4908,4,,1,14,,4939,4,,1,70,,4940,4,,1,30,,4941,4,,1,72,,4942,4,,1,30,,4943,4,,1,70,,4944,4,,1,30,,4901,4,,1,70,,4902,4,,1,30,,4903,4,,1,70,,4904,4,,1,30,,4915,4,,1,70,,4916,4,,1,30,,4917,4,,1,73,,4918,4,,1,22,,4919,4,,1,15,,4909,4,,1,15,,4920,4,,1,55,,4910,4,,1,15,,4922,4,,1,15,,4911,4,,1,15,,4923,4,,1,55,,4912,4,,1,15,,4924,4,,1,15,,4913,4,,1,15,,4925,4,,1,55,,4914,4,,1,15,,4926,4,,1,30,,4927,4,,1,70,,4928,4,,1,29,,4929,4,,1,70,,4930,4,,1,30,,4931,4,,1,70,,4933,4,,1,30,,4934,4,,1,70,,4935,4,,1,30,,4936,4,,1
40301,'SatSun',600,,4945,,,1,30,,4946,,,1,70,,4947,,,1,30,,4948,,,1,70,,4949,,,1,30,,4950,,,1,70,,4951,,,1,30,,4952,,,1,70,,4953,,,1,30,,4954,,,1,70,,4955,,,1,30,,4956,,,1,70,,4957,,,1,30,,4958,,,1,70,,4959,,,1,30,,4960,,,1,70,,4961,,,1,30,,4962,,,1,70,,4963,,,1,30,,4964,,,1,70,,4965,,,1,30,,4966,,,1,70,,4967,,,1,30,,4968,,,1,70,,4969,,,1,30,,4970,,,1,70,,4971,,,1,30,,4972,,,1,70,,4973,,,1,30,,4974,,,1,70,,4975,,,1,30,,4976,,,1,70,,4977,,,1
40301,'Weekday',603,,4988,,,1,30,,4987,,,1,20,,4978,0,10 31 32,1,50,,4989,,,1,20,,4979,0,10 31 32,1,10,,4990,,,1,20,,4980,0,10 31 32,1,50,,4991,,,1,30,,4992,,,1,70,,4993,,,1,28,,4994,,,1,70,,4995,,,1,30,,4996,,,1,70,,4997,,,1,30,,4998,,,1,70,,4999,,,1,30,,5000,,,1,70,,5001,,,1,30,,5002,,,1,70,,5003,,,1,25,,5004,,,1,30,,5005,,,1,63,,4981,0,10 31 32,1,7,,5006,,,1,23,,4982,0,10 31 32,1,7,,5007,,,1,63,,4983,0,10 31 32,1,7,,5008,,,1,23,,4984,0,10 31 32,1,7,,5009,,,1,63,,4985,0,10 31 32,1,7,,5010,,,1,23,,4986,0,10 31 32,1,7,,5011,,,1,70,,5012,,,1,30,,5013,,,1,70,,5014,,,1,30,,5015,,,1,70,,5016,,,1,30,,5017,,,1,70,,5018,,,1,74,,5019,,,1,32,,5020,,,1
40500,'SatSun',635,,5021,,,1,70,,5022,,,1,30,,5023,,,1,70,,5024,,,1,30,,5025,,,1,70,,5026,,,1,30,,5027,,,1,70,,5028,,,1,30,,5029,,,1,70,,5030,,,1,30,,5031,,,1,70,,5032,,,1,30,,5033,,,1,70,,5034,,,1,30,,5035,,,1,70,,5036,,,1,30,,5037,,,1,70,,5038,,,1,30,,5039,,,1,70,,5040,,,1,30,,5041,,,1,70,,5042,,,1,30,,5043,,,1,70,,5044,,,1,30,,5045,,,1,70,,5046,,,1,30,,5047,,,1,70,,5048,,,1,30,,5049,,,1,70,,5050,,,1,30,,5051,,,1,70,,5052,,,1
40500,'Weekday',558,,5069,,,1,80,,5070,,,1,72,,5071,,,1,30,,5072,,,1,70,,5073,,,1,30,,5074,,,1,70,,5075,,,1,30,,5076,,,1,70,,5077,,,1,30,,5078,,,1,70,,5079,,,1,30,,5080,,,1,70,,5081,,,1,25,,5082,,,1,70,,5083,,,1,35,,5084,,,1,70,,5053,,,1,30,,5054,,,1,70,,5055,,,1,25,,5056,,,1,70,,5057,,,1,30,,5058,,,1,70,,5059,,,1,30,,5060,,,1,66,,5061,,,1,29,,5062,,,1,70,,5063,,,1,35,,5064,,,1,70,,5065,,,1,30,,5066,,,1,70,,5067,,,1,30,,5068,,,1
40501,'SatSun',656,,5085,4,,1,70,,5086,4,,1,30,,5087,4,,1,70,,5088,4,,1,30,,5089,4,,1,70,,5090,4,,1,30,,5091,4,,1,73,,5092,4,,1,30,,5093,4,,1,70,,5094,4,,1,30,,5095,4,,1,70,,5096,4,,1,30,,5097,4,,1,70,,5098,4,,1,30,,5099,4,,1,70,,5100,4,,1,30,,5101,4,,1,70,,5102,4,,1,30,,5103,4,,1,70,,5104,4,,1,30,,5105,4,,1,70,,5106,4,,1,30,,5107,4,,1,70,,5108,4,,1,30,,5109,4,,1,67,,5110,4,,1,30,,5111,4,,1,70,,5112,4,,1,30,,5113,4,,1,70,,5114,4,,1,30,,5115,4,,1,70,,5116,4,,1,30,,5117,4,,1
40501,'Weekday',630,,5135,4,,1,70,,5136,4,,1,30,,5137,4,,1,25,,5138,4,,1,74,,5139,4,,1,30,,5140,4,,1,67,,5141,4,,1,30,,5142,4,,1,70,,5143,4,,1,30,,5144,4,,1,70,,5145,4,,1,30,,5146,4,,1,70,,5147,4,,1,30,,5148,4,,1,70,,5149,4,,1,30,,5150,4,,1,64,,5151,4,,1,30,,5118,4,,1,71,,5119,4,,1,30,,5120,4,,1,72,,5122,4,,1,28,,5123,4,,1,72,,5124,4,,1,28,,5125,4,,1,68,,5126,4,,1,30,,5127,4,,1,64,,5128,4,,1,30,,5129,4,,1,62,,5130,4,,1,35,,5121,4,,1,70,,5131,4,,1,30,,5132,4,,1,70,,5133,4,,1,30,,5134,4,,1
40900,'SatSun',653,,5285,,,1,70,,5286,,,1,30,,5287,,,1,70,,5288,,,1,30,,5289,,,1,70,,5290,,,1,30,,5291,,,1,70,,5292,,,1,30,,5293,,,1,70,,5294,,,1,30,,5295,,,1,70,,5296,,,1,30,,5297,,,1,70,,5298,,,1,30,,5299,,,1,70,,5300,,,1,30,,5301,,,1,70,,5302,,,1,30,,5303,,,1,70,,5304,,,1,30,,5305,,,1,70,,5306,,,1,30,,5307,,,1,70,,5308,,,1,30,,5309,,,1,70,,5310,,,1,220,,5311,,,1,110,,5312,,,1
40900,'Weekday',633,,5319,,,1,70,,5320,,,1,30,,5321,,,1,70,,5322,,,1,30,,5323,,,1,70,,5324,,,1,30,,5325,,,1,26,,5326,0,5 20 21,1,74,,5327,,,1,70,,5328,,,1,30,,5329,,,1,26,,5330,0,5 20 21,1,74,,5331,,,1,70,,5332,,,1,30,,5333,,,1,26,,5334,0,5 20 21,1,74,,5335,,,1,70,,5336,,,1,30,,5337,,,1,72,,5338,0,5 20 21,1,28,,5339,,,1,70,,5340,,,1,30,,5341,,,1,70,,5342,,,1,30,,5343,,,1,70,,5344,,,1,30,,5313,,,1,70,,5314,,,1,30,,5315,,,1,70,,5316,,,1,30,,5317,,,1,82,,5318,,,1
40901,'SatSun',705,,5345,4,,1,30,,5346,4,,1,70,,5347,4,,1,30,,5348,4,,1,70,,5349,4,,1,30,,5350,4,,1,70,,5351,4,,1,30,,5352,4,,1,70,,5353,4,,1,30,,5354,4,,1,70,,5355,4,,1,30,,5356,4,,1,70,,5357,4,,1,30,,5358,4,,1,70,,5359,4,,1,33,,5360,4,,1,70,,5361,4,,1,30,,5362,4,,1,70,,5363,4,,1,30,,5364,4,,1,70,,5365,4,,1,30,,5366,4,,1,70,,5367,4,,1,30,,5368,4,,1,70,,5369,4,,1,30,,5370,4,,1,70,,5371,4,,1,30,,5372,4,,1,202,,5373,4,,1,106,,5374,4,,1
40901,'Weekday',655,,5407,4,,1,70,,5381,4,,1,30,,5382,4,,1,70,,5383,4,,1,30,,5384,4,,1,70,,5385,4,,1,30,,5386,4,,1,74,,5387,4,,1,26,,5388,4,,1,70,,5389,4,,1,30,,5390,4,,1,74,,5391,4,,1,26,,5392,4,,1,70,,5393,4,,1,30,,5394,4,,1,74,,5395,4,,1,26,,5396,4,,1,70,,5397,4,,1,31,,5398,4,,1,69,,5399,4,,1,30,,5400,4,,1,70,,5401,4,,1,30,,5402,4,,1,70,,5403,4,,1,30,,5404,4,,1,70,,5405,4,,1,30,,5406,4,,1,70,,5375,4,,1,30,,5376,4,,1,70,,5377,4,,1,30,,5378,4,,1,70,,5379,4,,1,83,,5380,4,,1
41000,'SatSun',645,,5408,,,1,70,,5409,,,1,30,,5410,,,1,70,,5411,,,1,30,,5412,,,1,70,,5413,,,1,30,,5414,,,1,70,,5415,,,1,30,,5416,,,1,70,,5417,,,1,30,,5418,,,1,70,,5419,,,1,30,,5420,,,1,70,,5421,,,1,30,,5422,,,1,70,,5423,,,1,30,,5424,,,1,70,,5425,,,1,30,,5426,,,1,70,,5427,,,1,30,,5428,,,1,70,,5440,,,1,30,,5429,,,1,70,,5430,,,1,30,,5431,,,1,70,,5432,,,1,30,,5433,,,1,70,,5434,,,1,28,,5435,,,1,72,,5436,,,1,30,,5437,,,1,75,,5438,,,1,30,,5439,,,1
41000,'Weekday',610,,5441,,,1,30,,5442,,,1,70,,5443,,,1,30,,5444,,,1,70,,5445,,,1,30,,5446,,,1,70,,5447,,,1,30,,5448,,,1,70,,5449,,,1,30,,5450,,,1,70,,5451,,,1,30,,5452,,,1,70,,5453,,,1,30,,5454,,,1,70,,5455,,,1,30,,5456,,,1,70,,5457,,,1,30,,5458,,,1,70,,5459,,,1,30,,5460,,,1,70,,5461,,,1,23,,5462,,,1,77,,5463,,,1,30,,5464,,,1,70,,5465,,,1,30,,5466,,,1,71,,5467,,,1,29,,5468,,,1,70,,5469,,,1,30,,5470,,,1,70,,5471,,,1,30,,5472,,,1,70,,5473,,,1,30,,5474,,,1,70,,5475,,,1
41001,'SatSun',645,,5476,4,,1,70,,5477,4,,1,30,,5478,4,,1,70,,5479,4,,1,30,,5480,4,,1,70,,5481,4,,1,30,,5482,4,,1,72,,5483,4,,1,30,,5484,4,,1,70,,5485,4,,1,30,,5486,4,,1,70,,5487,4,,1,30,,5488,4,,1,70,,5489,4,,1,30,,5490,4,,1,70,,5491,4,,1,30,,5492,4,,1,70,,5493,4,,1,30,,5494,4,,1,70,,5495,4,,1,30,,5496,4,,1,70,,5497,4,,1,29,,5498,4,,1,70,,5499,4,,1,30,,5500,4,,1,70,,5501,4,,1,30,,5502,4,,1,68,,5503,4,,1,30,,5504,4,,1,70,,5505,4,,1,25,,5506,4,,1,75,,5507,4,,1,30,,5508,4,,1
41001,'Weekday',605,,5542,4,,1,40,,5509,4,,1,65,,5510,4,,1,32,,5511,4,,1,70,,5512,4,,1,30,,5513,4,,1,70,,5514,4,,1,30,,5515,4,,1,70,,5516,4,,1,30,,5517,4,,1,70,,5518,4,,1,30,,5519,4,,1,70,,5520,4,,1,30,,5521,4,,1,70,,5522,4,,1,30,,5523,4,,1,70,,5524,4,,1,30,,5525,4,,1,74,,5526,4,,1,30,,5527,4,,1,70,,5528,4,,1,30,,5529,4,,1,70,,5530,4,,1,30,,5531,4,,1,70,,5532,4,,1,30,,5533,4,,1,70,,5534,4,,1,25,,5535,4,,1,65,,5536,4,,1,29,,5537,4,,1,70,,5538,4,,1,30,,5539,4,,1,70,,5540,4,,1,30,,5541,4,,1,70,,5544,4,,1,30,,5543,4,,1,70,,5545,4,,1,19,,5546,4,,1,100,,5547,4,,1
41100,'SatSun',954,,5548,,,1,70,,5549,,,1,30,,5550,,,1,70,,5551,,,1,30,,5552,,,1,70,,5553,,,1,30,,5554,,,1,70,,5555,,,1,30,,5556,,,1,70,,5557,,,1,30,,5558,,,1,70,,5559,,,1,30,,5560,,,1,70,,5561,,,1,30,,5562,,,1,70,,5563,,,1,30,,5564,,,1,70,,5565,0,10 26,1,30,,5566,0,10 26,1
41101,'SatSun',956,,5567,4,,1,70,,5568,4,,1,33,,5569,4,,1,70,,5570,4,,1,30,,5571,4,,1,70,,5572,4,,1,30,,5573,4,,1,70,,5574,4,,1,30,,5575,4,,1,70,,5576,4,,1,30,,5577,4,,1,70,,5578,4,,1,30,,5579,4,,1,70,,5580,4,,1,30,,5581,4,,1,70,,5582,4,,1,30,,5583,4,,1,70,,5584,4,,1,30,,5585,4,,1
42100,'Weekday',605,5,5705,0,7 30,1,30,5,5706,0,7 30,1,70,5,5707,0,7 30,1,31,5,5708,0,7 30,1,82,5,5709,0,7 30,1,30,5,5710,0,7 30,1,70,5,5711,0,7 30,1,25,5,5712,0,7 30,1,75,5,5713,0,7 30,1,25,,5714,0,7 30,1,70,,5715,0,7 30,1,30,,5716,0,7 30,1,70,,5717,0,7 30,1,94,,5718,0,7 30,1,30,,5719,0,5 30,1,70,,5720,0,7 30,1,31,,5721,0,7 30,1,70,,5722,0,7 30,1,41,,5731,0,7 30,1,59,,5733,0,7 30,1,30,,5732,0,7 30,1
42101,'Weekday',1022,2,5742,0,7 22 9,1,30,2,5743,0,7 22 9,1,65,2,5744,0,7 22 9,1,35,2,5745,0,7 22 9,1,70,2,5746,0,7 22 9,1,30,2,5747,0,7 22 9,1,68,2,5748,0,7 22 9,1,28,2,5749,0,7 22 9,1,95,2,5750,0,7 22 9,1,80,,5751,0,7 22 9,1,19,,5752,0,7 22 9,1,70,,5753,0,7 22 9,1,30,,5754,0,7 22 9,1,74,,5755,0,7 22 9,1,26,,5756,0,7 22 9,1,77,,5757,0,7 22 9,1,30,,5758,0,7 22 9,1,70,,5759,0,7 22 9,1,30,,5760,0,7 22 9,1,70,,5761,0,7 22 9,1
42300,'Weekday',655,,5762,,,1,70,,5763,,,1,30,,5764,,,1,70,,5765,,,1,30,,5766,,,1,70,,5779,,,1,30,,5780,,,1,70,,5781,,,1,30,,5773,,,1,70,,5774,,,1,30,,5775,,,1,70,,5776,,,1,30,,5778,,,1,70,,5782,,,1,30,,5783,,,1,70,,5784,,,1,30,,5777,,,1,70,,5785,,,1,30,,5767,,,1,70,,5768,,,1,30,,5769,,,1,70,,5770,,,1,30,,5771,,,1,70,,5772,,,1,25,,5786,,,1,70,,5787,,,1,30,,5788,,,1
42301,'Weekday',635,,5789,4,,1,70,,5790,4,,1,32,,5791,4,,1,21,,5799,4,,1,70,,5800,4,,1,30,,5801,4,,1,70,,5809,4,,1,30,,5810,4,,1,70,,5811,4,,1,30,,5812,4,,1,70,,5813,4,,1,30,,5803,4,,1,70,,5804,4,,1,30,,5805,4,,1,70,,5806,4,,1,30,,5808,4,,1,70,,5814,4,,1,30,,5807,4,,1,70,,5815,4,,1,30,,5802,4,,1,70,,5792,4,,1,30,,5793,4,,1,75,,5794,4,,1,25,,5795,4,,1,70,,5796,4,,1,28,,5797,4,,1,70,,5798,4,,1
90100,'SatSun',724,,6335,0,10 16 17 13,1,30,,6336,0,10 16 17 13,1,70,,6337,0,10 16 17 13,1,30,,6338,0,10 16 17 13,1,70,,6339,0,10 16 17 13,1,30,,6340,0,10 16 17 13,1,70,,6341,0,10 16 17 13,1,30,,6342,0,10 16 17 13,1,70,,6343,0,10 16 17 13,1,30,,6344,0,10 16 17 13,1,70,,6345,0,10 16 17 13,1,30,,6346,0,10 16 17 13,1,70,,6347,0,10 16 17 13,1,30,,6348,0,10 16 17 13,1,70,,6349,0,10 16 17 13,1,30,,6350,0,10 16 17 13,1,70,,6351,0,10 16 17 13,1,30,,6352,0,10 16 17 13,1,70,,6353,0,10 16 17 13,1,30,,6354,0,10 16 17 13,1,70,,6355,0,10 16 17 13,1,30,,6356,0,10 16 17 13,1,70,,6357,0,10 16 17 13,1,30,,6358,0,10 16 17 13,1,70,,6359,0,10 16 17 13,1,30,,6360,0,10 16 17 13,1,70,,6361,0,10 16 17 13,1,30,,6362,0,10 16 17 13,1,70,,6363,0,10 16 17 13,1
90100,'Weekday',639,,6401,0,10 16 17 13,1,64,,6402,0,10 16 17 13,1,10,,6403,0,10 16 17 13,1,20,,6404,0,10 16 17 13,1,10,,6405,0,10 16 17 13,1,60,,6406,0,10 16 17 13,1,10,,6407,0,10 16 17 13,1,20,,6408,0,10 16 17 13,1,10,,6409,0,10 16 17 13,1,60,,6410,0,10 16 17 13,1,10,,6411,0,10 16 17 13,1,20,,6412,0,10 16 17 13,1,10,,6413,0,10 16 17 13,1,61,,6414,0,10 16 17 13,1,10,,6415,0,10 16 17 13,1,20,,6416,0,10 16 17 13,1,10,,6417,0,10 16 17 13,1,64,,6418,0,10 16 17 13,1,10,,6419,0,10 16 17 13,1,20,,6420,0,10 16 17 13,1,10,,6421,0,10 16 17 13,1,60,,6422,0,10 16 17 13,1,10,,6423,0,10 16 17 13,1,20,,6424,0,10 16 17 13,1,10,,6425,0,10 16 17 13,1,60,,6426,0,10 16 17 13,1,10,,6427,0,10 16 17 13,1,20,,6428,0,10 16 17 13,1,10,,6429,0,10 16 17 13,1,60,,6430,0,10 16 17 13,1,10,,6431,0,10 16 17 13,1,30,,6432,0,10 16 17 13,1,60,,6433,0,10 16 17 13,1,10,,6434,0,10 16 17 13,1,22,,6435,0,10 16 17 13,1,10,,6436,0,10 16 17 13,1,60,,6437,0,10 16 17 13,1,10,,6438,0,10 16 17 13,1,20,,6439,0,10 16 17 13,1,10,,6440,0,10 16 17 13,1,57,,6441,0,10 16 17 13,1,10,,6442,0,10 16 17 13,1,20,,6443,0,10 16 17 13,1,10,,6444,0,10 16 17 13,1,60,,6445,0,10 16 17 13,1,10,,6446,0,10 16 17 13,1,20,,6447,0,10 16 17 13,1,10,,6448,0,10 16 17 13,1,60,,6449,0,10 16 17 13,1,10,,6450,0,10 16 17 13,1,18,,6451,0,10 16 17 13,1,10,,6452,0,10 16 17 13,1,65,,6453,0,10 16 17 13,1,30,,6454,0,10 16 17 13,1,70,,6455,0,10 16 17 13,1,30,,6456,0,10 16 17 13,1,70,,6457,0,10 16 17 13,1
90101,'SatSun',722,,6502,4,,1,30,,6503,4,,1,70,,6504,4,,1,30,,6505,4,,1,70,,6506,4,,1,30,,6507,4,,1,70,,6508,4,,1,30,,6509,4,,1,70,,6510,4,,1,30,,6511,4,,1,70,,6512,4,,1,30,,6513,4,,1,70,,6514,4,,1,30,,6515,4,,1,70,,6516,4,,1,30,,6517,4,,1,70,,6518,4,,1,30,,6519,4,,1,70,,6520,4,,1,30,,6521,4,,1,70,,6522,4,,1,30,,6523,4,,1,70,,6524,4,,1,30,,6525,4,,1,70,,6526,4,,1,30,,6527,4,,1,70,,6528,4,,1,30,,6529,4,,1,70,,6530,4,,1,30,,6531,4,,1
90101,'Weekday',636,,6569,4,,1,70,,6570,4,,1,25,,6571,4,,1,10,,6572,4,,1,60,,6573,4,,1,10,,6574,4,,1,20,,6575,4,,1,10,,6576,4,,1,60,,6577,4,,1,11,,6578,4,,1,20,,6579,4,,1,10,,6580,4,,1,60,,6581,4,,1,14,,6582,4,,1,20,,6583,4,,1,10,,6584,4,,1,60,,6585,4,,1,10,,6586,4,,1,20,,6587,4,,1,10,,6588,4,,1,60,,6589,4,,1,10,,6590,4,,1,20,,6591,4,,1,10,,6592,4,,1,60,,6593,4,,1,10,,6594,4,,1,20,,6595,4,,1,10,,6596,4,,1,60,,6597,4,,1,10,,6598,4,,1,22,,6599,4,,1,10,,6600,4,,1,60,,6601,4,,1,10,,6602,4,,1,20,,6603,4,,1,10,,6604,4,,1,57,,6605,4,,1,10,,6606,4,,1,20,,6607,4,,1,10,,6608,4,,1,60,,6609,4,,1,10,,6610,4,,1,20,,6611,4,,1,10,,6612,4,,1,60,,6613,4,,1,10,,6614,4,,1,18,,6615,4,,1,10,,6616,4,,1,60,,6617,4,,1,10,,6618,4,,1,25,,6619,4,,1,70,,6620,4,,1,30,,6621,4,,1,68,,6622,4,,1,30,,6623,4,,1,70,,6624,4,,1,30,,6625,4,,1
90200,'SatSun',645,7,6648,,,1,70,7,6649,,,1,30,7,6650,,,1,70,7,6651,,,1,30,7,6652,,,1,70,7,6653,,,1,30,5,6654,,,1,55,,6631,0,10 30,1,15,5,6655,,,1,15,,6632,0,10 30,1,15,5,6656,,,1,55,,6633,0,10 30,1,15,5,6657,,,1,15,,6634,0,10 30,1,15,5,6658,,,1,55,,6635,0,10 30,1,15,5,6659,,,1,15,,6636,0,10 30,1,15,5,6660,,,1,55,,6637,0,10 30,1,15,5,6661,,,1,15,,6638,0,10 30,1,15,5,6662,,,1,55,,6639,0,10 30,1,15,5,6663,,,1,15,,6640,0,10 30,1,15,5,6664,,,1,55,,6641,0,10 30,1,15,5,6665,,,1,15,,6642,0,10 30,1,15,5,6666,,,1,55,,6643,0,10 30,1,15,5,6667,,,1,15,,6644,0,10 30,1,15,5,6668,,,1,55,,6645,0,10 30,1,15,5,6669,,,1,15,,6646,0,10 30,1,15,5,6670,,,1,55,,6647,0,10 30,1,15,5,6671,,,1,30,5,6672,,,1,70,5,6673,,,1,30,5,6674,,,1,70,5,6675,,,1,30,5,6676,,,1,70,5,6677,,,1,30,5,6678,,,1,70,7,6679,,,1,30,7,6680,,,1,70,7,6681,,,1
90200,'Weekday',612,5,6682,,,1,20,5,6683,,,1,20,5,6684,,,1,60,5,6685,,,1,20,5,6686,,,1,20,5,6687,,,1,65,5,6688,,,1,15,5,6689,,,1,20,5,6690,,,1,60,5,6691,,,1,20,5,6692,,,1,17,2,6693,,,1,60,2,6694,,,1,20,2,6695,,,1,20,2,6696,,,1,60,2,6697,,,1,20,2,6698,,,1,20,2,6699,,,1,65,2,6700,,,1,20,2,6701,,,1,15,2,6702,,,1,65,2,6703,,,1,15,2,6704,,,1,20,2,6705,,,1,60,2,6706,,,1,20,2,6707,,,1,20,2,6708,,,1,60,2,6709,,,1,30,2,6710,,,1,10,2,6711,,,1,60,2,6712,,,1,20,2,6713,,,1,20,2,6714,,,1,60,2,6715,,,1,20,2,6716,,,1,20,2,6717,,,1,60,2,6718,,,1,20,2,6719,,,1,20,2,6720,,,1,60,2,6721,,,1,30,2,6722,,,1,70,2,6723,,,1,30,2,6724,,,1,70,2,6725,,,1,30,2,6726,,,1,70,2,6727,,,1,30,2,6728,,,1,70,2,6729,,,1
90201,'SatSun',615,5,6730,,,1,30,5,6731,,,1,70,5,6732,,,1,30,5,6733,,,1,72,7,6734,,,1,30,7,6735,,,1,70,7,6736,,,1,30,7,6737,,,1,68,4,6738,,,1,29,7,6739,,,1,12,,6765,4,,1,58,7,6740,,,1,12,,6766,4,,1,17,4,6741,,,1,13,,6767,4,,1,57,4,6742,,,1,13,,6768,4,,1,17,4,6743,,,1,13,,6769,4,,1,57,4,6744,,,1,13,,6770,4,,1,17,4,6745,,,1,13,,6771,4,,1,57,4,6746,,,1,13,,6772,4,,1,17,4,6747,,,1,13,,6773,4,,1,57,4,6748,,,1,11,,6774,4,,1,19,4,6749,,,1,11,,6775,4,,1,59,4,6750,,,1,11,,6776,4,,1,19,4,6751,,,1,11,,6777,4,,1,59,4,6752,,,1,11,,6778,4,,1,19,4,6753,,,1,11,,6779,4,,1,60,7,6754,,,1,10,,6780,4,,1,20,7,6755,,,1,10,,6781,4,,1,60,7,6756,,,1,30,7,6757,,,1,70,7,6758,,,1,31,7,6759,,,1,70,7,6760,,,1,30,7,6761,,,1,70,7,6762,,,1,30,7,6763,,,1,70,7,6764,,,1
90201,'Weekday',551,5,6782,,,1,70,5,6783,,,1,20,5,6784,,,1,70,5,6785,,,1,10,5,6786,,,1,30,5,6787,,,1,60,5,6788,,,1,20,5,6789,,,1,20,5,6790,,,1,60,5,6791,,,1,20,5,6792,,,1,20,5,6793,,,1,60,5,6794,,,1,20,5,6795,,,1,20,5,6796,,,1,60,5,6797,,,1,20,5,6798,,,1,20,5,6799,,,1,60,5,6800,,,1,20,5,6801,,,1,20,5,6802,,,1,60,5,6803,,,1,20,5,6804,,,1,20,5,6805,,,1,60,5,6806,,,1,20,5,6807,,,1,20,5,6808,,,1,60,5,6809,,,1,20,5,6810,,,1,21,3,6811,,,1,60,3,6812,,,1,20,3,6813,,,1,20,3,6814,,,1,70,3,6815,,,1,10,3,6816,,,1,22,3,6827,,,1,58,3,6828,,,1,20,3,6829,,,1,22,3,6817,,,1,58,3,6818,,,1,20,3,6819,,,1,22,3,6820,,,1,52,2,6821,,,1,44,2,6822,,,1,70,2,6823,,,1,30,2,6824,,,1,70,2,6825,,,1,30,2,6826,,,1
91700,'SatSun',522,,7384,4,,1,95,,7385,4,,1,30,,7386,4,,1,68,,7387,4,,1,30,,7388,4,,1,70,,7389,4,,1,30,,7390,4,,1,70,,7391,4,,1,27,,7392,4,,1,70,,7393,4,,1,30,,7394,4,,1,70,,7395,4,,1,30,,7396,4,,1,70,,7397,4,,1,30,,7398,4,,1,69,,7399,4,,1,30,,7400,4,,1,70,,7401,4,,1,30,,7402,4,,1,70,,7403,4,,1,30,,7404,4,,1,70,,7405,4,,1,30,,7406,4,,1,70,,7407,4,,1,31,,7408,4,,1,70,,7409,4,,1,30,,7410,4,,1,70,,7411,4,,1,30,,7412,4,,1,70,,7413,4,,1,31,,7414,4,,1,70,,7415,4,,1,34,,7416,4,,1,70,,7417,4,,1,25,,7418,4,,1,70,,7419,4,,1
91700,'Weekday',518,,7463,4,,1,29,,7445,4,,1,70,,7462,4,,1,30,,7429,4,,1,76,,7428,4,,1,30,,7426,4,,1,70,,7461,4,,1,34,,7443,4,,1,70,,7435,4,,1,30,,7442,4,,1,79,,7434,4,,1,70,,7457,4,,1,30,,7446,4,,1,73,,7439,4,,1,33,,7438,4,,1,75,,7456,4,,1,30,,7436,4,,1,66,,7452,4,,1,28,,7425,4,,1,64,,7459,4,,1,30,,7444,4,,1,70,,7424,4,,1,30,,7440,4,,1,68,,7451,4,,1,30,,7454,4,,1,70,,7433,4,,1,9,,7430,4,,1,30,,7437,4,,1,70,,7448,4,,1,30,,7431,4,,1,70,,7427,4,,1,30,,7447,4,,1,70,,7449,4,,1,30,,7453,4,,1,70,,7460,4,,1,30,,7450,4,,1,70,,7458,4,,1,30,,7441,4,,1,70,,7432,4,,1,30,,7455,4,,1
91701,'SatSun',525,,7469,,,1,95,,7470,,,1,30,,7471,,,1,70,,7472,,,1,30,,7473,,,1,70,,7474,,,1,30,,7475,,,1,70,,7476,,,1,30,,7477,,,1,70,,7478,,,1,30,,7479,,,1,70,,7480,,,1,30,,7481,,,1,70,,7482,,,1,30,,7483,,,1,70,,7484,,,1,30,,7485,,,1,70,,7486,,,1,30,,7487,,,1,70,,7488,,,1,30,,7489,,,1,70,,7490,,,1,30,,7491,,,1,70,,7492,,,1,30,,7493,,,1,70,,7494,,,1,30,,7495,,,1,70,,7496,,,1,30,,7497,,,1,70,,7498,,,1,30,,7499,,,1,70,,7500,,,1,30,,7501,,,1,70,,7502,,,1,25,,7503,,,1,70,,7504,0,7 8 9,1
91701,'Weekday',447,,7517,,,1,76,,7539,,,1,30,,7529,,,1,70,,7544,,,1,34,,7510,,,1,70,,7521,,,1,30,,7506,,,1,79,,7538,,,1,70,,7532,,,1,37,,7505,,,1,70,,7508,,,1,27,,7543,,,1,75,,7536,,,1,30,,7525,,,1,66,,7523,,,1,40,,7512,,,1,70,,7519,,,1,30,,7531,,,1,70,,7528,,,1,25,,7513,,,1,70,,7535,,,1,30,,7507,,,1,70,,7522,,,1,22,,7530,,,1,81,,7509,,,1,30,,7540,,,1,70,,7541,,,1,30,,7533,,,1,70,,7526,,,1,32,,7511,,,1,70,,7524,,,1,30,,7514,,,1,70,,7515,,,1,30,,7516,,,1,70,,7537,,,1,30,,7518,,,1,70,,7520,0,7 8 9,1,30,,7542,0,7 8 9,1
