40301,'Canada Day',601,,9293,3,,,1,30,,9294,3,,,1,70,,9295,3,,,1,30,,9296,3,,,1,70,,9297,3,,,1,30,,9298,3,,,1,70,,9299,3,,,1,30,,9300,3,,,1,70,,9301,3,,,1,30,,9302,3,,,1,70,,9303,3,,,1,30,,9304,3,,,1,70,,9305,3,,,1,30,,9306,3,,,1,70,,9307,3,,,1,30,,9308,3,,,1,70,,9309,3,,,1,30,,9310,3,,,1,70,,9311,3,,,1,30,,9312,3,,,1,70,,9313,3,,,1,30,,9314,3,,,1,73,,9315,3,,,1,27,,9316,3,,,1,70,,9317,3,,,1,30,,9318,3,,,1,70,,9319,3,,,1,30,,9320,3,,,1,70,,9321,3,,,1,30,,9322,3,,,1,70,,9323,3,,,1,30,,9324,3,,,1,70,,9325,3,,,1
40301,'SatSun',601,,9326,3,,,1,30,,9327,3,,,1,70,,9328,3,,,1,30,,9329,3,,,1,70,,9330,3,,,1,30,,9331,3,,,1,70,,9332,3,,,1,30,,9333,3,,,1,70,,9334,3,,,1,30,,9335,3,,,1,70,,9336,3,,,1,30,,9337,3,,,1,70,,9338,3,,,1,30,,9339,3,,,1,70,,9340,3,,,1,30,,9341,3,,,1,70,,9342,3,,,1,30,,9343,3,,,1,70,,9344,3,,,1,30,,9345,3,,,1,70,,9346,3,,,1,30,,9347,3,,,1,73,,9348,3,,,1,27,,9349,3,,,1,70,,9350,3,,,1,30,,9351,3,,,1,70,,9352,3,,,1,30,,9353,3,,,1,70,,9354,3,,,1,30,,9355,3,,,1,70,,9356,3,,,1,30,,9357,3,,,1,70,,9358,3,,,1
40301,'Weekday',604,,9369,3,,,1,30,,9368,3,,,1,70,,9370,3,,,1,30,,9371,3,,,1,70,,9372,3,,,1,30,,9373,3,,,1,70,,9374,3,,,1,28,,9375,3,,,1,70,,9376,3,,,1,30,,9377,3,,,1,70,,9378,3,,,1,30,,9379,3,,,1,70,,9380,3,,,1,30,,9381,3,,,1,70,,9382,3,,,1,30,,9383,3,,,1,70,,9384,3,,,1,25,,9385,3,,,1,30,,9386,3,,,1,70,,9387,3,,,1,30,,9388,3,,,1,70,,9389,3,,,1,30,,9390,3,,,1,70,,9391,3,,,1,30,,9392,3,,,1,70,,9393,3,,,1,30,,9394,3,,,1,70,,9395,3,,,1,30,,9396,3,,,1,70,,9397,3,,,1,30,,9398,3,,,1,70,,9399,3,,,1,74,,9400,3,,,1,32,,9401,3,,,1
41000,'Canada Day',646,,9978,3,,,1,70,,9979,3,,,1,30,,9980,3,,,1,70,,9981,3,,,1,30,,9982,3,,,1,70,,9983,3,,,1,30,,9984,3,,,1,70,,9985,3,,,1,30,,9986,3,,,1,70,,9987,3,,,1,30,,9988,3,,,1,70,,9989,3,,,1,30,,9990,3,,,1,70,,9991,3,,,1,30,,9992,3,,,1,70,,9993,3,,,1,30,,9994,3,,,1,70,,9995,3,,,1,30,,9996,3,,,1,70,,9997,3,,,1,30,,9998,3,,,1,70,,9999,3,,,1,30,,10000,3,,,1,70,,10001,3,,,1,30,,10002,3,,,1,70,,10003,3,,,1,30,,10004,3,,,1,70,,10005,3,,,1,28,,10006,3,,,1,72,,10007,3,,,1,30,,10008,3,,,1,75,,10009,3,,,1,30,,10010,3,,,1
41000,'SatSun',646,,10011,3,,,1,70,,10012,3,,,1,30,,10013,3,,,1,70,,10014,3,,,1,30,,10015,3,,,1,70,,10016,3,,,1,30,,10017,3,,,1,70,,10018,3,,,1,30,,10019,3,,,1,70,,10020,3,,,1,30,,10021,3,,,1,70,,10022,3,,,1,30,,10023,3,,,1,70,,10024,3,,,1,30,,10025,3,,,1,70,,10026,3,,,1,30,,10027,3,,,1,70,,10028,3,,,1,30,,10029,3,,,1,70,,10030,3,,,1,30,,10031,3,,,1,70,,10043,3,,,1,30,,10032,3,,,1,70,,10033,3,,,1,30,,10034,3,,,1,70,,10035,3,,,1,30,,10036,3,,,1,70,,10037,3,,,1,28,,10038,3,,,1,72,,10039,3,,,1,30,,10040,3,,,1,75,,10041,3,,,1,30,,10042,3,,,1
41000,'Weekday',611,,10044,3,,,1,30,,10045,3,,,1,70,,10046,3,,,1,30,,10047,3,,,1,70,,10048,3,,,1,30,,10049,3,,,1,70,,10050,3,,,1,30,,10051,3,,,1,70,,10052,3,,,1,30,,10053,3,,,1,70,,10054,3,,,1,30,,10055,3,,,1,70,,10056,3,,,1,30,,10057,3,,,1,70,,10058,3,,,1,30,,10059,3,,,1,70,,10060,3,,,1,30,,10061,3,,,1,70,,10062,3,,,1,30,,10063,3,,,1,70,,10064,3,,,1,23,,10065,3,,,1,77,,10066,3,,,1,30,,10067,3,,,1,70,,10068,3,,,1,30,,10069,3,,,1,71,,10070,3,,,1,29,,10071,3,,,1,70,,10072,3,,,1,30,,10073,3,,,1,70,,10074,3,,,1,30,,10075,3,,,1,70,,10076,3,,,1,30,,10077,3,,,1,70,,10078,3,,,1
42100,'Canada Day',952,,10357,3,,,1,70,,10358,3,,,1,30,,10359,3,,,1,70,,10360,3,,,1,30,,10361,3,,,1,70,,10362,3,,,1,30,,10363,3,,,1,70,,10364,3,,,1,30,,10365,3,,,1,70,,10366,3,,,1,30,,10367,3,,,1,70,,10368,3,,,1,30,,10369,3,,,1,70,,10370,3,,,1,30,,10371,3,,,1,70,,10372,3,,,1,30,,10373,3,,,1,73,,10374,3,0,10 26,1,30,,10375,3,0,10 26,1
42100,'SatSun',952,,10376,3,,,1,70,,10377,3,,,1,30,,10378,3,,,1,70,,10379,3,,,1,30,,10380,3,,,1,70,,10381,3,,,1,30,,10382,3,,,1,70,,10383,3,,,1,30,,10384,3,,,1,70,,10385,3,,,1,30,,10386,3,,,1,70,,10387,3,,,1,30,,10388,3,,,1,70,,10389,3,,,1,30,,10390,3,,,1,70,,10391,3,,,1,30,,10392,3,,,1,73,,10393,3,0,10 26,1,30,,10394,3,0,10 26,1
42100,'Weekday',606,,10395,8,0,7 30,1,30,,10396,8,0,7 30,1,70,,10397,8,0,7 30,1,31,,10398,8,0,7 30,1,82,,10399,8,0,7 30,1,30,,10400,8,0,7 30,1,70,,10401,8,0,7 30,1,25,,10402,8,0,7 30,1,75,,10403,8,0,7 30,1,25,,10404,8,0,7 30,1,70,,10405,8,0,7 30,1,30,,10406,8,0,7 30,1,70,,10407,8,0,7 30,1,94,,10408,8,0,7 30,1,30,,10409,8,0,5 30,1,70,,10410,8,0,7 30,1,31,,10411,8,0,7 30,1,70,,10412,8,0,7 30,1,41,,10421,8,0,7 30,1,59,,10423,8,0,7 30,1,30,,10422,8,0,7 30,1
42300,'Weekday',656,,10490,3,,,1,70,,10491,3,,,1,30,,10492,3,,,1,70,,10493,3,,,1,30,,10494,3,,,1,70,,10507,3,,,1,30,,10508,3,,,1,70,,10509,3,,,1,30,,10501,3,,,1,70,,10502,3,,,1,30,,10503,3,,,1,70,,10504,3,,,1,30,,10506,3,,,1,70,,10510,3,,,1,30,,10511,3,,,1,70,,10512,3,,,1,30,,10505,3,,,1,70,,10513,3,,,1,30,,10495,3,,,1,70,,10496,3,,,1,30,,10497,3,,,1,70,,10498,3,,,1,30,,10499,3,,,1,70,,10500,3,,,1,25,,10514,3,,,1,70,,10515,3,,,1,30,,10516,3,,,1
90100,'Canada Day',725,,11206,3,0,10 16 17 13,1,30,,11208,3,0,10 16 17 13,1,70,,11210,3,0,10 16 17 13,1,30,,11212,3,0,10 16 17 13,1,70,,11214,3,0,10 16 17 13,1,30,,11216,3,0,10 16 17 13,1,70,,11218,3,0,10 16 17 13,1,30,,11220,3,0,10 16 17 13,1,70,,11222,3,0,10 16 17 13,1,30,,11224,3,0,10 16 17 13,1,70,,11226,3,0,10 16 17 13,1,30,,11228,3,0,10 16 17 13,1,70,,11230,3,0,10 16 17 13,1,30,,11232,3,0,10 16 17 13,1,70,,11234,3,0,10 16 17 13,1,20,,11235,3,0,10 16 17 13,1,80,,11238,3,0,10 16 17 13,1,30,,11240,3,0,10 16 17 13,1,70,,11242,3,0,10 16 17 13,1,30,,11244,3,0,10 16 17 13,1,70,,11246,3,0,10 16 17 13,1,30,,11248,3,0,10 16 17 13,1,70,,11250,3,0,10 16 17 13,1,30,,11252,3,0,10 16 17 13,1,70,,11254,3,0,10 16 17 13,1,30,,11256,3,0,10 16 17 13,1,70,,11258,3,0,10 16 17 13,1,30,,11260,3,0,10 16 17 13,1,70,,11262,3,0,10 16 17 13,1
90100,'SatSun',725,,11304,3,0,10 16 17 13,1,30,,11305,3,0,10 16 17 13,1,70,,11306,3,0,10 16 17 13,1,30,,11307,3,0,10 16 17 13,1,70,,11308,3,0,10 16 17 13,1,30,,11309,3,0,10 16 17 13,1,70,,11310,3,0,10 16 17 13,1,30,,11311,3,0,10 16 17 13,1,70,,11312,3,0,10 16 17 13,1,30,,11313,3,0,10 16 17 13,1,70,,11314,3,0,10 16 17 13,1,30,,11315,3,0,10 16 17 13,1,70,,11316,3,0,10 16 17 13,1,30,,11317,3,0,10 16 17 13,1,70,,11318,3,0,10 16 17 13,1,20,,11319,3,0,10 16 17 13,1,80,,11320,3,0,10 16 17 13,1,30,,11321,3,0,10 16 17 13,1,70,,11322,3,0,10 16 17 13,1,30,,11323,3,0,10 16 17 13,1,70,,11324,3,0,10 16 17 13,1,30,,11325,3,0,10 16 17 13,1,70,,11326,3,0,10 16 17 13,1,30,,11327,3,0,10 16 17 13,1,70,,11328,3,0,10 16 17 13,1,30,,11329,3,0,10 16 17 13,1,70,,11330,3,0,10 16 17 13,1,30,,11331,3,0,10 16 17 13,1,70,,11332,3,0,10 16 17 13,1
90100,'Weekday',640,,11370,3,0,10 16 17 13,1,64,,11371,3,0,10 16 17 13,1,10,,11372,3,0,10 16 17 13,1,20,,11373,3,0,10 16 17 13,1,10,,11374,3,0,10 16 17 13,1,60,,11375,3,0,10 16 17 13,1,10,,11376,3,0,10 16 17 13,1,20,,11377,3,0,10 16 17 13,1,10,,11378,3,0,10 16 17 13,1,60,,11379,3,0,10 16 17 13,1,10,,11380,3,0,10 16 17 13,1,20,,11381,3,0,10 16 17 13,1,10,,11382,3,0,10 16 17 13,1,61,,11383,3,0,10 16 17 13,1,10,,11384,3,0,10 16 17 13,1,20,,11385,3,0,10 16 17 13,1,10,,11386,3,0,10 16 17 13,1,64,,11387,3,0,10 16 17 13,1,10,,11388,3,0,10 16 17 13,1,20,,11389,3,0,10 16 17 13,1,10,,11390,3,0,10 16 17 13,1,60,,11391,3,0,10 16 17 13,1,10,,11392,3,0,10 16 17 13,1,20,,11393,3,0,10 16 17 13,1,10,,11394,3,0,10 16 17 13,1,60,,11395,3,0,10 16 17 13,1,10,,11396,3,0,10 16 17 13,1,20,,11397,3,0,10 16 17 13,1,10,,11398,3,0,10 16 17 13,1,60,,11399,3,0,10 16 17 13,1,10,,11400,3,0,10 16 17 13,1,30,,11401,3,0,10 16 17 13,1,60,,11402,3,0,10 16 17 13,1,10,,11403,3,0,10 16 17 13,1,22,,11404,3,0,10 16 17 13,1,10,,11405,3,0,10 16 17 13,1,60,,11406,3,0,10 16 17 13,1,10,,11407,3,0,10 16 17 13,1,20,,11408,3,0,10 16 17 13,1,10,,11409,3,0,10 16 17 13,1,57,,11410,3,0,10 16 17 13,1,10,,11411,3,0,10 16 17 13,1,20,,11412,3,0,10 16 17 13,1,10,,11413,3,0,10 16 17 13,1,60,,11414,3,0,10 16 17 13,1,10,,11415,3,0,10 16 17 13,1,20,,11416,3,0,10 16 17 13,1,10,,11417,3,0,10 16 17 13,1,60,,11418,3,0,10 16 17 13,1,10,,11419,3,0,10 16 17 13,1,18,,11420,3,0,10 16 17 13,1,10,,11421,3,0,10 16 17 13,1,65,,11422,3,0,10 16 17 13,1,30,,11423,3,0,10 16 17 13,1,70,,11424,3,0,10 16 17 13,1,30,,11425,3,0,10 16 17 13,1,70,,11426,3,0,10 16 17 13,1
90200,'Canada Day',646,,11668,8,,,1,70,,11669,8,,,1,30,,11670,8,,,1,70,,11671,8,,,1,30,,11672,8,,,1,70,,11673,8,,,1,31,,11674,8,,,1,55,,11676,3,0,10 30,1,15,,11675,8,,,1,15,,11678,3,0,10 30,1,15,,11677,8,,,1,55,,11680,3,0,10 30,1,15,,11679,8,,,1,15,,11682,3,0,10 30,1,15,,11681,8,,,1,55,,11684,3,0,10 30,1,15,,11683,8,,,1,15,,11686,3,0,10 30,1,15,,11685,8,,,1,55,,11688,3,0,10 30,1,15,,11687,8,,,1,15,,11690,3,0,10 30,1,15,,11689,8,,,1,55,,11692,3,0,10 30,1,15,,11691,8,,,1,15,,11694,3,0,10 30,1,15,,11693,8,,,1,55,,11696,3,0,10 30,1,15,,11695,8,,,1,15,,11698,3,0,10 30,1,15,,11697,8,,,1,55,,11700,3,0,10 30,1,15,,11699,8,,,1,15,,11702,3,0,10 30,1,15,,11701,8,,,1,55,,11704,3,0,10 30,1,15,,11703,8,,,1,15,,11706,3,0,10 30,1,15,,11705,8,,,1,55,,11708,3,0,10 30,1,15,,11707,8,,,1,30,,11709,8,,,1,70,,11710,8,,,1,30,,11711,8,,,1,70,,11712,8,,,1,30,,11713,8,,,1,70,,11714,8,,,1,30,,11715,8,,,1,69,,11716,8,,,1,30,,11717,8,,,1,70,,11718,8,,,1
90200,'SatSun',646,,11736,8,,,1,70,,11737,8,,,1,30,,11738,8,,,1,70,,11739,8,,,1,30,,11740,8,,,1,70,,11741,8,,,1,31,,11742,8,,,1,55,,11719,3,0,10 30,1,15,,11743,8,,,1,15,,11720,3,0,10 30,1,15,,11744,8,,,1,55,,11721,3,0,10 30,1,15,,11745,8,,,1,15,,11722,3,0,10 30,1,15,,11746,8,,,1,55,,11723,3,0,10 30,1,15,,11747,8,,,1,15,,11724,3,0,10 30,1,15,,11748,8,,,1,55,,11725,3,0,10 30,1,15,,11749,8,,,1,15,,11726,3,0,10 30,1,15,,11750,8,,,1,55,,11727,3,0,10 30,1,15,,11751,8,,,1,15,,11728,3,0,10 30,1,15,,11752,8,,,1,55,,11729,3,0,10 30,1,15,,11753,8,,,1,15,,11730,3,0,10 30,1,15,,11754,8,,,1,55,,11731,3,0,10 30,1,15,,11755,8,,,1,15,,11732,3,0,10 30,1,15,,11756,8,,,1,55,,11733,3,0,10 30,1,15,,11757,8,,,1,15,,11734,3,0,10 30,1,15,,11758,8,,,1,55,,11735,3,0,10 30,1,15,,11759,8,,,1,30,,11760,8,,,1,70,,11761,8,,,1,30,,11762,8,,,1,70,,11763,8,,,1,30,,11764,8,,,1,70,,11765,8,,,1,30,,11766,8,,,1,69,,11767,8,,,1,30,,11768,8,,,1,70,,11769,8,,,1
90200,'Weekday',614,,11770,8,,,1,20,,11771,8,,,1,20,,11772,8,,,1,60,,11773,8,,,1,20,,11774,8,,,1,20,,11775,8,,,1,65,,11776,8,,,1,15,,11777,8,,,1,20,,11778,8,,,1,60,,11779,8,,,1,20,,11780,8,,,1,17,,11781,8,,,1,60,,11782,8,,,1,20,,11783,8,,,1,20,,11784,8,,,1,60,,11785,8,,,1,20,,11786,8,,,1,20,,11787,8,,,1,65,,11788,8,,,1,20,,11789,8,,,1,15,,11790,8,,,1,65,,11791,8,,,1,15,,11792,8,,,1,20,,11793,8,,,1,60,,11794,8,,,1,20,,11795,8,,,1,20,,11796,8,,,1,60,,11797,8,,,1,30,,11798,8,,,1,10,,11799,8,,,1,60,,11800,8,,,1,20,,11801,8,,,1,20,,11802,8,,,1,60,,11803,8,,,1,20,,11804,8,,,1,20,,11805,8,,,1,60,,11806,8,,,1,20,,11807,8,,,1,20,,11808,8,,,1,60,,11809,8,,,1,30,,11810,8,,,1,70,,11811,8,,,1,30,,11812,8,,,1,73,,11813,8,,,1,27,,11814,8,,,1,70,,11815,8,,,1,30,,11816,8,,,1,70,,11817,8,,,1
