30200,'Canada Day',711,,8824,43,,,1,30,,8825,43,,,1,70,,8826,43,,,1,30,,8827,43,,,1,70,,8828,43,,,1,30,,8829,43,,,1,70,,8830,43,,,1,30,,8831,43,,,1,70,,8832,43,,,1,30,,8833,43,,,1,70,,8834,43,,,1,30,,8835,43,,,1,70,,8836,43,,,1,30,,8837,43,,,1,70,,8838,43,,,1,30,,8839,43,,,1,70,,8840,43,,,1,30,,8841,43,,,1,70,,8842,43,,,1,30,,8843,43,,,1,70,,8844,43,,,1,30,,8845,43,,,1,70,,8846,43,,,1,30,,8847,43,,,1,70,,8848,43,,,1,30,,8849,43,,,1,70,,8850,43,,,1,30,,8851,43,,,1,70,,8852,43,,,1,30,,8853,43,,,1,70,,8854,43,,,1,30,,8855,43,,,1,80,,8856,43,,,1,20,,8857,43,,,1
30200,'SatSun',711,,8858,43,,,1,30,,8859,43,,,1,70,,8860,43,,,1,30,,8861,43,,,1,70,,8862,43,,,1,30,,8863,43,,,1,70,,8864,43,,,1,30,,8865,43,,,1,70,,8866,43,,,1,30,,8867,43,,,1,70,,8868,43,,,1,30,,8869,43,,,1,70,,8870,43,,,1,30,,8871,43,,,1,70,,8872,43,,,1,30,,8873,43,,,1,70,,8874,43,,,1,30,,8875,43,,,1,70,,8876,43,,,1,30,,8877,43,,,1,70,,8878,43,,,1,30,,8879,43,,,1,70,,8880,43,,,1,30,,8881,43,,,1,70,,8882,43,,,1,30,,8883,43,,,1,70,,8884,43,,,1,30,,8885,43,,,1,70,,8886,43,,,1,30,,8887,43,,,1,70,,8888,43,,,1,30,,8889,43,,,1,80,,8890,43,,,1,20,,8891,43,,,1
30200,'Weekday',512,,8892,17,,,1,30,,8893,17,,,1,64,,8894,43,,,1,30,,8895,43,,,1,70,,8896,43,,,1,30,,8897,43,,,1,70,,8898,43,,,1,32,,8899,43,,,1,68,,8900,43,,,1,30,,8901,43,,,1,70,,8902,43,,,1,30,,8903,43,,,1,70,,8904,43,,,1,30,,8905,43,,,1,70,,8906,43,,,1,30,,8907,43,,,1,70,,8908,43,,,1,30,,8909,43,,,1,70,,8910,43,,,1,32,,8911,43,,,1,70,,8912,43,,,1,30,,8913,43,,,1,70,,8914,43,,,1,30,,8915,43,,,1,70,,8916,43,,,1,30,,8917,43,,,1,64,,8918,43,,,1,30,,8919,43,,,1,70,,8920,43,,,1,33,,8921,43,,,1,70,,8922,43,,,1,30,,8923,43,,,1,70,,8924,43,,,1,30,,8925,43,,,1,70,,8926,43,,,1,30,,8927,43,,,1,70,,8928,43,,,1,30,,8929,43,,,1
40901,'Canada Day',643,,9885,1,,,1,70,,9886,1,,,1,30,,9887,1,,,1,70,,9888,1,,,1,30,,9889,1,,,1,70,,9890,1,,,1,30,,9891,1,,,1,70,,9892,1,,,1,30,,9893,1,,,1,70,,9894,1,,,1,30,,9895,1,,,1,70,,9896,1,,,1,30,,9897,1,,,1,70,,9898,1,,,1,27,,9899,1,,,1,73,,9900,1,,,1,30,,9901,1,,,1,70,,9902,1,,,1,30,,9903,1,,,1,70,,9904,1,,,1,30,,9905,1,,,1,70,,9906,1,,,1,30,,9907,1,,,1,70,,9908,1,,,1,30,,9909,1,,,1,70,,9910,1,,,1,30,,9911,1,,,1,70,,9912,1,,,1,202,,9913,1,,,1,106,,9914,1,,,1
40901,'SatSun',643,,9915,1,,,1,70,,9916,1,,,1,30,,9917,1,,,1,70,,9918,1,,,1,30,,9919,1,,,1,70,,9920,1,,,1,30,,9921,1,,,1,70,,9922,1,,,1,30,,9923,1,,,1,70,,9924,1,,,1,30,,9925,1,,,1,70,,9926,1,,,1,30,,9927,1,,,1,70,,9928,1,,,1,27,,9929,1,,,1,73,,9930,1,,,1,30,,9931,1,,,1,70,,9932,1,,,1,30,,9933,1,,,1,70,,9934,1,,,1,30,,9935,1,,,1,70,,9936,1,,,1,30,,9937,1,,,1,70,,9938,1,,,1,30,,9939,1,,,1,70,,9940,1,,,1,30,,9941,1,,,1,70,,9942,1,,,1,202,,9943,1,,,1,106,,9944,1,,,1
40901,'Weekday',629,,9977,1,,,1,30,,9951,1,,,1,70,,9952,1,,,1,30,,9953,1,,,1,70,,9954,1,,,1,30,,9955,1,,,1,70,,9956,1,,,1,30,,9957,1,0,5 22 23 13,1,70,,9958,1,,,1,30,,9959,1,,,1,70,,9960,1,,,1,29,,9961,1,0,5 22 23 13,1,71,,9962,1,,,1,30,,9963,1,,,1,70,,9964,1,,,1,30,,9965,1,0,5 22 23 13,1,70,,9966,1,,,1,30,,9967,1,,,1,70,,9968,1,0,7 22 23 13,1,30,,9969,1,,,1,70,,9970,1,,,1,30,,9971,1,,,1,70,,9972,1,,,1,30,,9973,1,,,1,70,,9974,1,,,1,30,,9975,1,,,1,70,,9976,1,,,1,30,,9945,1,,,1,70,,9946,1,,,1,30,,9947,1,,,1,70,,9948,1,,,1,30,,9949,1,,,1,83,,9950,1,,,1
41901,'Canada Day',636,,10268,13,4,,1,70,,10269,13,4,,1,34,,10270,18,4,,1,70,,10271,18,4,,1,30,,10272,18,4,,1,70,,10273,18,4,,1,30,,10274,18,4,,1,70,,10275,18,4,,1,30,,10276,18,4,,1,70,,10277,18,4,,1,30,,10278,18,4,,1,70,,10279,18,4,,1,30,,10280,18,4,,1,70,,10281,18,4,,1,30,,10282,18,4,,1,70,,10283,18,4,,1,30,,10284,18,4,,1,70,,10285,18,4,,1,30,,10286,18,4,,1,70,,10287,18,4,,1,30,,10288,18,4,,1,70,,10289,18,4,,1,30,,10290,18,4,,1,70,,10291,18,4,,1,30,,10292,18,4,,1,70,,10293,18,4,,1,30,,10294,18,4,,1,70,,10295,18,4,,1
41901,'SatSun',636,,10296,13,4,,1,70,,10297,13,4,,1,34,,10298,18,4,,1,70,,10299,18,4,,1,30,,10300,18,4,,1,70,,10301,18,4,,1,30,,10302,18,4,,1,70,,10303,18,4,,1,30,,10304,18,4,,1,70,,10305,18,4,,1,30,,10306,18,4,,1,70,,10307,18,4,,1,30,,10308,18,4,,1,70,,10309,18,4,,1,30,,10310,18,4,,1,70,,10311,18,4,,1,30,,10312,18,4,,1,70,,10313,18,4,,1,30,,10314,18,4,,1,70,,10315,18,4,,1,30,,10316,18,4,,1,70,,10317,18,4,,1,30,,10318,18,4,,1,70,,10319,18,4,,1,30,,10320,18,4,,1,70,,10321,18,4,,1,30,,10322,18,4,,1,70,,10323,18,4,,1
41901,'Weekday',623,,10348,13,4,,1,34,,10329,18,4,,1,70,,10349,18,4,,1,30,,10330,18,4,,1,70,,10350,18,4,,1,30,,10331,18,4,,1,70,,10332,18,4,,1,30,,10351,18,4,,1,70,,10333,18,4,,1,30,,10334,18,4,,1,70,,10352,18,4,,1,30,,10335,18,4,,1,70,,10336,18,4,,1,30,,10337,18,4,,1,70,,10353,18,4,,1,30,,10338,18,4,,1,70,,10339,18,4,,1,30,,10340,18,4,,1,70,,10341,18,4,,1,30,,10354,18,4,,1,70,,10342,18,4,,1,30,,10343,18,4,,1,70,,10355,18,4,,1,30,,10344,18,4,,1,70,,10345,18,4,,1,30,,10356,18,4,,1,70,,10346,18,4,,1,30,,10347,18,4,,1,70,,10324,18,4,,1,30,,10325,18,4,,1,70,,10326,18,4,,1,30,,10327,18,4,,1,85,,10328,18,4,,1
61801,'Weekday',1055,,10759,34,0,10 53,1,168,,10766,34,0,10 53,1,579,,10761,34,0,7 44,1,129,,10762,34,0,7 44,1,186,,10763,34,0,10 53,1
90100,'Canada Day',2209,,11261,41,4,,1,44,,11264,41,4,,1
90100,'Overnight',2326,,11271,41,4,,1,30,,11270,41,4,,1
90100,'SatSun',2209,,11303,41,4,,1,44,,11336,41,4,,1
90100,'Weekday',2253,,11433,41,4,,1
90101,'Canada Day',2211,,11499,1,0,7 24 25,1,41,,11500,1,0,7 24 25,1
90101,'SatSun',2211,,11538,1,0,7 24 25,1,41,,11571,1,0,7 24 25,1
90101,'Weekday',2252,,11667,1,0,7 24 25,1
90501,'Canada Day',645,,12105,38,,,1,170,,12108,38,,,1,130,,12111,38,,,1,170,,12114,38,,,1,130,,12117,38,,,1,170,,12120,38,,,1,130,,12123,38,,,1,170,,12126,38,,,1,130,,12129,38,,,1,170,,12132,38,,,1,141,,12135,38,,,1
90501,'SatSun',645,,12139,38,,,1,170,,12140,38,,,1,130,,12141,38,,,1,170,,12142,38,,,1,130,,12143,38,,,1,170,,12144,38,,,1,130,,12145,38,,,1,170,,12146,38,,,1,130,,12147,38,,,1,170,,12148,38,,,1,185,,12149,38,,,1
90501,'Weekday',631,,12177,38,,,1,170,,12178,38,,,1,130,,12179,38,,,1,126,,12180,38,,,1,170,,12181,38,,,1,177,,12182,38,,,1,129,,12183,38,,,1,174,,12184,38,,,1,130,,12185,38,,,1,170,,12186,38,,,1,130,,12187,38,,,1,119,,12212,38,,,1
1400000200,'Overnight',332,,13190,40,4,,1,70,,13185,40,4,,1,30,,13179,40,4,,1,27,,13189,40,4,,1,70,,13183,40,4,,1,1902,,13182,40,4,,1,70,,13178,40,4,,1,28,,13191,40,4,,1,30,,13177,40,4,,1,70,,13180,40,4,,1,73,,13184,40,4,,1,30,,13181,40,4,,1,70,,13187,40,4,,1,30,,13186,40,4,,1,27,,13188,40,4,,1,70,,13192,40,4,,1
1400000201,'Overnight',302,,13203,1,,,1,30,,13198,1,,,1,70,,13202,1,,,1,30,,13196,1,,,1,27,,13197,1,,,1,70,,13199,1,,,1,1801,,13193,1,,,1,70,,13205,1,,,1,31,,13204,1,,,1,70,,13194,1,,,1,28,,13195,1,,,1,30,,13200,1,,,1,70,,13201,1,,,1,73,,13208,1,,,1,30,,13209,1,,,1,70,,13210,1,,,1,30,,13211,1,,,1,27,,13212,1,,,1,70,,13213,1,,,1
