10000,'Canada Day',1229,,7756,11,4,,1,20,,7757,11,4,,1,60,,7758,11,4,,1,20,,7759,11,4,,1,20,,7760,11,4,,1,60,,7761,11,4,,1,20,,7762,11,4,,1,23,,7763,11,4,,1,57,,7764,11,4,,1,20,,7765,11,4,,1,20,,7766,11,4,,1,60,,7767,11,4,,1,20,,7768,11,4,,1,20,,7769,11,4,,1,60,,7770,11,4,,1,20,,7771,11,4,,1,20,,7772,11,4,,1,60,,7773,11,4,,1,20,,7774,11,4,,1,20,,7775,11,4,,1,60,,7776,11,4,,1,20,,7777,11,4,,1,20,,7778,11,4,,1,60,,7779,11,4,,1,20,,7780,11,4,,1,20,,7781,11,4,,1,60,,7782,11,4,,1
10000,'SatSun',1229,,7783,11,4,,1,20,,7784,11,4,,1,60,,7785,11,4,,1,20,,7786,11,4,,1,20,,7787,11,4,,1,60,,7788,11,4,,1,20,,7789,11,4,,1,20,,7790,11,4,,1,60,,7791,11,4,,1,20,,7792,11,4,,1,20,,7793,11,4,,1,60,,7794,11,4,,1,20,,7795,11,4,,1,20,,7796,11,4,,1,60,,7797,11,4,,1,20,,7798,11,4,,1,20,,7799,11,4,,1,60,,7800,11,4,,1,20,,7801,11,4,,1,20,,7802,11,4,,1,60,,7803,11,4,,1,20,,7804,11,4,,1,20,,7805,11,4,,1,60,,7806,11,4,,1,20,,7807,11,4,,1,20,,7808,11,4,,1,60,,7809,11,4,,1
10000,'Thursday',1917,,7810,11,4,,1,20,,7811,11,4,,1,20,,7812,11,4,,1,60,,7813,11,4,,1,20,,7814,11,4,,1,20,,7815,11,4,,1,65,,7816,11,4,,1,20,,7817,11,4,,1
10001,'Canada Day',1212,,7818,1,,,1,20,,7819,1,,,1,20,,7820,1,,,1,60,,7821,1,,,1,20,,7822,1,,,1,20,,7823,1,,,1,60,,7824,1,,,1,23,,7825,1,,,1,17,,7826,1,,,1,60,,7827,1,,,1,20,,7828,1,,,1,20,,7829,1,,,1,60,,7830,1,,,1,20,,7831,1,,,1,20,,7832,1,,,1,60,,7833,1,,,1,20,,7834,1,,,1,20,,7835,1,,,1,60,,7836,1,,,1,20,,7837,1,,,1,20,,7838,1,,,1,60,,7839,1,,,1,20,,7840,1,,,1,20,,7841,1,,,1,60,,7842,1,,,1,20,,7843,1,,,1,20,,7844,1,,,1
10001,'SatSun',1212,,7845,1,,,1,20,,7846,1,,,1,20,,7847,1,,,1,60,,7848,1,,,1,20,,7849,1,,,1,20,,7850,1,,,1,60,,7851,1,,,1,20,,7852,1,,,1,20,,7853,1,,,1,60,,7854,1,,,1,20,,7855,1,,,1,20,,7856,1,,,1,60,,7857,1,,,1,20,,7858,1,,,1,20,,7859,1,,,1,60,,7860,1,,,1,20,,7861,1,,,1,20,,7862,1,,,1,60,,7863,1,,,1,20,,7864,1,,,1,20,,7865,1,,,1,60,,7866,1,,,1,20,,7867,1,,,1,20,,7868,1,,,1,60,,7869,1,,,1,20,,7870,1,,,1,20,,7871,1,,,1
10001,'Thursday',1900,,7872,1,,,1,20,,7873,1,,,1,20,,7874,1,,,1,60,,7875,1,,,1,20,,7876,1,,,1,20,,7877,1,,,1,65,,7878,1,,,1,20,,7879,1,,,1
11200,'Canada Day',718,,7896,1,,,1,30,,7897,1,,,1,70,,7898,1,,,1,30,,7899,1,,,1,70,,7900,1,,,1,30,,7901,1,,,1,70,,7902,1,,,1,30,,7903,1,,,1,70,,7904,1,,,1,30,,7905,1,,,1,70,,7906,1,,,1,30,,7907,1,,,1,70,,7908,1,,,1,30,,7909,1,,,1,70,,7910,1,,,1,30,,7911,1,,,1,70,,7912,1,,,1,30,,7913,1,,,1,70,,7914,1,,,1,30,,7915,1,,,1,70,,7916,1,,,1,30,,7917,1,,,1,70,,7918,1,,,1,30,,7919,1,,,1,70,,7920,1,,,1,30,,7921,1,,,1,70,,7922,1,,,1,30,,7923,1,,,1
11200,'SatSun',718,,7924,1,,,1,30,,7938,1,,,1,70,,7925,1,,,1,30,,7939,1,,,1,70,,7926,1,,,1,30,,7940,1,,,1,70,,7927,1,,,1,30,,7941,1,,,1,70,,7928,1,,,1,30,,7942,1,,,1,70,,7929,1,,,1,30,,7943,1,,,1,70,,7930,1,,,1,30,,7944,1,,,1,70,,7931,1,,,1,30,,7945,1,,,1,70,,7932,1,,,1,30,,7946,1,,,1,70,,7933,1,,,1,30,,7947,1,,,1,70,,7934,1,,,1,30,,7948,1,,,1,70,,7935,1,,,1,30,,7949,1,,,1,70,,7936,1,,,1,30,,7950,1,,,1,70,,7937,1,,,1,30,,7951,1,,,1
11200,'Weekday',653,,7954,1,,,1,70,,7976,1,,,1,30,,7977,1,,,1,70,,7972,1,,,1,30,,7964,1,,,1,72,,7961,1,,,1,30,,7970,1,,,1,70,,7967,1,,,1,30,,7953,1,,,1,70,,7958,1,,,1,30,,7955,1,,,1,70,,7963,1,,,1,24,,7975,1,,,1,71,,7962,1,,,1,23,,7959,1,,,1,74,,7957,1,,,1,25,,7956,1,,,1,67,,7960,1,,,1,30,,7973,1,,,1,73,,7969,1,,,1,35,,7971,1,,,1,70,,7974,1,,,1,25,,7965,1,,,1,70,,7966,1,,,1,34,,7968,1,,,1,72,,7952,1,,,1
11201,'Canada Day',810,,7978,22,4,,1,30,,7979,22,4,,1,70,,7980,22,4,,1,30,,7981,22,4,,1,70,,7982,22,4,,1,30,,7983,22,4,,1,70,,7984,22,4,,1,30,,7985,22,4,,1,70,,7986,22,4,,1,30,,7987,22,4,,1,70,,7988,22,4,,1,30,,7989,22,4,,1,70,,7990,22,4,,1,30,,7991,22,4,,1,70,,7992,22,4,,1,30,,7993,22,4,,1,70,,7994,22,4,,1,30,,7995,22,4,,1,70,,7996,22,4,,1,30,,7997,22,4,,1,70,,7998,22,4,,1,30,,7999,22,4,,1,70,,8000,22,4,,1,30,,8001,22,4,,1,70,,8002,22,4,,1,30,,8003,22,4,,1,70,,8004,22,4,,1,30,,8005,22,4,,1
11201,'SatSun',810,,8006,22,4,,1,30,,8020,22,4,,1,70,,8007,22,4,,1,30,,8021,22,4,,1,70,,8008,22,4,,1,30,,8022,22,4,,1,70,,8009,22,4,,1,30,,8023,22,4,,1,70,,8010,22,4,,1,30,,8024,22,4,,1,70,,8011,22,4,,1,30,,8025,22,4,,1,70,,8012,22,4,,1,30,,8026,22,4,,1,70,,8013,22,4,,1,30,,8027,22,4,,1,70,,8014,22,4,,1,30,,8028,22,4,,1,70,,8015,22,4,,1,30,,8029,22,4,,1,70,,8016,22,4,,1,30,,8030,22,4,,1,70,,8017,22,4,,1,30,,8031,22,4,,1,70,,8018,22,4,,1,30,,8032,22,4,,1,70,,8019,22,4,,1,30,,8033,22,4,,1
11201,'Weekday',545,,8063,29,4,,1,70,,8035,29,4,,1,30,,8054,29,4,,1,70,,8049,29,4,,1,30,,8040,29,4,,1,70,,8058,29,4,,1,30,,8056,29,4,,1,70,,8062,29,4,,1,30,,8034,29,4,,1,70,,8051,29,4,,1,30,,8050,29,4,,1,70,,8041,29,4,,1,30,,8046,29,4,,1,64,,8042,29,4,,1,27,,8060,29,4,,1,66,,8061,29,4,,1,30,,8045,29,4,,1,70,,8047,29,4,,1,33,,8038,29,4,,1,70,,8037,29,4,,1,30,,8055,29,4,,1,70,,8039,29,4,,1,33,,8057,29,4,,1,70,,8044,29,4,,1,30,,8053,29,4,,1,70,,8043,29,4,,1,36,,8059,29,4,,1,72,,8048,29,4,,1,24,,8052,29,4,,1,66,,8036,29,4,,1
11800,'Weekday',625,,8068,1,,,1,30,,8087,1,,,1,70,,8079,1,,,1,30,,8077,1,,,1,70,,8090,1,,,1,30,,8075,1,,,1,70,,8076,1,,,1,30,,8082,1,,,1,70,,8069,1,,,1,30,,8085,1,,,1,64,,8071,1,,,1,27,,8088,1,,,1,66,,8072,1,,,1,30,,8065,1,,,1,70,,8086,1,,,1,30,,8064,1,,,1,70,,8080,1,,,1,30,,8067,1,,,1,70,,8073,1,,,1,30,,8089,1,,,1,70,,8083,1,,,1,30,,8070,1,,,1,70,,8081,1,,,1,36,,8074,1,,,1,75,,8084,1,,,1,24,,8066,1,,,1,69,,8078,1,,,1
11801,'Weekday',616,,8105,17,4,,1,32,,8106,17,4,,1,68,,8091,17,4,,1,30,,8112,17,4,,1,70,,8117,17,4,,1,30,,8095,17,4,,1,70,,8100,17,4,,1,30,,8116,17,4,,1,70,,8115,17,4,,1,30,,8099,17,4,,1,70,,8094,17,4,,1,30,,8096,17,4,,1,70,,8118,17,4,,1,30,,8108,17,4,,1,73,,8111,17,4,,1,24,,8092,17,4,,1,71,,8114,17,4,,1,23,,8102,17,4,,1,76,,8093,17,4,,1,25,,8097,17,4,,1,72,,8104,17,4,,1,30,,8101,17,4,,1,73,,8110,17,4,,1,35,,8109,17,4,,1,70,,8113,17,4,,1,25,,8107,17,4,,1,70,,8098,17,4,,1,29,,8103,17,4,,1
12100,'Canada Day',718,,8119,33,4,,1,30,,8120,33,4,,1,70,,8121,34,4,,1,25,,8122,34,4,,1,65,,8123,34,4,,1,30,,8124,34,4,,1,70,,8125,34,4,,1,38,,8126,34,4,,1,70,,8127,34,4,,1,30,,8128,34,4,,1,65,,8129,34,4,,1,35,,8130,34,4,,1,70,,8131,34,4,,1,30,,8132,34,4,,1,70,,8133,34,4,,1,30,,8134,34,4,,1,70,,8135,34,4,,1,33,,8136,34,4,,1,70,,8137,34,4,,1,30,,8138,34,4,,1,70,,8139,34,4,,1,30,,8140,34,4,,1,70,,8141,34,4,,1,30,,8142,34,4,,1,66,,8143,34,4,,1,30,,8144,34,4,,1,70,,8145,34,4,,1
12100,'SatSun',718,,8146,33,4,,1,30,,8147,33,4,,1,70,,8148,34,4,,1,25,,8149,34,4,,1,65,,8150,34,4,,1,30,,8151,34,4,,1,70,,8152,34,4,,1,38,,8153,34,4,,1,70,,8154,34,4,,1,30,,8155,34,4,,1,65,,8156,34,4,,1,35,,8157,34,4,,1,70,,8158,34,4,,1,30,,8159,34,4,,1,70,,8160,34,4,,1,30,,8161,34,4,,1,70,,8162,34,4,,1,33,,8163,34,4,,1,70,,8164,34,4,,1,30,,8165,34,4,,1,70,,8166,34,4,,1,30,,8167,34,4,,1,70,,8168,34,4,,1,30,,8169,34,4,,1,66,,8170,34,4,,1,30,,8171,34,4,,1,70,,8172,34,4,,1
12100,'Weekday',502,,8206,35,4,,1,35,,8174,35,4,,1,88,,8175,35,4,,1,75,,8176,35,4,,1,33,,8177,35,4,,1,70,,8178,35,4,,1,30,,8179,35,4,,1,70,,8180,35,4,,1,30,,8181,35,4,,1,67,,8182,35,4,,1,30,,8183,35,4,,1,70,,8184,35,4,,1,27,,8185,35,4,,1,30,,8186,35,4,,1,66,,8187,35,4,,1,23,,8188,35,4,,1,70,,8189,35,4,,1,30,,8190,35,4,,1,70,,8191,35,4,,1,33,,8192,35,4,,1,70,,8193,35,4,,1,33,,8194,36,4,,1,70,,8195,36,4,,1,30,,8196,36,4,,1,70,,8197,36,4,,1,30,,8198,36,4,,1,70,,8199,36,4,,1,27,,8200,35,4,,1,70,,8201,35,4,,1,25,,8202,35,4,,1,70,,8203,35,4,,1,30,,8204,35,4,,1,70,,8205,35,4,,1,30,,8173,35,4,,1
12101,'Canada Day',721,,8207,1,0,10 40 41,1,25,,8208,1,0,10 40 41,1,65,,8209,1,0,10 40 41,1,30,,8210,1,0,10 40 41,1,70,,8211,1,0,10 40 41,1,38,,8212,1,0,10 40 41,1,70,,8213,1,0,10 40 41,1,30,,8214,1,0,10 40 41,1,65,,8215,1,0,10 40 41,1,35,,8216,1,0,10 40 41,1,70,,8217,1,0,10 40 41,1,30,,8218,1,0,10 40 41,1,70,,8219,1,0,10 40 41,1,30,,8220,1,0,10 40 41,1,70,,8221,1,0,10 40 41,1,33,,8222,1,0,10 40 41,1,70,,8223,1,0,10 40 41,1,30,,8224,1,0,10 40 41,1,70,,8225,1,0,10 40 41,1,30,,8226,1,0,10 40 41,1,70,,8227,1,0,10 40 41,1,30,,8228,1,0,10 40 41,1,66,,8229,1,0,10 40 41,1,30,,8230,1,0,10 40 41,1,70,,8231,1,0,10 40 41,1
12101,'SatSun',721,,8232,1,0,10 40 41,1,25,,8233,1,0,10 40 41,1,65,,8234,1,0,10 40 41,1,30,,8235,1,0,10 40 41,1,70,,8236,1,0,10 40 41,1,38,,8237,1,0,10 40 41,1,70,,8238,1,0,10 40 41,1,30,,8239,1,0,10 40 41,1,65,,8240,1,0,10 40 41,1,35,,8241,1,0,10 40 41,1,70,,8242,1,0,10 40 41,1,30,,8243,1,0,10 40 41,1,70,,8244,1,0,10 40 41,1,30,,8245,1,0,10 40 41,1,70,,8246,1,0,10 40 41,1,33,,8247,1,0,10 40 41,1,70,,8248,1,0,10 40 41,1,30,,8249,1,0,10 40 41,1,70,,8250,1,0,10 40 41,1,30,,8251,1,0,10 40 41,1,70,,8252,1,0,10 40 41,1,30,,8253,1,0,10 40 41,1,66,,8254,1,0,10 40 41,1,30,,8255,1,0,10 40 41,1,70,,8256,1,0,10 40 41,1
12101,'Weekday',507,,8257,1,,,1,35,,8258,1,,,1,67,,8261,1,0,7 11 9,1,27,,8262,1,0,7 11 9,1,70,,8263,1,0,7 11 9,1,30,,8264,1,0,7 11 9,1,70,,8265,1,0,7 11 9,1,30,,8266,1,0,7 11 9,1,75,,8267,1,0,7 11 9,1,31,,8268,1,,,1,70,,8269,1,,,1,30,,8270,1,,,1,63,,8290,1,,,1,25,,8271,1,,,1,70,,8272,1,,,1,25,,8273,1,,,1,30,,8274,1,,,1,70,,8275,1,,,1,30,,8276,1,,,1,70,,8277,1,,,1,30,,8278,1,,,1,70,,8279,1,,,1,30,,8280,1,,,1,70,,8281,1,,,1,30,,8282,1,,,1,70,,8283,1,,,1,30,,8284,1,,,1,70,,8285,1,,,1,30,,8286,1,,,1,70,,8287,1,,,1,30,,8288,1,,,1,70,,8289,1,,,1,30,,8259,1,,,1,100,,8260,1,,,1
21100,'Weekday',618,,8291,1,,,1,30,,8292,1,,,1,70,,8293,1,,,1,30,,8294,1,,,1,70,,8295,1,,,1,30,,8296,1,,,1,567,,8302,1,,,1,229,,8297,1,,,1,70,,8298,1,,,1,30,,8299,1,,,1,70,,8300,1,,,1,30,,8301,1,,,1
21101,'Weekday',614,,8303,29,4,,1,30,,8304,29,4,,1,70,,8305,29,4,,1,30,,8306,29,4,,1,70,,8307,29,4,,1,30,,8308,29,4,,1,70,,8309,29,4,,1,512,,8316,29,4,,1,216,,8310,29,4,,1,70,,8311,29,4,,1,30,,8312,29,4,,1,70,,8313,29,4,,1,30,,8314,29,4,,1
90000,'Canada Day',715,,10772,1,,,1,33,,10774,1,,,1,62,,10776,1,,,1,18,,10777,1,,,1,30,,10780,1,,,1,67,,10782,1,,,1,33,,10783,1,,,1,65,,10785,1,,,1,23,,10787,1,,,1,70,,10789,1,,,1,30,,10791,1,,,1,75,,10793,1,,,1,35,,10795,1,,,1,65,,10797,1,,,1,30,,10799,1,,,1,65,,10801,1,,,1,30,,10803,1,,,1,70,,10805,1,,,1,30,,10807,1,,,1,75,,10809,1,,,1,25,,10811,1,,,1,70,,10813,1,,,1,15,,10814,1,,,1,22,,10816,1,,,1,70,,10818,1,,,1,90,,10821,1,,,1,35,,10823,1,,,1,82,,10826,1,,,1,70,,10828,1,,,1,30,,10829,1,,,1
90000,'SatSun',715,,10869,1,,,1,33,,10870,1,,,1,62,,10871,1,,,1,18,,10872,1,,,1,30,,10873,1,,,1,70,,10874,1,,,1,30,,10875,1,,,1,60,,10876,1,,,1,28,,10877,1,,,1,70,,10878,1,,,1,30,,10879,1,,,1,75,,10880,1,,,1,35,,10881,1,,,1,65,,10882,1,,,1,30,,10883,1,,,1,65,,10884,1,,,1,30,,10885,1,,,1,70,,10886,1,,,1,30,,10887,1,,,1,75,,10888,1,,,1,25,,10889,1,,,1,70,,10890,1,,,1,15,,10891,1,,,1,22,,10892,1,,,1,70,,10893,1,,,1,90,,10894,1,,,1,30,,10895,1,,,1,87,,10896,1,,,1,70,,10897,1,,,1,30,,10898,1,,,1
90000,'Weekday',550,,10946,1,,,1,57,,10981,1,,,1,24,,10947,1,,,1,24,,10948,1,,,1,65,,10949,1,,,1,23,,10950,1,,,1,64,,10951,1,,,1,24,,10952,1,,,1,24,,10953,1,,,1,64,,10954,1,,,1,32,,10955,1,,,1,59,,10956,1,,,1,24,,10957,1,,,1,24,,10958,1,,,1,64,,10959,1,,,1,24,,10960,1,,,1,68,,10961,1,,,1,24,,10962,1,,,1,20,,10963,1,,,1,64,,10964,1,,,1,25,,10965,1,,,1,64,,10966,1,,,1,24,,10967,1,,,1,24,,10968,1,,,1,64,,10969,1,,,1,24,,10970,1,,,1,64,,10971,1,,,1,24,,10972,1,,,1,24,,10973,1,,,1,64,,10974,1,,,1,24,,10975,1,,,1,64,,10907,1,,,1,24,,10976,1,,,1,24,,10977,1,,,1,64,,10978,1,,,1,24,,10908,1,,,1,64,,10979,1,,,1,24,,10980,1,,,1
90001,'Canada Day',712,,10986,45,4,,1,35,,10988,45,4,,1,61,,10990,45,4,,1,30,,10992,45,4,,1,70,,10994,45,4,,1,44,,10996,45,4,,1,70,,10998,45,4,,1,22,,11000,45,4,,1,68,,11002,45,4,,1,30,,11004,45,4,,1,75,,11006,45,4,,1,30,,11008,45,4,,1,70,,11010,45,4,,1,30,,11012,45,4,,1,65,,11014,45,4,,1,30,,11016,45,4,,1,72,,11018,45,4,,1,28,,11020,45,4,,1,70,,11022,45,4,,1,15,,11023,45,4,,1,25,,11025,45,4,,1,70,,11027,45,4,,1,30,,11029,45,4,,1,70,,11031,45,4,,1,30,,11033,45,4,,1,64,,11035,45,4,,1,30,,11037,45,4,,1,70,,11039,45,4,,1,29,,11041,45,4,,1,70,,11043,45,4,,1
90001,'SatSun',712,,11090,45,4,,1,35,,11091,45,4,,1,61,,11092,45,4,,1,30,,11093,45,4,,1,70,,11094,45,4,,1,44,,11095,45,4,,1,70,,11096,45,4,,1,22,,11097,45,4,,1,68,,11098,45,4,,1,30,,11099,45,4,,1,75,,11100,45,4,,1,30,,11101,45,4,,1,70,,11102,45,4,,1,30,,11103,45,4,,1,65,,11104,45,4,,1,30,,11105,45,4,,1,72,,11106,45,4,,1,28,,11107,45,4,,1,70,,11108,45,4,,1,15,,11109,45,4,,1,25,,11110,45,4,,1,70,,11111,45,4,,1,30,,11112,45,4,,1,70,,11113,45,4,,1,30,,11114,45,4,,1,64,,11115,45,4,,1,30,,11116,45,4,,1,70,,11117,45,4,,1,29,,11118,45,4,,1,70,,11119,45,4,,1
90001,'Weekday',649,,11165,45,4,,1,64,,11166,45,4,,1,24,,11167,45,4,,1,64,,11168,45,4,,1,24,,11121,45,4,,1,24,,11169,45,4,,1,67,,11170,45,4,,1,24,,11171,45,4,,1,64,,11172,45,4,,1,24,,11173,45,4,,1,24,,11174,45,4,,1,64,,11175,45,4,,1,24,,11176,45,4,,1,18,,11177,45,4,,1,65,,11178,45,4,,1,24,,11179,45,4,,1,64,,11180,45,4,,1,24,,11181,45,4,,1,24,,11182,45,4,,1,64,,11183,45,4,,1,24,,11184,45,4,,1,64,,11185,45,4,,1,24,,11186,45,4,,1,24,,11187,45,4,,1,64,,11188,45,4,,1,24,,11189,45,4,,1,64,,11190,45,4,,1,24,,11191,45,4,,1,24,,11192,45,4,,1,64,,11193,45,4,,1,24,,11201,45,4,,1,60,,11194,45,4,,1,24,,11195,45,4,,1,24,,11196,45,4,,1,64,,11197,45,4,,1,24,,11198,45,4,,1,64,,11129,45,4,,1,24,,11199,45,4,,1
91600,'Canada Day',518,,12509,1,,,1,30,,12510,1,,,1,77,,12511,1,,,1,30,,12512,1,,,1,73,,12513,1,,,1,30,,12514,1,,,1,70,,12515,1,,,1,25,,12516,1,,,1,65,,12517,1,,,1,30,,12518,1,,,1,70,,12519,1,,,1,38,,12520,1,,,1,70,,12521,1,,,1,30,,12522,1,,,1,65,,12523,1,,,1,35,,12524,1,,,1,70,,12525,1,,,1,30,,12526,1,,,1,70,,12527,1,,,1,30,,12528,1,,,1,70,,12529,1,,,1,33,,12530,1,,,1,70,,12531,1,,,1,30,,12532,1,,,1,70,,12533,1,,,1,30,,12534,1,,,1,70,,12535,1,,,1,30,,12536,1,,,1,66,,12537,1,,,1,30,,12538,1,,,1,70,,12539,1,,,1,30,,12540,1,,,1,80,,12541,1,,,1,70,,12542,1,,,1,30,,12543,1,,,1,70,,12544,1,,,1,30,,12545,1,,,1,70,,12546,1,,,1
91600,'Overnight',2205,,12547,1,,,1,30,,12548,1,,,1,70,,12549,1,,,1
91600,'SatSun',518,,12552,1,,,1,30,,12553,1,,,1,77,,12554,1,,,1,30,,12555,1,,,1,73,,12556,1,,,1,30,,12557,1,,,1,70,,12558,1,,,1,25,,12559,1,,,1,65,,12560,1,,,1,30,,12561,1,,,1,70,,12562,1,,,1,38,,12563,1,,,1,70,,12564,1,,,1,30,,12565,1,,,1,65,,12566,1,,,1,35,,12567,1,,,1,70,,12568,1,,,1,30,,12569,1,,,1,70,,12570,1,,,1,30,,12571,1,,,1,70,,12572,1,,,1,33,,12573,1,,,1,70,,12574,1,,,1,30,,12575,1,,,1,70,,12576,1,,,1,30,,12577,1,,,1,70,,12578,1,,,1,30,,12579,1,,,1,66,,12580,1,,,1,30,,12581,1,,,1,70,,12582,1,,,1,30,,12583,1,,,1,80,,12584,1,,,1,200,,12585,1,,,1,70,,12586,1,,,1
91600,'Weekday',412,,12587,1,,,1,30,,12588,1,,,1,70,,12589,1,,,1,30,,12590,1,,,1,70,,12591,1,,,1,20,,12592,1,,,1,20,,12593,1,,,1,60,,12594,1,,,1,20,,12595,1,,,1,20,,12596,1,,,1,60,,12597,1,,,1,20,,12598,1,,,1,20,,12599,1,,,1,60,,12600,1,,,1,20,,12601,1,,,1,20,,12602,1,,,1,60,,12603,1,,,1,20,,12604,1,,,1,20,,12605,1,,,1,60,,12606,1,,,1,20,,12607,1,,,1,20,,12608,1,,,1,60,,12609,1,,,1,20,,12610,1,,,1,20,,12611,1,,,1,60,,12612,1,,,1,20,,12613,1,,,1,20,,12614,1,,,1,60,,12615,1,,,1,20,,12616,1,,,1,20,,12617,1,,,1,62,,12618,1,,,1,18,,12619,1,,,1,20,,12620,1,,,1,60,,12621,1,,,1,20,,12622,1,,,1,25,,12623,1,,,1,60,,12624,1,,,1,20,,12625,1,,,1,20,,12626,1,,,1,60,,12627,1,,,1,20,,12628,1,,,1,20,,12629,1,,,1,65,,12630,1,,,1,25,,12631,1,,,1,70,,12632,1,,,1,30,,12633,1,,,1,70,,12634,1,,,1,30,,12635,1,,,1,188,,12637,1,,,1,24,,12638,1,,,1
91601,'Canada Day',617,,12639,65,4,,1,30,,12640,65,4,,1,65,,12641,65,4,,1,25,,12642,65,4,,1,65,,12643,65,4,,1,30,,12644,65,4,,1,72,,12645,65,4,,1,30,,12646,65,4,,1,70,,12647,65,4,,1,30,,12648,65,4,,1,25,,12649,65,4,,1,75,,12650,65,4,,1,70,,12651,65,4,,1,30,,12652,65,4,,1,70,,12653,65,4,,1,30,,12654,65,4,,1,70,,12655,65,4,,1,33,,12656,65,4,,1,70,,12657,65,4,,1,30,,12658,65,4,,1,70,,12659,65,4,,1,30,,12660,65,4,,1,70,,12661,65,4,,1,30,,12662,65,4,,1,72,,12663,65,4,,1,30,,12664,65,4,,1,70,,12665,65,4,,1,30,,12666,65,4,,1,70,,12667,65,4,,1,26,,12668,65,4,,1,68,,12669,65,4,,1,27,,12670,65,4,,1,70,,12671,65,4,,1,30,,12672,65,4,,1,25,,12673,65,4,,1,70,,12674,65,4,,1,27,,12675,65,4,,1,70,,12676,65,4,,1,31,,12677,65,4,,1
91601,'Overnight',519,,12678,65,4,,1,30,,12680,65,4,,1,2370,,12679,65,4,,1,30,,12681,65,4,,1
91601,'SatSun',617,,12682,65,4,,1,30,,12683,65,4,,1,65,,12684,65,4,,1,25,,12685,65,4,,1,65,,12686,65,4,,1,30,,12687,65,4,,1,72,,12688,65,4,,1,30,,12689,65,4,,1,70,,12690,65,4,,1,30,,12691,65,4,,1,25,,12692,65,4,,1,75,,12693,65,4,,1,70,,12694,65,4,,1,30,,12695,65,4,,1,70,,12696,65,4,,1,30,,12697,65,4,,1,70,,12698,65,4,,1,33,,12699,65,4,,1,70,,12700,65,4,,1,30,,12701,65,4,,1,70,,12702,65,4,,1,30,,12703,65,4,,1,70,,12704,65,4,,1,30,,12705,65,4,,1,72,,12706,65,4,,1,30,,12707,65,4,,1,70,,12708,65,4,,1,30,,12709,65,4,,1,70,,12710,65,4,,1,26,,12711,65,4,,1,68,,12712,65,4,,1,27,,12713,65,4,,1,70,,12714,65,4,,1,30,,12715,65,4,,1,25,,12716,65,4,,1,70,,12717,65,4,,1,27,,12718,65,4,,1,70,,12719,65,4,,1,31,,12720,65,4,,1
91601,'Weekday',611,,12721,65,4,,1,28,,12722,65,4,,1,76,,12723,65,4,,1,30,,12724,65,4,,1,75,,12725,65,4,,1,20,,12726,65,4,,1,60,,12727,65,4,,1,20,,12728,65,4,,1,20,,12729,65,4,,1,60,,12730,65,4,,1,16,,12731,65,4,,1,20,,12732,65,4,,1,20,,12733,65,4,,1,60,,12734,65,4,,1,20,,12735,65,4,,1,20,,12736,65,4,,1,60,,12737,65,4,,1,20,,12738,65,4,,1,20,,12739,65,4,,1,60,,12740,65,4,,1,20,,12741,65,4,,1,20,,12742,65,4,,1,60,,12743,65,4,,1,20,,12744,65,4,,1,20,,12745,65,4,,1,66,,12746,65,4,,1,20,,12747,65,4,,1,60,,12748,65,4,,1,20,,12749,65,4,,1,25,,12750,65,4,,1,60,,12751,65,4,,1,20,,12752,65,4,,1,20,,12753,65,4,,1,60,,12754,65,4,,1,23,,12755,65,4,,1,20,,12756,65,4,,1,56,,12757,65,4,,1,22,,12758,65,4,,1,20,,12759,65,4,,1,60,,12760,65,4,,1,20,,12761,65,4,,1,12,,12762,65,4,,1,19,,12763,65,4,,1,61,,12764,65,4,,1,25,,12765,65,4,,1,70,,12766,65,4,,1,30,,12767,65,4,,1,70,,12768,65,4,,1,27,,12769,65,4,,1,70,,12770,65,4,,1,34,,12771,65,4,,1
92000,'Weekday',640,,13026,1,,,1,70,,13027,1,,,1,30,,13028,1,,,1,70,,13029,1,,,1,30,,13030,1,,,1,70,,13031,1,,,1,30,,13032,1,,,1,670,,13033,1,,,1,30,,13034,1,,,1,70,,13035,1,,,1,30,,13036,1,,,1,70,,13037,1,,,1,30,,13061,1,,,1,70,,13062,1,,,1
92001,'Weekday',607,,13082,46,4,,1,28,,13083,46,4,,1,70,,13069,46,4,,1,30,,13070,46,4,,1,70,,13071,46,4,,1,30,,13072,46,4,,1,70,,13073,46,4,,1,30,,13074,46,4,,1,768,,13075,46,4,,1,30,,13076,46,4,,1,70,,13077,46,4,,1,30,,13078,46,4,,1,70,,13079,46,4,,1,30,,13080,46,4,,1
