21100,'Weekday',646,,8291,34,4,,1,70,,8292,34,4,,1,30,,8293,34,4,,1,70,,8294,34,4,,1,30,,8295,34,4,,1,70,,8296,34,4,,1,529,,8302,34,4,,1,269,,8297,34,4,,1,30,,8298,34,4,,1,70,,8299,34,4,,1,30,,8300,34,4,,1,70,,8301,34,4,,1
21101,'Weekday',550,,8303,1,,,1,70,,8304,1,,,1,30,,8305,1,,,1,70,,8306,1,,,1,30,,8307,1,,,1,70,,8308,1,,,1,30,,8309,1,,,1,550,,8316,1,,,1,216,,8310,1,,,1,30,,8311,1,,,1,70,,8312,1,,,1,30,,8313,1,,,1,70,,8314,1,,,1,30,,8315,1,0,14,1
21600,'Canada Day',620,,8317,1,,,1,30,,8318,1,,,1,70,,8319,1,,,1,30,,8320,1,,,1,70,,8321,1,,,1,30,,8322,1,,,1,70,,8323,1,,,1,27,,8324,1,,,1,70,,8325,1,,,1,30,,8326,1,,,1,70,,8327,1,,,1,30,,8328,1,,,1,70,,8329,1,,,1,30,,8330,1,,,1,75,,8331,1,,,1,30,,8332,1,,,1,70,,8333,1,,,1,30,,8334,1,,,1,70,,8335,1,,,1,30,,8336,1,,,1,70,,8337,1,,,1,30,,8338,1,,,1,70,,8339,1,,,1,30,,8340,1,,,1,70,,8341,1,,,1,30,,8342,1,,,1,70,,8343,1,,,1,30,,8344,1,,,1,73,,8345,1,,,1,30,,8346,1,,,1,70,,8347,1,,,1,30,,8348,1,,,1
21600,'SatSun',620,,8349,1,,,1,30,,8350,1,,,1,70,,8351,1,,,1,30,,8352,1,,,1,70,,8353,1,,,1,30,,8354,1,,,1,70,,8355,1,,,1,27,,8356,1,,,1,70,,8357,1,,,1,30,,8358,1,,,1,70,,8359,1,,,1,30,,8360,1,,,1,70,,8361,1,,,1,30,,8362,1,,,1,75,,8363,1,,,1,30,,8364,1,,,1,70,,8365,1,,,1,30,,8366,1,,,1,70,,8367,1,,,1,30,,8368,1,,,1,70,,8369,1,,,1,30,,8370,1,,,1,70,,8371,1,,,1,30,,8372,1,,,1,70,,8373,1,,,1,30,,8374,1,,,1,70,,8375,1,,,1,30,,8376,1,,,1,73,,8377,1,,,1,30,,8378,1,,,1,70,,8379,1,,,1,30,,8380,1,,,1
21600,'Weekday',619,,8404,1,,,1,30,,8405,1,,,1,10,,8388,1,0,5 6,1,60,,8406,1,,,1,10,,8389,1,0,5 6,1,17,,8407,1,,,1,12,,8390,1,0,5 6,1,54,,8408,1,,,1,10,,8391,1,0,5 6,1,20,,8409,1,,,1,10,,8392,1,0,5 6,1,69,,8410,1,,,1,30,,8411,1,,,1,70,,8412,1,,,1,30,,8413,1,,,1,70,,8414,1,,,1,30,,8415,1,,,1,73,,8416,1,,,1,30,,8417,1,,,1,70,,8418,1,,,1,25,,8419,1,,,1,10,,8393,1,0,5 6,1,55,,8420,1,,,1,15,,8394,1,0,5 6,1,15,,8421,1,,,1,15,,8395,1,0,5 6,1,55,,8422,1,,,1,15,,8396,1,0,5 6,1,15,,8423,1,,,1,15,,8397,1,0,5 6,1,55,,8424,1,,,1,15,,8398,1,0,5 6,1,15,,8425,1,,,1,15,,8399,1,0,5 6,1,55,,8426,1,,,1,15,,8400,1,0,5 6,1,15,,8427,1,,,1,15,,8401,1,0,5 6,1,55,,8428,1,,,1,15,,8402,1,0,5 6,1,15,,8429,1,,,1,15,,8403,1,0,5 6,1,55,,8381,1,,,1,33,,8382,1,,,1,70,,8383,1,,,1,30,,8384,1,,,1,70,,8385,1,,,1,30,,8386,1,,,1,70,,8387,1,,,1
21601,'Canada Day',607,,8430,32,4,,1,30,,8431,32,4,,1,70,,8432,32,4,,1,30,,8433,32,4,,1,70,,8434,32,4,,1,30,,8435,32,4,,1,70,,8436,32,4,,1,30,,8437,32,4,,1,70,,8438,32,4,,1,30,,8439,32,4,,1,70,,8440,32,4,,1,36,,8441,32,4,,1,67,,8442,32,4,,1,32,,8443,32,4,,1,70,,8444,32,4,,1,30,,8445,32,4,,1,70,,8446,32,4,,1,30,,8447,32,4,,1,70,,8448,32,4,,1,30,,8449,32,4,,1,70,,8450,32,4,,1,30,,8451,32,4,,1,68,,8452,32,4,,1,32,,8453,32,4,,1,70,,8454,32,4,,1,30,,8455,32,4,,1,70,,8456,32,4,,1,30,,8457,32,4,,1,70,,8458,32,4,,1,30,,8459,32,4,,1,70,,8460,32,4,,1,30,,8461,32,4,,1
21601,'SatSun',607,,8462,32,4,,1,30,,8463,32,4,,1,70,,8464,32,4,,1,30,,8465,32,4,,1,70,,8466,32,4,,1,30,,8467,32,4,,1,70,,8468,32,4,,1,30,,8469,32,4,,1,70,,8470,32,4,,1,30,,8471,32,4,,1,70,,8472,32,4,,1,36,,8473,32,4,,1,67,,8474,32,4,,1,32,,8475,32,4,,1,70,,8476,32,4,,1,30,,8477,32,4,,1,70,,8478,32,4,,1,30,,8479,32,4,,1,70,,8480,32,4,,1,30,,8481,32,4,,1,70,,8482,32,4,,1,30,,8483,32,4,,1,68,,8484,32,4,,1,32,,8485,32,4,,1,70,,8486,32,4,,1,30,,8487,32,4,,1,70,,8488,32,4,,1,30,,8489,32,4,,1,70,,8490,32,4,,1,30,,8491,32,4,,1,70,,8492,32,4,,1,30,,8493,32,4,,1
21601,'Weekday',543,,8545,32,4,,1,70,,8494,32,4,,1,30,,8495,32,4,,1,15,,8526,37,4,,1,55,,8496,32,4,,1,15,,8527,37,4,,1,15,,8497,32,4,,1,15,,8528,37,4,,1,55,,8498,32,4,,1,15,,8529,37,4,,1,15,,8499,32,4,,1,15,,8530,37,4,,1,55,,8500,32,4,,1,15,,8531,37,4,,1,15,,8501,32,4,,1,60,,8532,37,4,,1,15,,8502,32,4,,1,30,,8503,32,4,,1,70,,8504,32,4,,1,29,,8505,32,4,,1,66,,8506,32,4,,1,35,,8507,32,4,,1,68,,8508,32,4,,1,30,,8509,32,4,,1,70,,8510,32,4,,1,21,,8533,37,4,,1,15,,8511,32,4,,1,55,,8534,37,4,,1,15,,8512,32,4,,1,15,,8535,37,4,,1,15,,8513,32,4,,1,55,,8536,37,4,,1,15,,8514,32,4,,1,15,,8537,37,4,,1,15,,8515,32,4,,1,55,,8538,37,4,,1,15,,8516,32,4,,1,15,,8539,37,4,,1,15,,8517,32,4,,1,55,,8540,37,4,,1,15,,8518,32,4,,1,15,,8541,37,4,,1,15,,8519,32,4,,1,55,,8542,37,4,,1,15,,8520,32,4,,1,15,,8543,37,4,,1,15,,8521,32,4,,1,51,,8544,37,4,,1,15,,8522,32,4,,1,26,,8523,32,4,,1,69,,8524,32,4,,1,30,,8525,32,4,,1
22400,'Canada Day',619,,8548,1,,,1,30,,8549,1,,,1,70,,8550,1,,,1,29,,8551,1,,,1,70,,8552,1,,,1,30,,8553,1,,,1,70,,8554,1,,,1,30,,8555,1,,,1,66,,8556,1,0,5 47,1,31,,8557,1,0,5 47,1,69,,8558,1,0,5 47,1,32,,8559,1,0,5 47,1,70,,8560,1,0,5 47,1,30,,8561,1,0,5 47,1,70,,8562,1,0,5 47,1,30,,8563,1,0,5 47,1,70,,8564,1,0,5 47,1,30,,8565,1,0,5 47,1,70,,8566,1,0,5 47,1,30,,8567,1,0,5 47,1,68,,8568,1,0,5 47,1,32,,8569,1,0,5 47,1,70,,8570,1,0,5 47,1,30,,8571,1,0,5 47,1,70,,8572,1,0,5 47,1,30,,8573,1,0,5 47,1,70,,8574,1,0,5 47,1,30,,8575,1,0,5 47,1,70,,8576,1,0,5 47,1,30,,8577,1,0,5 47,1
22400,'SatSun',619,,8580,1,,,1,30,,8581,1,,,1,70,,8582,1,,,1,29,,8583,1,,,1,70,,8584,1,,,1,30,,8585,1,,,1,70,,8586,1,,,1,30,,8587,1,,,1,66,,8588,1,0,5 47,1,31,,8589,1,0,5 47,1,69,,8590,1,0,5 47,1,32,,8591,1,0,5 47,1,70,,8592,1,0,5 47,1,30,,8593,1,0,5 47,1,70,,8594,1,0,5 47,1,30,,8595,1,0,5 47,1,70,,8596,1,0,5 47,1,30,,8597,1,0,5 47,1,70,,8598,1,0,5 47,1,30,,8599,1,0,5 47,1,68,,8600,1,0,5 47,1,32,,8601,1,0,5 47,1,70,,8602,1,0,5 47,1,30,,8603,1,0,5 47,1,70,,8604,1,0,5 47,1,30,,8605,1,0,5 47,1,70,,8606,1,0,5 47,1,30,,8607,1,0,5 47,1,70,,8608,1,0,5 47,1,30,,8609,1,0,5 47,1
22400,'Weekday',545,,8636,1,,,1,70,,8630,1,,,1,30,,8619,1,,,1,70,,8620,1,,,1,30,,8637,1,,,1,70,,8618,1,,,1,30,,8641,1,,,1,73,,8626,1,,,1,30,,8633,1,,,1,70,,8634,1,,,1,30,,8638,1,,,1,70,,8616,1,,,1,30,,8635,1,,,1,65,,8628,1,,,1,30,,8617,1,,,1,69,,8639,1,,,1,36,,8640,1,,,1,70,,8631,1,,,1,30,,8625,1,,,1,66,,8629,1,,,1,30,,8621,1,,,1,70,,8627,1,,,1,30,,8632,1,,,1,70,,8624,1,,,1,30,,8622,1,,,1,70,,8642,1,,,1,30,,8610,1,,,1,70,,8611,1,0,5 47,1,30,,8612,1,0,5 47,1,75,,8613,1,0,5 47,1,30,,8614,1,0,5 47,1
22401,'Canada Day',606,,8643,32,4,,1,30,,8644,41,4,,1,70,,8645,41,4,,1,30,,8646,41,4,,1,70,,8647,41,4,,1,30,,8648,41,4,,1,70,,8649,41,4,,1,35,,8650,41,4,,1,70,,8651,41,4,,1,34,,8652,47,4,,1,70,,8653,47,4,,1,32,,8654,47,4,,1,70,,8655,47,4,,1,30,,8656,47,4,,1,70,,8657,47,4,,1,30,,8658,47,4,,1,70,,8659,47,4,,1,30,,8660,47,4,,1,70,,8661,47,4,,1,30,,8662,47,4,,1,70,,8663,47,4,,1,30,,8664,47,4,,1,70,,8665,47,4,,1,30,,8666,47,4,,1,70,,8667,47,4,,1,30,,8668,47,4,,1,70,,8669,47,4,,1,30,,8670,47,4,,1,68,,8671,47,4,,1,30,,8672,47,4,,1,70,,8673,47,4,,1,30,,8674,47,4,,1,70,,8675,47,4,,1,30,,8676,47,4,,1
22401,'SatSun',606,,8677,32,4,,1,30,,8678,41,4,,1,70,,8679,41,4,,1,30,,8680,41,4,,1,70,,8681,41,4,,1,30,,8682,41,4,,1,70,,8683,41,4,,1,35,,8684,41,4,,1,70,,8685,41,4,,1,34,,8686,47,4,,1,70,,8687,47,4,,1,32,,8688,47,4,,1,70,,8689,47,4,,1,30,,8690,47,4,,1,70,,8691,47,4,,1,30,,8692,47,4,,1,70,,8693,47,4,,1,30,,8694,47,4,,1,70,,8695,47,4,,1,30,,8696,47,4,,1,70,,8697,47,4,,1,30,,8698,47,4,,1,70,,8699,47,4,,1,30,,8700,47,4,,1,70,,8701,47,4,,1,30,,8702,47,4,,1,70,,8703,47,4,,1,30,,8704,47,4,,1,68,,8705,47,4,,1,30,,8706,47,4,,1,70,,8707,47,4,,1,30,,8708,47,4,,1,70,,8709,47,4,,1,30,,8710,47,4,,1
22401,'Weekday',614,,8737,32,4,,1,31,,8728,41,4,,1,70,,8739,41,4,,1,30,,8727,41,4,,1,70,,8736,41,4,,1,30,,8722,41,4,,1,70,,8725,41,4,,1,28,,8731,41,4,,1,80,,8730,41,4,,1,29,,8735,41,4,,1,67,,8734,41,4,,1,30,,8726,41,4,,1,70,,8743,41,4,,1,33,,8720,41,4,,1,74,,8742,41,4,,1,74,,8744,41,4,,1,30,,8741,41,4,,1,70,,8733,41,4,,1,28,,8721,41,4,,1,30,,8740,41,4,,1,63,,8745,41,4,,1,30,,8732,41,4,,1,70,,8738,41,4,,1,30,,8723,41,4,,1,70,,8729,41,4,,1,30,,8724,41,4,,1,70,,8711,41,4,,1,25,,8712,47,4,,1,70,,8713,47,4,,1,30,,8714,47,4,,1,70,,8715,47,4,,1,30,,8716,47,4,,1,70,,8717,47,4,,1,26,,8718,47,4,,1
22700,'Weekday',523,,8746,1,,,1,30,,8747,1,,,1,56,,8746,48,4,,1,14,,8748,1,,,1,16,,8747,48,4,,1,61,,8749,1,,,1,9,,8748,48,4,,1,21,,8750,1,,,1,16,,8749,48,4,,1,54,,8751,1,,,1,16,,8750,48,4,,1,14,,8752,1,,,1,16,,8751,48,4,,1,70,,8752,48,4,,1,626,,8758,1,,,1,79,,8753,1,,,1,7,,8758,48,4,,1,31,,8754,1,,,1,48,,8753,48,4,,1,22,,8755,1,,,1,16,,8754,48,4,,1,14,,8756,1,,,1,56,,8755,48,4,,1,14,,8757,1,,,1,16,,8756,48,4,,1,70,,8757,48,4,,1
22701,'Weekday',558,,8759,1,,,1,70,,8760,1,,,1,18,,8759,47,4,,1,54,,8761,1,,,1,16,,8760,47,4,,1,12,,8762,1,,,1,20,,8761,47,4,,1,59,,8763,1,,,1,9,,8762,47,4,,1,18,,8764,1,,,1,21,,8763,47,4,,1,67,,8764,47,4,,1,694,,8765,1,,,1,30,,8766,1,,,1,58,,8765,47,4,,1,15,,8767,1,,,1,15,,8766,47,4,,1,15,,8768,1,,,1,58,,8767,47,4,,1,12,,8769,1,,,1,18,,8768,47,4,,1,9,,8770,1,,,1,61,,8769,47,4,,1,27,,8770,47,4,,1
91500,'Canada Day',427,,12239,1,,,1,30,,12240,1,,,1,65,,12241,1,,,1,25,,12242,1,,,1,65,,12243,1,,,1,30,,12244,1,,,1,70,,12245,1,,,1,30,,12246,1,,,1,70,,12247,1,,,1,30,,12248,1,,,1,65,,12249,1,,,1,30,,12250,1,,,1,70,,12251,1,,,1,30,,12252,1,,,1,70,,12253,1,,,1,30,,12254,1,,,1,70,,12255,1,,,1,33,,12256,1,,,1,70,,12257,1,,,1,30,,12258,1,,,1,70,,12259,1,,,1,30,,12260,1,,,1,70,,12261,1,,,1,30,,12262,1,,,1,70,,12263,1,,,1,30,,12264,1,,,1,70,,12265,1,,,1,30,,12266,1,,,1,70,,12267,1,,,1,30,,12268,1,,,1,70,,12269,1,,,1,27,,12270,1,,,1,70,,12271,1,,,1,30,,12272,1,,,1,20,,12273,1,,,1,70,,12274,1,,,1,30,,12275,1,,,1,70,,12276,1,,,1,30,,12277,1,,,1,70,,12278,1,,,1,30,,12279,1,,,1,70,,12280,1,,,1
91500,'SatSun',427,,12321,1,,,1,30,,12281,1,,,1,65,,12282,1,,,1,25,,12283,1,,,1,65,,12284,1,,,1,30,,12285,1,,,1,70,,12286,1,,,1,30,,12287,1,,,1,70,,12288,1,,,1,30,,12289,1,,,1,65,,12290,1,,,1,30,,12291,1,,,1,70,,12292,1,,,1,30,,12293,1,,,1,70,,12294,1,,,1,30,,12295,1,,,1,70,,12296,1,,,1,33,,12297,1,,,1,70,,12298,1,,,1,30,,12299,1,,,1,70,,12300,1,,,1,30,,12301,1,,,1,70,,12302,1,,,1,30,,12303,1,,,1,70,,12304,1,,,1,30,,12305,1,,,1,70,,12306,1,,,1,30,,12307,1,,,1,70,,12308,1,,,1,30,,12309,1,,,1,70,,12310,1,,,1,27,,12311,1,,,1,70,,12312,1,,,1,30,,12313,1,,,1,20,,12314,1,,,1,70,,12315,1,,,1,30,,12316,1,,,1,70,,12317,1,,,1,30,,12318,1,,,1,70,,12319,1,,,1,30,,12320,1,,,1,70,,12322,1,,,1
91500,'Weekday',346,,12323,1,,,1,80,,12324,1,,,1,30,,12325,1,,,1,70,,12326,1,,,1,20,,12327,1,,,1,70,,12328,1,,,1,15,,12329,1,,,1,20,,12330,1,,,1,64,,12331,1,,,1,16,,12332,1,,,1,20,,12333,1,,,1,60,,12334,1,,,1,20,,12335,1,,,1,20,,12336,1,,,1,60,,12337,1,,,1,20,,12338,1,,,1,20,,12339,1,,,1,59,,12340,1,,,1,20,,12341,1,,,1,20,,12342,1,,,1,60,,12343,1,,,1,20,,12344,1,,,1,20,,12345,1,,,1,60,,12346,1,,,1,20,,12347,1,,,1,20,,12348,1,,,1,60,,12349,1,,,1,20,,12350,1,,,1,20,,12351,1,,,1,60,,12352,1,,,1,20,,12353,1,,,1,22,,12354,1,,,1,63,,12355,1,,,1,20,,12356,1,,,1,20,,12357,1,,,1,63,,12358,1,,,1,20,,12359,1,,,1,20,,12360,1,,,1,62,,12361,1,,,1,20,,12362,1,,,1,60,,12363,1,,,1,20,,12364,1,,,1,20,,12365,1,,,1,60,,12366,1,,,1,23,,12367,1,,,1,25,,12368,1,,,1,70,,12369,1,,,1,35,,12370,1,,,1,70,,12371,1,,,1,35,,12372,1,,,1,70,,12373,1,,,1,30,,12374,1,,,1,70,,12375,1,,,1,30,,12376,1,,,1,70,,12377,1,,,1,30,,12378,1,,,1
91501,'Canada Day',611,,12379,55,4,,1,30,,12380,55,4,,1,64,,12381,55,4,,1,30,,12382,55,4,,1,78,,12383,55,4,,1,30,,12384,55,4,,1,72,,12385,55,4,,1,34,,12386,55,4,,1,70,,12387,55,4,,1,26,,12388,55,4,,1,76,,12389,55,4,,1,30,,12390,55,4,,1,70,,12391,55,4,,1,82,,12392,55,4,,1,30,,12393,55,4,,1,70,,12394,55,4,,1,26,,12395,55,4,,1,74,,12396,55,4,,1,30,,12397,55,4,,1,70,,12398,55,4,,1,30,,12399,55,4,,1,70,,12400,55,4,,1,30,,12401,55,4,,1,71,,12402,55,4,,1,33,,12403,55,4,,1,22,,12404,55,4,,1,70,,12405,55,4,,1,30,,12406,55,4,,1,70,,12407,55,4,,1,24,,12408,55,4,,1,66,,12409,55,4,,1,30,,12410,55,4,,1,70,,12411,55,4,,1,30,,12412,55,4,,1,75,,12413,55,4,,1,31,,12414,55,4,,1,70,,12415,55,4,,1,30,,12416,55,4,,1
91501,'SatSun',611,,12417,55,4,,1,30,,12418,55,4,,1,64,,12419,55,4,,1,30,,12420,55,4,,1,78,,12421,55,4,,1,30,,12422,55,4,,1,72,,12423,55,4,,1,34,,12424,55,4,,1,70,,12425,55,4,,1,26,,12426,55,4,,1,76,,12427,55,4,,1,30,,12428,55,4,,1,70,,12429,55,4,,1,82,,12430,55,4,,1,30,,12431,55,4,,1,70,,12432,55,4,,1,26,,12433,55,4,,1,74,,12434,55,4,,1,30,,12435,55,4,,1,70,,12436,55,4,,1,30,,12437,55,4,,1,70,,12438,55,4,,1,30,,12439,55,4,,1,74,,12440,55,4,,1,30,,12441,55,4,,1,22,,12442,55,4,,1,70,,12443,55,4,,1,30,,12444,55,4,,1,70,,12445,55,4,,1,24,,12446,55,4,,1,66,,12447,55,4,,1,30,,12448,55,4,,1,70,,12449,55,4,,1,30,,12450,55,4,,1,75,,12451,55,4,,1,31,,12452,55,4,,1,70,,12453,55,4,,1,30,,12454,55,4,,1
91501,'Weekday',536,,12455,55,4,,1,73,,12456,55,4,,1,32,,12457,55,4,,1,68,,12458,55,4,,1,32,,12459,55,4,,1,15,,12460,55,4,,1,61,,12461,55,4,,1,20,,12462,55,4,,1,20,,12463,55,4,,1,60,,12464,55,4,,1,21,,12465,55,4,,1,20,,12466,55,4,,1,60,,12467,55,4,,1,20,,12468,55,4,,1,20,,12469,55,4,,1,60,,12470,55,4,,1,20,,12471,55,4,,1,20,,12472,55,4,,1,60,,12473,55,4,,1,20,,12474,55,4,,1,20,,12475,55,4,,1,60,,12476,55,4,,1,20,,12477,55,4,,1,20,,12478,55,4,,1,65,,12479,55,4,,1,20,,12480,55,4,,1,60,,12481,55,4,,1,20,,12482,55,4,,1,23,,12483,55,4,,1,60,,12484,55,4,,1,20,,12485,55,4,,1,20,,12486,55,4,,1,60,,12487,55,4,,1,25,,12488,55,4,,1,20,,12489,55,4,,1,60,,12490,55,4,,1,20,,12491,55,4,,1,20,,12492,55,4,,1,65,,12493,55,4,,1,17,,12494,55,4,,1,20,,12495,55,4,,1,59,,12496,55,4,,1,26,,12497,55,4,,1,20,,12498,55,4,,1,70,,12499,55,4,,1,20,,12500,55,4,,1,70,,12501,55,4,,1,30,,12502,55,4,,1,70,,12503,55,4,,1,30,,12504,55,4,,1,70,,12505,55,4,,1,31,,12506,55,4,,1
91700,'Canada Day',445,,12772,1,,,1,95,,12773,1,,,1,70,,12774,1,,,1,28,5,12775,14,,,1,70,5,12776,14,,,1,30,5,12777,14,,,1,70,5,12778,14,,,1,30,8,12779,14,,,1,71,4,12780,28,,,1,30,4,12781,28,,,1,70,4,12782,28,,,1,30,4,12783,28,,,1,70,4,12784,28,,,1,30,4,12785,28,,,1,67,4,12786,28,,,1,33,4,12787,28,,,1,70,4,12788,28,,,1,27,4,12789,28,,,1,73,4,12790,28,,,1,28,4,12791,28,,,1,72,4,12792,28,,,1,30,4,12793,28,,,1,70,4,12794,28,,,1,30,4,12795,28,,,1,70,4,12796,28,,,1,30,4,12797,28,,,1,70,4,12798,28,,,1,30,4,12799,28,,,1,70,4,12800,28,,,1,30,4,12801,28,,,1,70,4,12802,28,,,1,30,4,12803,28,,,1,71,5,12804,14,,,1,30,5,12805,14,,,1,65,5,12806,14,,,1,30,5,12807,14,,,1,20,,12808,14,4,,1,70,,12809,14,4,,1,25,,12810,14,4,,1,68,,12811,14,4,,1
91700,'Overnight',534,,12814,14,4,,1,70,,12812,14,4,,1,2330,,12815,14,4,,1,70,,12813,14,4,,1
91700,'SatSun',445,,12816,1,,,1,95,,12817,1,,,1,70,,12818,1,,,1,28,5,12819,14,,,1,70,5,12820,14,,,1,30,5,12821,14,,,1,70,5,12822,14,,,1,30,8,12823,14,,,1,71,4,12824,28,,,1,30,4,12825,28,,,1,70,4,12826,28,,,1,30,4,12827,28,,,1,70,4,12828,28,,,1,30,4,12829,28,,,1,67,4,12830,28,,,1,33,4,12831,28,,,1,70,4,12832,28,,,1,27,4,12833,28,,,1,73,4,12834,28,,,1,28,4,12835,28,,,1,72,4,12836,28,,,1,30,4,12837,28,,,1,70,4,12838,28,,,1,30,4,12839,28,,,1,70,4,12840,28,,,1,30,4,12841,28,,,1,70,4,12842,28,,,1,30,4,12843,28,,,1,70,4,12844,28,,,1,30,4,12845,28,,,1,70,4,12846,28,,,1,30,4,12847,28,,,1,71,5,12848,14,,,1,30,5,12849,14,,,1,65,5,12850,14,,,1,30,5,12851,14,,,1,20,,12852,14,4,,1,70,,12853,14,4,,1,25,,12854,14,4,,1,68,,12855,14,4,,1
91700,'Weekday',439,,12895,1,,,1,69,3,12877,14,,,1,30,3,12894,14,,,1,70,3,12861,14,,,1,36,3,12860,14,,,1,70,3,12858,14,,,1,30,3,12893,14,,,1,74,3,12875,14,,,1,30,3,12867,14,,,1,70,3,12874,14,,,1,39,3,12866,14,,,1,70,3,12889,14,,,1,30,3,12878,14,,,1,72,2,12871,14,,,1,73,2,12870,14,,,1,35,2,12888,14,,,1,70,2,12868,14,,,1,26,2,12884,14,,,1,68,42,12857,14,,,1,19,5,12891,14,,,1,35,5,12876,14,,,1,65,5,12856,14,,,1,30,5,12872,14,,,1,68,5,12883,14,,,1,30,5,12886,14,,,1,70,5,12865,14,,,1,17,,12862,14,,,1,70,,12869,14,,,1,30,,12880,14,,,1,70,,12863,14,,,1,30,,12859,14,,,1,70,,12879,14,,,1,30,,12881,14,,,1,70,,12885,14,,,1,30,,12892,14,,,1,70,,12882,14,,,1,30,,12890,14,,,1,70,,12873,14,,,1,30,,12864,14,,,1,70,,12887,14,,,1
91701,'Canada Day',504,,12896,1,,,1,99,45,12897,39,,,1,33,,12899,1,,,1,65,45,12898,39,,,1,30,5,12900,39,,,1,26,3,12901,39,0,55 56 57,1,70,3,12902,39,0,55 56 57,1,30,3,12903,39,0,55 56 57,1,70,3,12904,39,0,55 56 57,1,30,3,12905,39,0,55 56 57,1,70,3,12906,39,0,55 56 57,1,30,3,12907,39,0,55 56 57,1,70,3,12908,39,0,55 56 57,1,30,3,12909,39,0,55 56 57,1,70,3,12910,39,0,55 56 57,1,30,3,12911,39,0,55 56 57,1,70,3,12912,39,0,55 56 57,1,30,3,12913,39,0,55 56 57,1,73,3,12914,39,0,55 56 57,1,70,43,12915,39,0,55 56 57,1,33,3,12916,39,0,55 56 57,1,70,3,12917,39,0,55 56 57,1,30,3,12918,39,0,55 56 57,1,70,3,12919,39,0,55 56 57,1,30,3,12920,39,0,55 56 57,1,70,3,12921,39,0,55 56 57,1,27,3,12922,39,0,55 56 57,1,72,43,12923,39,0,55 56 57,1,30,3,12924,39,0,55 56 57,1,78,6,12925,39,,,1,30,6,12926,39,,,1,70,6,12927,39,,,1,25,6,12928,39,,,1,70,46,12929,39,,,1,25,5,12930,39,,,1,27,5,12931,39,,,1,68,5,12932,39,,,1,24,,12933,39,4,,1
91701,'Overnight',2220,,12934,1,,,1,30,,12935,1,,,1
91701,'SatSun',504,,12936,1,,,1,30,,12937,1,,,1,69,45,12939,39,,,1,33,,12938,1,,,1,65,45,12940,39,,,1,30,5,12941,39,,,1,26,3,12942,39,0,55 56 57,1,70,3,12943,39,0,55 56 57,1,30,3,12944,39,0,55 56 57,1,70,3,12945,39,0,55 56 57,1,30,3,12946,39,0,55 56 57,1,70,3,12947,39,0,55 56 57,1,30,3,12948,39,0,55 56 57,1,70,3,12949,39,0,55 56 57,1,30,3,12950,39,0,55 56 57,1,70,3,12951,39,0,55 56 57,1,30,3,12952,39,0,55 56 57,1,70,3,12953,39,0,55 56 57,1,30,3,12954,39,0,55 56 57,1,73,3,12955,39,0,55 56 57,1,70,43,12956,39,0,55 56 57,1,33,3,12957,39,0,55 56 57,1,70,3,12958,39,0,55 56 57,1,30,3,12959,39,0,55 56 57,1,70,3,12960,39,0,55 56 57,1,30,3,12961,39,0,55 56 57,1,70,3,12962,39,0,55 56 57,1,27,3,12963,39,0,55 56 57,1,72,43,12964,39,0,55 56 57,1,30,3,12965,39,0,55 56 57,1,78,6,12966,39,,,1,30,6,12967,39,,,1,70,6,12968,39,,,1,25,6,12969,39,,,1,70,46,12970,39,,,1,25,5,12971,39,,,1,27,5,12972,39,,,1,68,5,12973,39,,,1,24,,12974,39,4,,1
91701,'Weekday',435,4,13004,24,,,1,70,4,12997,24,,,1,30,4,12987,39,,,1,76,4,13009,39,,,1,30,4,12999,39,,,1,70,4,13014,39,,,1,34,4,12980,39,,,1,70,4,12991,39,,,1,30,4,12976,39,,,1,79,4,13008,39,,,1,30,4,13002,39,,,1,71,2,12975,39,,,1,30,2,12978,39,,,1,70,2,13013,39,,,1,75,42,13006,39,,,1,30,2,12995,39,,,1,26,2,12993,39,,,1,80,2,12982,39,,,1,75,2,12989,39,,,1,25,2,13001,39,,,1,70,2,12998,39,,,1,28,5,12983,39,,,1,70,45,13005,39,,,1,30,5,12977,39,,,1,70,45,12992,39,,,1,25,5,13000,39,,,1,78,5,12979,39,,,1,30,5,13010,39,,,1,70,5,13011,39,,,1,30,5,13003,39,,,1,70,5,12996,39,,,1,30,3,12981,39,,,1,70,3,12994,39,,,1,30,3,12984,39,,,1,70,3,12985,39,,,1,30,3,12986,39,,,1,63,42,13007,39,,,1,30,2,12988,39,,,1,28,,12990,39,4,,1,70,,13012,39,4,,1
