30201,'SatSun',547,,4658,3,0,18 9,1,70,,4659,3,0,18 9,1,30,,4660,3,0,18 9,1,70,,4661,3,0,18 9,1,30,,4662,3,0,18 9,1,70,,4663,3,0,18 9,1,30,,4664,3,0,18 9,1,70,,4665,3,0,18 9,1,30,,4674,3,0,18 9,1,70,,4675,3,0,18 9,1,30,,4676,3,0,18 9,1,70,,4677,3,0,18 9,1,30,,4678,3,0,18 9,1,70,,4679,3,0,18 9,1,30,,4680,3,0,18 9,1,70,,4681,3,0,18 9,1,30,,4682,3,0,18 9,1,70,,4683,3,0,18 9,1,30,,4684,3,0,18 9,1,70,,4685,3,0,18 9,1,30,,4686,3,0,18 9,1,70,,4687,3,0,18 9,1,30,,4688,3,0,18 9,1,70,,4689,3,0,18 9,1,30,,4690,3,0,18 9,1,70,,4666,3,0,18 9,1,30,,4667,3,0,18 9,1,70,,4668,3,0,18 9,1,30,,4669,3,0,18 9,1,70,,4670,3,0,18 9,1,30,,4671,3,0,18 9,1,70,,4672,3,0,18 9,1,30,,4673,3,0,18 9,1
30201,'Weekday',522,,4695,3,0,18 9,1,35,,4733,3,0,18 9,1,70,,4697,3,0,18 9,1,75,,4715,3,0,18 9,1,25,,4716,3,0,18 9,1,30,,4707,3,0,18 9,1,70,,4708,3,0,18 9,1,30,,4732,3,0,18 9,1,70,,4706,3,0,18 9,1,30,,4714,3,0,18 9,1,70,,4719,3,0,18 9,1,30,,4709,3,0,18 9,1,70,,4710,3,0,18 9,1,30,,4702,3,0,18 9,1,60,,4722,3,0,18 9,1,30,,4698,3,0,18 9,1,70,,4691,3,0,18 9,1,30,,4693,3,0,18 9,1,70,,4729,3,0,18 9,1,35,,4720,3,0,18 9,1,70,,4694,3,0,18 9,1,30,,4721,3,0,18 9,1,75,,4700,3,0,18 9,1,30,,4717,3,0,18 9,1,70,,4705,3,0,18 9,1,30,,4713,3,0,18 9,1,70,,4696,3,0,18 9,1,31,,4731,3,0,18 9,1,70,,4711,3,0,18 9,1,30,,4726,3,0,18 9,1,70,,4730,3,0,18 9,1,30,,4704,3,0,18 9,1,70,,4723,3,0,18 9,1,30,,4701,3,0,18 9,1
40701,'Weekday',816,,5254,3,0,26,1,22,,5255,3,,,1,78,,5256,3,0,26,1,22,,5257,3,,,1,66,,5258,3,0,26,1,20,,5259,3,,,1,80,,5260,3,0,26,1,20,,5261,3,,,1,88,,5262,3,0,26,1,22,,5263,3,,,1,78,,5264,3,0,26,1,22,,5265,3,,,1,78,,5266,3,0,26,1,32,,5267,3,,,1,68,,5268,3,0,26,1,33,,5269,3,,,1,67,,5270,3,0,26,1,33,,5271,3,,,1,77,,5272,3,0,26,1,23,,5273,3,,,1,77,,5274,3,0,26,1,32,,5275,3,,,1,72,,5276,3,0,26,1,22,,5277,3,,,1,82,,5278,3,0,26,1,73,,5279,3,0,26,1,27,,5280,3,0,26,1
61800,'Weekday',1109,,5984,3,,,1,130,,5985,3,,,1,484,,5986,19,,,1,130,,5987,19,,,1
90100,'Overnight',2321,,6301,37,0,20 21,1,30,,6300,37,0,20 21,1
90100,'SatSun',2207,,6333,37,0,20 21,1,41,,6366,37,0,20 21,1
90100,'Weekday',2248,,6463,37,0,20 21,1
90500,'SatSun',639,,6830,40,0,5 19,1,70,,6842,40,0,7 20 21,1,30,,6843,40,0,7 20 21,1,70,,6831,40,0,5 19,1,30,,6844,40,0,7 20 21,1,70,,6845,40,0,7 20 21,1,30,,6832,40,0,5 19,1,70,,6846,40,0,7 20 21,1,30,,6847,40,0,7 20 21,1,70,,6833,40,0,5 19,1,30,,6848,40,0,7 20 21,1,70,,6849,40,0,7 20 21,1,30,,6834,40,0,5 19,1,70,,6850,40,0,7 20 21,1,30,,6851,40,0,7 20 21,1,70,,6835,40,0,5 19,1,30,,6852,40,0,7 20 21,1,70,,6853,40,0,7 20 21,1,30,,6836,40,0,5 19,1,70,,6854,40,0,7 20 21,1,30,,6855,40,0,7 20 21,1,70,,6837,40,0,5 19,1,30,,6856,40,0,7 20 21,1,70,,6857,40,0,7 20 21,1,30,,6838,40,0,5 19,1,70,,6858,40,0,7 20 21,1,30,,6859,40,0,7 20 21,1,70,,6839,40,0,5 19,1,30,,6860,40,0,7 20 21,1,70,,6861,40,0,7 20 21,1,30,,6840,40,0,5 19,1,70,,6862,40,0,7 20 21,1,30,,6863,40,0,7 20 21,1,70,,6841,40,0,5 19,1
90500,'Weekday',621,,6887,40,0,5 19,1,30,,6864,40,0,7 20 21,1,70,,6865,40,0,7 20 21,1,15,,6899,40,0,7 20 21,1,15,,6888,40,0,5 19,1,55,,6900,40,0,7 20 21,1,15,,6866,40,0,7 20 21,1,15,,6901,40,0,7 20 21,1,15,,6867,40,0,7 20 21,1,55,,6902,40,0,7 20 21,1,15,,6889,40,0,5 19,1,15,,6903,40,0,7 20 21,1,15,,6868,40,0,7 20 21,1,55,,6904,40,0,7 20 21,1,15,,6869,40,0,7 20 21,1,15,,6905,40,0,7 20 21,1,15,,6890,40,0,5 19,1,55,,6906,40,0,7 20 21,1,15,,6870,40,0,7 20 21,1,15,,6907,40,0,7 20 21,1,15,,6871,40,0,7 20 21,1,55,,6908,40,0,7 20 21,1,15,,6891,40,0,5 19,1,14,,6909,40,0,7 20 21,1,14,,6872,40,0,7 20 21,1,56,,6910,40,0,7 20 21,1,14,,6873,40,0,7 20 21,1,16,,6911,40,0,7 20 21,1,23,,6892,40,0,5 19,1,54,,6912,40,0,7 20 21,1,15,,6874,40,0,7 20 21,1,15,,6913,40,0,7 20 21,1,15,,6875,40,0,7 20 21,1,55,,6914,40,0,7 20 21,1,19,,6893,40,0,5 19,1,15,,6915,40,0,7 20 21,1,55,,6876,40,0,7 20 21,1,15,,6916,40,0,7 20 21,1,15,,6877,40,0,7 20 21,1,15,,6917,40,0,7 20 21,1,55,,6894,40,0,5 19,1,15,,6918,40,0,7 20 21,1,15,,6878,40,0,7 20 21,1,15,,6919,40,0,7 20 21,1,55,,6879,40,0,7 20 21,1,15,,6920,40,0,7 20 21,1,15,,6895,40,0,5 19,1,13,,6921,40,0,7 20 21,1,57,,6880,40,0,7 20 21,1,30,,6881,40,0,7 20 21,1,70,,6896,40,0,5 19,1,30,,6882,40,0,7 20 21,1,70,,6883,40,0,7 20 21,1,26,,6897,40,0,5 19,1,74,,6884,40,0,7 20 21,1,30,,6885,40,0,7 20 21,1,26,,6898,40,0,5 19,1,74,,6886,40,0,7 20 21,1
1400000200,'Overnight',328,,7735,36,,,1,30,,7730,36,,,1,70,,7724,36,,,1,27,,7734,36,,,1,70,,7728,36,,,1,1902,,7727,36,,,1,30,,7723,36,,,1,68,,7736,36,,,1,30,,7722,36,,,1,70,,7725,36,,,1,33,,7729,36,,,1,70,,7726,36,,,1,30,,7732,36,,,1,70,,7731,36,,,1,27,,7733,36,,,1,70,,7737,36,,,1
