30201,'SatSun',546,,4662,,,1,70,,4663,,,1,30,,4664,,,1,70,,4665,,,1,30,,4666,,,1,70,,4667,,,1,30,,4668,,,1,70,,4669,,,1,30,,4678,,,1,70,,4679,,,1,30,,4680,,,1,70,,4681,,,1,30,,4682,,,1,70,,4683,,,1,30,,4684,,,1,70,,4685,,,1,30,,4686,,,1,70,,4687,,,1,30,,4688,,,1,70,,4689,,,1,30,,4690,,,1,70,,4691,,,1,30,,4692,,,1,70,,4693,,,1,30,,4694,,,1,70,,4670,,,1,30,,4671,,,1,70,,4672,,,1,30,,4673,,,1,70,,4674,,,1,30,,4675,,,1,70,,4676,,,1,30,,4677,,,1
30201,'Weekday',429,,4729,0,5 18 9,1,30,,4732,0,5 18 9,1,63,,4699,,,1,5,,4716,0,5 18 9,1,30,,4737,,,1,47,,4722,0,5 18 9,1,23,,4701,,,1,7,,4707,0,5 18 9,1,68,,4719,,,1,25,,4720,,,1,30,,4711,,,1,70,,4712,,,1,30,,4736,,,1,70,,4710,,,1,30,,4718,,,1,70,,4723,,,1,30,,4713,,,1,70,,4714,,,1,30,,4706,,,1,60,,4726,,,1,30,,4702,,,1,70,,4695,,,1,30,,4697,,,1,70,,4733,,,1,35,,4724,,,1,70,,4698,,,1,15,,4728,,,1,15,,4725,,,1,55,,4731,,,1,20,,4704,,,1,15,,4696,,,1,15,,4721,,,1,55,,4703,,,1,15,,4709,,,1,30,,4717,,,1,70,,4700,,,1,31,,4735,,,1,70,,4715,,,1,30,,4730,,,1,70,,4734,,,1,30,,4708,,,1,70,,4727,,,1,30,,4705,,,1
40701,'Weekday',816,,5258,,,1,22,,5259,0,7 26,1,78,,5260,,,1,22,,5261,0,7 26,1,66,,5262,,,1,20,,5263,0,7 26,1,80,,5264,,,1,20,,5265,0,7 26,1,88,,5266,,,1,22,,5267,0,7 26,1,78,,5268,,,1,22,,5269,0,7 26,1,78,,5270,,,1,32,,5271,0,7 26,1,68,,5272,,,1,33,,5273,0,7 26,1,67,,5274,,,1,33,,5275,0,7 26,1,77,,5276,,,1,23,,5277,0,7 26,1,77,,5278,,,1,32,,5279,0,7 26,1,72,,5280,,,1,22,,5281,0,7 26,1,82,,5282,,,1,73,,5283,,,1,27,,5284,,,1
61800,'Weekday',1105,,5985,,,1,130,,5986,,,1,475,,5989,,,1,130,,5990,,,1
90100,'Overnight',2321,,6302,,,1,30,,6301,,,1
90100,'SatSun',2207,,6334,,,1,41,,6367,,,1
90100,'Weekday',2248,,6464,,,1
90500,'SatSun',638,,6830,0,5 19,1,70,,6842,0,7 20 21,1,30,,6843,0,7 20 21,1,70,,6831,0,5 19,1,30,,6844,0,7 20 21,1,70,,6845,0,7 20 21,1,30,,6832,0,5 19,1,70,,6846,0,7 20 21,1,30,,6847,0,7 20 21,1,70,,6833,0,5 19,1,30,,6848,0,7 20 21,1,70,,6849,0,7 20 21,1,30,,6834,0,5 19,1,70,,6850,0,7 20 21,1,30,,6851,0,7 20 21,1,70,,6835,0,5 19,1,30,,6852,0,7 20 21,1,70,,6853,0,7 20 21,1,30,,6836,0,5 19,1,70,,6854,0,7 20 21,1,30,,6855,0,7 20 21,1,70,,6837,0,5 19,1,30,,6856,0,7 20 21,1,70,,6857,0,7 20 21,1,30,,6838,0,5 19,1,70,,6858,0,7 20 21,1,30,,6859,0,7 20 21,1,70,,6839,0,5 19,1,30,,6860,0,7 20 21,1,70,,6861,0,7 20 21,1,30,,6840,0,5 19,1,70,,6862,0,7 20 21,1,30,,6863,0,7 20 21,1,70,,6841,0,5 19,1
90500,'Weekday',620,,6887,0,5 19,1,30,,6864,0,7 20 21,1,70,,6865,0,7 20 21,1,15,,6899,0,7 20 21,1,15,,6888,0,5 19,1,55,,6900,0,7 20 21,1,15,,6866,0,7 20 21,1,15,,6901,0,7 20 21,1,15,,6867,0,7 20 21,1,55,,6902,0,7 20 21,1,15,,6889,0,5 19,1,15,,6903,0,7 20 21,1,15,,6868,0,7 20 21,1,55,,6904,0,7 20 21,1,15,,6869,0,7 20 21,1,15,,6905,0,7 20 21,1,15,,6890,0,5 19,1,55,,6906,0,7 20 21,1,15,,6870,0,7 20 21,1,15,,6907,0,7 20 21,1,15,,6871,0,7 20 21,1,55,,6908,0,7 20 21,1,15,,6891,0,5 19,1,14,,6909,0,7 20 21,1,14,,6872,0,7 20 21,1,56,,6910,0,7 20 21,1,14,,6873,0,7 20 21,1,16,,6911,0,7 20 21,1,23,,6892,0,5 19,1,54,,6912,0,7 20 21,1,15,,6874,0,7 20 21,1,15,,6913,0,7 20 21,1,15,,6875,0,7 20 21,1,55,,6914,0,7 20 21,1,19,,6893,0,5 19,1,15,,6915,0,7 20 21,1,55,,6876,0,7 20 21,1,15,,6916,0,7 20 21,1,15,,6877,0,7 20 21,1,15,,6917,0,7 20 21,1,55,,6894,0,5 19,1,15,,6918,0,7 20 21,1,15,,6878,0,7 20 21,1,15,,6919,0,7 20 21,1,55,,6879,0,7 20 21,1,15,,6920,0,7 20 21,1,15,,6895,0,5 19,1,13,,6921,0,7 20 21,1,57,,6880,0,7 20 21,1,30,,6881,0,7 20 21,1,70,,6896,0,5 19,1,30,,6882,0,7 20 21,1,70,,6883,0,7 20 21,1,26,,6897,0,5 19,1,74,,6884,0,7 20 21,1,30,,6885,0,7 20 21,1,26,,6898,0,5 19,1,74,,6886,0,7 20 21,1
92001,'Weekday',513,,7620,0,10 11 12 13,1,38,,7621,0,10 11 12 13,1,60,,7601,0,10 11 12 13,1,20,,7602,0,10 11 12 13,1,20,,7603,0,10 11 12 13,1,60,,7604,0,10 11 12 13,1,20,,7605,0,10 11 12 13,1,20,,7606,0,10 11 12 13,1,60,,7607,0,10 11 12 13,1,20,,7608,0,10 11 12 13,1,25,,7609,0,10 11 12 13,1,48,,7622,,,1,6,,7645,,,1,15,,7623,,,1,20,,7624,,,1,60,,7625,,,1,20,,7626,,,1,20,,7627,,,1,60,,7628,,,1,20,,7629,,,1,20,,7630,,,1,60,,7631,,,1,20,,7632,,,1,20,,7633,,,1,60,,7634,,,1,20,,7635,,,1,20,,7636,,,1,60,,7637,,,1,20,,7639,,,1,20,,7638,,,1,60,,7643,,,1,20,,7641,,,1,20,,7640,,,1,60,,7642,,,1,6,,7610,0,10 11 12 13,1,20,,7611,0,10 11 12 13,1,20,,7612,0,10 11 12 13,1,60,,7613,0,10 11 12 13,1,20,,7614,0,10 11 12 13,1,20,,7616,0,10 11 12 13,1,60,,7615,0,10 11 12 13,1,20,,7617,0,10 11 12 13,1,20,,7618,0,10 11 12 13,1,59,,7619,,,1,24,,7644,,,1,25,,7595,,,1,75,,7596,,,1,70,,7597,,,1,30,,7598,,,1,70,,7599,,,1,30,,7600,,,1
92101,'Weekday',516,,7670,,,1,20,,7665,,,1,20,,7673,,,1,60,,7669,,,1,20,,7681,,,1,20,,7666,,,1,60,,7680,,,1,20,,7668,,,1,10,,7684,,,1,10,,7672,,,1,60,,7683,,,1,20,,7682,,,1,20,,7675,,,1,770,,7667,,,1,20,,7679,,,1,60,,7678,,,1,20,,7676,,,1,20,,7671,,,1,60,,7677,,,1,20,,7674,,,1,20,,7664,,,1
1400000200,'Overnight',328,,7729,,,1,30,,7724,,,1,70,,7718,,,1,27,,7728,,,1,70,,7722,,,1,1902,,7721,,,1,30,,7717,,,1,68,,7730,,,1,30,,7716,,,1,70,,7719,,,1,33,,7723,,,1,70,,7720,,,1,30,,7726,,,1,70,,7725,,,1,27,,7727,,,1,70,,7731,,,1
