30201,'SatSun',548,,4662,,,1,70,,4663,,,1,30,,4664,,,1,70,,4665,,,1,30,,4666,,,1,70,,4667,,,1,30,,4668,,,1,70,,4669,,,1,31,,4678,,,1,70,,4679,,,1,30,,4680,,,1,70,,4681,,,1,30,,4682,,,1,70,,4683,,,1,30,,4684,,,1,70,,4685,,,1,30,,4686,,,1,70,,4687,,,1,30,,4688,,,1,70,,4689,,,1,30,,4690,,,1,70,,4691,,,1,30,,4692,,,1,70,,4693,,,1,30,,4694,,,1,69,,4670,,,1,30,,4671,,,1,70,,4672,,,1,30,,4673,,,1,70,,4674,,,1,30,,4675,,,1,70,,4676,,,1,30,,4677,,,1
30201,'Weekday',523,,4699,,,1,35,,4737,,,1,70,,4701,,,1,75,,4719,,,1,26,,4720,,,1,30,,4711,,,1,70,,4712,,,1,30,,4736,,,1,70,,4710,,,1,30,,4718,,,1,70,,4723,,,1,30,,4713,,,1,70,,4714,,,1,30,,4706,,,1,60,,4726,,,1,30,,4702,,,1,70,,4695,,,1,30,,4697,,,1,70,,4733,,,1,35,,4724,,,1,70,,4698,,,1,15,,4728,,,1,15,,4725,,,1,55,,4731,,,1,20,,4704,,,1,15,,4696,,,1,15,,4721,,,1,55,,4703,,,1,15,,4709,,,1,30,,4717,,,1,70,,4700,,,1,71,,4735,,,1,30,,4715,,,1,70,,4730,,,1,30,,4734,,,1,70,,4708,,,1,30,,4727,,,1,70,,4705,,,1
40900,'SatSun',717,,5285,,,1,30,,5286,,,1,70,,5287,,,1,30,,5288,,,1,70,,5289,,,1,30,,5290,,,1,70,,5291,,,1,30,,5292,,,1,70,,5293,,,1,30,,5294,,,1,70,,5295,,,1,30,,5296,,,1,70,,5297,,,1,30,,5298,,,1,70,,5299,,,1,30,,5300,,,1,70,,5301,,,1,30,,5302,,,1,70,,5303,,,1,30,,5304,,,1,70,,5305,,,1,30,,5306,,,1,70,,5307,,,1,30,,5308,,,1,70,,5309,,,1,30,,5310,,,1,260,,5311,,,1,110,,5312,,,1
40900,'Weekday',657,,5319,,,1,70,,5320,,,1,73,,5321,,,1,30,,5322,,,1,70,,5323,,,1,30,,5324,,,1,27,,5325,,,1,72,,5326,0,5 20 21,1,28,,5327,,,1,70,,5328,,,1,30,,5329,,,1,72,,5330,0,5 20 21,1,28,,5331,,,1,70,,5332,,,1,30,,5333,,,1,72,,5334,0,5 20 21,1,71,,5335,,,1,30,,5336,,,1,70,,5337,,,1,33,,5338,0,5 20 21,1,67,,5339,,,1,30,,5340,,,1,70,,5341,,,1,30,,5342,,,1,70,,5343,,,1,30,,5344,,,1,70,,5313,,,1,30,,5314,,,1,70,,5315,,,1,30,,5316,,,1,70,,5317,,,1,42,,5318,,,1
61800,'Weekday',1106,,5985,,,1,130,,5986,,,1,475,,5989,,,1,130,,5990,,,1
90100,'Overnight',2322,,6302,,,1,30,,6301,,,1
90100,'SatSun',2208,,6334,,,1,41,,6367,,,1
90100,'Weekday',2249,,6464,,,1
90500,'SatSun',639,,6830,0,5 19,1,70,,6842,0,7 20 21,1,30,,6843,0,7 20 21,1,70,,6831,0,5 19,1,30,,6844,0,7 20 21,1,70,,6845,0,7 20 21,1,30,,6832,0,5 19,1,70,,6846,0,7 20 21,1,30,,6847,0,7 20 21,1,70,,6833,0,5 19,1,30,,6848,0,7 20 21,1,70,,6849,0,7 20 21,1,30,,6834,0,5 19,1,70,,6850,0,7 20 21,1,30,,6851,0,7 20 21,1,70,,6835,0,5 19,1,30,,6852,0,7 20 21,1,70,,6853,0,7 20 21,1,30,,6836,0,5 19,1,70,,6854,0,7 20 21,1,30,,6855,0,7 20 21,1,70,,6837,0,5 19,1,30,,6856,0,7 20 21,1,70,,6857,0,7 20 21,1,30,,6838,0,5 19,1,70,,6858,0,7 20 21,1,30,,6859,0,7 20 21,1,70,,6839,0,5 19,1,30,,6860,0,7 20 21,1,70,,6861,0,7 20 21,1,30,,6840,0,5 19,1,70,,6862,0,7 20 21,1,30,,6863,0,7 20 21,1,70,,6841,0,5 19,1
90500,'Weekday',621,,6887,0,5 19,1,30,,6864,0,7 20 21,1,70,,6865,0,7 20 21,1,15,,6899,0,7 20 21,1,15,,6888,0,5 19,1,55,,6900,0,7 20 21,1,15,,6866,0,7 20 21,1,15,,6901,0,7 20 21,1,15,,6867,0,7 20 21,1,55,,6902,0,7 20 21,1,15,,6889,0,5 19,1,15,,6903,0,7 20 21,1,15,,6868,0,7 20 21,1,55,,6904,0,7 20 21,1,15,,6869,0,7 20 21,1,15,,6905,0,7 20 21,1,15,,6890,0,5 19,1,55,,6906,0,7 20 21,1,15,,6870,0,7 20 21,1,15,,6907,0,7 20 21,1,15,,6871,0,7 20 21,1,55,,6908,0,7 20 21,1,15,,6891,0,5 19,1,14,,6909,0,7 20 21,1,14,,6872,0,7 20 21,1,56,,6910,0,7 20 21,1,14,,6873,0,7 20 21,1,16,,6911,0,7 20 21,1,23,,6892,0,5 19,1,54,,6912,0,7 20 21,1,15,,6874,0,7 20 21,1,15,,6913,0,7 20 21,1,15,,6875,0,7 20 21,1,55,,6914,0,7 20 21,1,19,,6893,0,5 19,1,15,,6915,0,7 20 21,1,55,,6876,0,7 20 21,1,15,,6916,0,7 20 21,1,15,,6877,0,7 20 21,1,15,,6917,0,7 20 21,1,55,,6894,0,5 19,1,15,,6918,0,7 20 21,1,15,,6878,0,7 20 21,1,15,,6919,0,7 20 21,1,55,,6879,0,7 20 21,1,15,,6920,0,7 20 21,1,15,,6895,0,5 19,1,13,,6921,0,7 20 21,1,57,,6880,0,7 20 21,1,30,,6881,0,7 20 21,1,70,,6896,0,5 19,1,30,,6882,0,7 20 21,1,70,,6883,0,7 20 21,1,26,,6897,0,5 19,1,74,,6884,0,7 20 21,1,30,,6885,0,7 20 21,1,26,,6898,0,5 19,1,74,,6886,0,7 20 21,1
1400000200,'Overnight',329,,7729,,,1,30,,7724,,,1,70,,7718,,,1,27,,7728,,,1,70,,7722,,,1,1902,,7721,,,1,30,,7717,,,1,68,,7730,,,1,30,,7716,,,1,70,,7719,,,1,33,,7723,,,1,70,,7720,,,1,30,,7726,,,1,70,,7725,,,1,27,,7727,,,1,70,,7731,,,1
