41000,'Canada Day',712,,9978,43,4,,1,30,,9979,43,4,,1,70,,9980,43,4,,1,30,,9981,43,4,,1,70,,9982,43,4,,1,30,,9983,43,4,,1,72,,9984,43,4,,1,30,,9985,43,4,,1,70,,9986,43,4,,1,30,,9987,43,4,,1,70,,9988,43,4,,1,30,,9989,43,4,,1,70,,9990,43,4,,1,32,,9991,43,4,,1,70,,9992,43,4,,1,30,,9993,43,4,,1,70,,9994,43,4,,1,30,,9995,43,4,,1,70,,9996,43,4,,1,30,,9997,43,4,,1,70,,9998,43,4,,1,30,,9999,43,4,,1,68,,10000,43,4,,1,30,,10001,43,4,,1,70,,10002,43,4,,1,30,,10003,43,4,,1,70,,10004,43,4,,1,30,,10005,43,4,,1,68,,10006,43,4,,1,32,,10007,43,4,,1,70,,10008,43,4,,1,35,,10009,43,4,,1,70,,10010,43,4,,1
41000,'SatSun',712,,10011,43,4,,1,30,,10012,43,4,,1,70,,10013,43,4,,1,30,,10014,43,4,,1,70,,10015,43,4,,1,30,,10016,43,4,,1,72,,10017,43,4,,1,30,,10018,43,4,,1,70,,10019,43,4,,1,30,,10020,43,4,,1,70,,10021,43,4,,1,30,,10022,43,4,,1,70,,10023,43,4,,1,32,,10024,43,4,,1,70,,10025,43,4,,1,30,,10026,43,4,,1,70,,10027,43,4,,1,30,,10028,43,4,,1,70,,10029,43,4,,1,30,,10030,43,4,,1,70,,10031,43,4,,1,30,,10043,43,4,,1,68,,10032,43,4,,1,30,,10033,43,4,,1,70,,10034,43,4,,1,30,,10035,43,4,,1,70,,10036,43,4,,1,30,,10037,43,4,,1,68,,10038,43,4,,1,32,,10039,43,4,,1,70,,10040,43,4,,1,35,,10041,43,4,,1,70,,10042,43,4,,1
41000,'Weekday',639,,10044,43,4,,1,70,,10045,43,4,,1,30,,10046,43,4,,1,70,,10047,43,4,,1,30,,10048,43,4,,1,70,,10049,43,4,,1,30,,10050,43,4,,1,70,,10051,43,4,,1,30,,10052,43,4,,1,70,,10053,43,4,,1,30,,10054,43,4,,1,70,,10055,43,4,,1,30,,10056,43,4,,1,70,,10057,43,4,,1,30,,10058,43,4,,1,70,,10059,43,4,,1,30,,10060,43,4,,1,70,,10061,43,4,,1,30,,10062,43,4,,1,70,,10063,43,4,,1,30,,10064,43,4,,1,63,,10065,43,4,,1,37,,10066,43,4,,1,70,,10067,43,4,,1,30,,10068,43,4,,1,70,,10069,43,4,,1,31,,10070,43,4,,1,69,,10071,43,4,,1,30,,10072,43,4,,1,70,,10073,43,4,,1,30,,10074,43,4,,1,70,,10075,43,4,,1,30,,10076,43,4,,1,70,,10077,43,4,,1,30,,10078,43,4,,1
41001,'Canada Day',619,,10079,1,,,1,30,,10080,1,,,1,70,,10081,1,,,1,30,,10082,1,,,1,70,,10083,1,,,1,30,,10084,1,,,1,70,,10085,1,,,1,30,,10086,1,,,1,70,,10087,1,,,1,30,,10088,1,,,1,70,,10089,1,,,1,30,,10090,1,,,1,70,,10091,1,,,1,30,,10092,1,,,1,70,,10093,1,,,1,30,,10094,1,,,1,70,,10095,1,,,1,30,,10096,1,,,1,70,,10097,1,,,1,30,,10098,1,,,1,70,,10099,1,,,1,30,,10100,1,,,1,70,,10101,1,,,1,34,,10102,1,,,1,66,,10103,1,,,1,30,,10104,1,,,1,70,,10105,1,,,1,28,,10106,1,,,1,70,,10107,1,,,1,30,,10108,1,,,1,65,,10109,1,,,1,35,,10110,1,,,1,70,,10111,1,,,1
41001,'SatSun',619,,10112,1,,,1,30,,10113,1,,,1,70,,10114,1,,,1,30,,10115,1,,,1,70,,10116,1,,,1,30,,10117,1,,,1,70,,10118,1,,,1,30,,10119,1,,,1,70,,10120,1,,,1,30,,10121,1,,,1,70,,10122,1,,,1,30,,10123,1,,,1,70,,10124,1,,,1,30,,10125,1,,,1,70,,10126,1,,,1,30,,10127,1,,,1,70,,10128,1,,,1,30,,10129,1,,,1,70,,10130,1,,,1,30,,10131,1,,,1,70,,10132,1,,,1,30,,10133,1,,,1,70,,10134,1,,,1,30,,10135,1,,,1,70,,10136,1,,,1,30,,10137,1,,,1,70,,10138,1,,,1,28,,10139,1,,,1,70,,10140,1,,,1,30,,10141,1,,,1,65,,10142,1,,,1,35,,10143,1,,,1,70,,10144,1,,,1
41001,'Weekday',540,,10178,1,,,1,80,,10145,1,,,1,25,,10146,1,,,1,70,,10147,1,,,1,30,,10148,1,,,1,70,,10149,1,,,1,30,,10150,1,,,1,70,,10151,1,,,1,30,,10152,1,,,1,70,,10153,1,,,1,30,,10154,1,,,1,70,,10155,1,,,1,30,,10156,1,,,1,70,,10157,1,,,1,30,,10158,1,,,1,70,,10159,1,,,1,30,,10160,1,,,1,70,,10161,1,,,1,30,,10162,1,,,1,70,,10163,1,,,1,30,,10164,1,,,1,70,,10165,1,,,1,30,,10166,1,,,1,70,,10167,1,,,1,30,,10168,1,,,1,70,,10169,1,,,1,30,,10170,1,,,1,70,,10171,1,,,1,25,,10172,1,,,1,69,,10173,1,,,1,30,,10174,1,,,1,70,,10175,1,,,1,30,,10176,1,,,1,70,,10177,1,,,1,30,,10180,1,,,1,70,,10179,1,,,1,30,,10181,1,,,1,19,,10182,1,,,1,100,,10183,1,,,1
41900,'Canada Day',743,,10184,20,4,,1,70,,10185,20,4,,1,31,,10186,20,4,,1,70,,10187,20,4,,1,30,,10188,20,4,,1,70,,10189,20,4,,1,30,,10190,20,4,,1,70,,10191,20,4,,1,30,,10192,20,4,,1,70,,10193,20,4,,1,30,,10194,20,4,,1,70,,10195,20,4,,1,30,,10196,20,4,,1,70,,10197,20,4,,1,30,,10198,20,4,,1,70,,10199,20,4,,1,30,,10200,20,4,,1,70,,10201,20,4,,1,30,,10202,20,4,,1,69,,10203,20,4,,1,30,,10204,20,4,,1,70,,10205,20,4,,1,30,,10206,20,4,,1,70,,10207,20,4,,1,30,,10208,20,4,,1,70,,10209,20,4,,1
41900,'SatSun',743,,10210,20,4,,1,70,,10211,20,4,,1,31,,10212,20,4,,1,70,,10213,20,4,,1,30,,10214,20,4,,1,70,,10215,20,4,,1,30,,10216,20,4,,1,70,,10217,20,4,,1,30,,10218,20,4,,1,70,,10219,20,4,,1,30,,10220,20,4,,1,70,,10221,20,4,,1,30,,10222,20,4,,1,70,,10223,20,4,,1,30,,10224,20,4,,1,70,,10225,20,4,,1,30,,10226,20,4,,1,70,,10227,20,4,,1,30,,10228,20,4,,1,69,,10229,20,4,,1,30,,10230,20,4,,1,70,,10231,20,4,,1,30,,10232,20,4,,1,70,,10233,20,4,,1,30,,10234,20,4,,1,70,,10235,20,4,,1
41900,'Weekday',723,,10242,20,4,,1,31,,10243,20,4,,1,73,,10244,20,4,,1,30,,10245,20,4,,1,70,,10246,20,4,,1,29,,10247,20,4,,1,67,,10248,20,4,,1,32,,10249,20,4,,1,68,,10250,20,4,,1,30,,10251,20,4,,1,70,,10252,20,4,,1,32,,10253,20,4,,1,68,,10254,20,4,,1,33,,10255,20,4,,1,70,,10256,20,4,,1,32,,10257,20,4,,1,71,,10258,20,4,,1,30,,10259,20,4,,1,70,,10260,20,4,,1,73,,10261,20,4,,1,27,,10262,20,4,,1,30,,10263,20,4,,1,70,,10264,20,4,,1,30,,10265,20,4,,1,70,,10267,20,4,,1,30,,10266,20,4,,1,70,,10236,20,4,,1,30,,10237,20,4,,1,70,,10238,20,4,,1,30,,10239,20,4,,1,70,,10240,20,4,,1,82,,10241,20,4,,1
41901,'Canada Day',718,,10270,1,,,1,30,,10271,1,,,1,70,,10272,1,,,1,30,,10273,1,,,1,70,,10274,1,,,1,30,,10275,1,,,1,70,,10276,1,,,1,30,,10277,1,,,1,70,,10278,1,,,1,30,,10279,1,,,1,70,,10280,1,,,1,30,,10281,1,,,1,70,,10282,1,,,1,30,,10283,1,,,1,70,,10284,1,,,1,30,,10285,1,,,1,70,,10286,1,,,1,30,,10287,1,,,1,70,,10288,1,,,1,30,,10289,1,,,1,70,,10290,1,,,1,30,,10291,1,,,1,70,,10292,1,,,1,30,,10293,1,,,1,70,,10294,1,,,1,30,,10295,1,,,1
41901,'SatSun',718,,10298,1,,,1,30,,10299,1,,,1,70,,10300,1,,,1,30,,10301,1,,,1,70,,10302,1,,,1,30,,10303,1,,,1,70,,10304,1,,,1,30,,10305,1,,,1,70,,10306,1,,,1,30,,10307,1,,,1,70,,10308,1,,,1,30,,10309,1,,,1,70,,10310,1,,,1,30,,10311,1,,,1,70,,10312,1,,,1,30,,10313,1,,,1,70,,10314,1,,,1,30,,10315,1,,,1,70,,10316,1,,,1,30,,10317,1,,,1,70,,10318,1,,,1,30,,10319,1,,,1,70,,10320,1,,,1,30,,10321,1,,,1,70,,10322,1,,,1,30,,10323,1,,,1
41901,'Weekday',635,,10329,1,,,1,70,,10349,1,,,1,30,,10330,1,,,1,70,,10350,1,,,1,30,,10331,1,,,1,70,,10332,1,,,1,30,,10351,1,,,1,70,,10333,1,,,1,30,,10334,1,,,1,70,,10352,1,,,1,30,,10335,1,,,1,70,,10336,1,,,1,30,,10337,1,,,1,70,,10353,1,,,1,30,,10338,1,,,1,70,,10339,1,,,1,30,,10340,1,,,1,70,,10341,1,,,1,30,,10354,1,,,1,70,,10342,1,,,1,30,,10343,1,,,1,70,,10355,1,,,1,30,,10344,1,,,1,70,,10345,1,,,1,30,,10356,1,,,1,70,,10346,1,,,1,30,,10347,1,,,1,70,,10324,1,,,1,30,,10325,1,,,1,70,,10326,1,,,1,30,,10327,1,,,1,85,,10328,1,,,1
42300,'Weekday',724,,10490,44,4,,1,30,,10491,44,4,,1,72,,10492,44,4,,1,30,,10493,44,4,,1,70,,10494,44,4,,1,30,,10507,44,4,,1,70,,10508,44,4,,1,30,,10509,44,4,,1,68,,10501,44,4,,1,30,,10502,44,4,,1,70,,10503,44,4,,1,30,,10504,44,4,,1,70,,10506,44,4,,1,30,,10510,44,4,,1,70,,10511,44,4,,1,30,,10512,44,4,,1,72,,10505,44,4,,1,30,,10513,44,4,,1,70,,10495,44,4,,1,30,,10496,44,4,,1,70,,10497,44,4,,1,30,,10498,44,4,,1,70,,10499,44,4,,1,30,,10500,44,4,,1,65,,10514,44,4,,1,30,,10515,44,4,,1,70,,10516,44,4,,1
42301,'Weekday',609,,10517,1,,,1,30,,10518,1,,,1,70,,10519,1,,,1,21,,10527,1,,,1,70,,10528,1,,,1,30,,10529,1,,,1,70,,10537,1,,,1,30,,10538,1,,,1,70,,10539,1,,,1,30,,10540,1,,,1,70,,10541,1,,,1,30,,10531,1,,,1,70,,10532,1,,,1,30,,10533,1,,,1,70,,10534,1,,,1,30,,10536,1,,,1,70,,10542,1,,,1,30,,10535,1,,,1,70,,10543,1,,,1,30,,10530,1,,,1,70,,10520,1,,,1,30,,10521,1,,,1,75,,10522,1,,,1,25,,10523,1,,,1,70,,10524,1,,,1,30,,10525,1,,,1,70,,10526,1,,,1
