11800,'Weekday',632,,8068,8,,,1,70,,8087,8,,,1,30,,8079,8,,,1,70,,8077,8,,,1,30,,8090,8,,,1,70,,8075,8,,,1,30,,8076,8,,,1,70,,8082,8,,,1,30,,8069,8,,,1,70,,8085,8,,,1,24,,8071,8,,,1,27,,8088,8,,,1,66,,8072,8,,,1,30,,8065,8,,,1,70,,8086,8,,,1,30,,8064,8,,,1,70,,8080,8,,,1,30,,8067,8,,,1,70,,8073,8,,,1,31,,8089,8,,,1,70,,8083,8,,,1,30,,8070,8,,,1,70,,8081,8,,,1,36,,8074,8,,,1,75,,8084,8,,,1,24,,8066,8,,,1,68,,8078,8,,,1
90001,'Canada Day',525,,10982,50,,,1,25,,10983,50,,,1,75,,10984,50,,,1,30,,10985,50,,,1,80,,10987,50,,,1,66,,10989,50,,,1,26,,10991,50,,,1,30,,10993,50,,,1,79,,10995,50,,,1,77,,10997,50,,,1,30,,10999,50,,,1,65,,11001,50,,,1,30,,11003,50,,,1,70,,11005,50,,,1,30,,11007,50,,,1,70,,11009,50,,,1,30,,11011,50,,,1,70,,11013,50,,,1,25,,11015,50,,,1,70,,11017,50,,,1,30,,11019,50,,,1,70,,11021,50,,,1,40,,11024,50,,,1,70,,11026,50,,,1,30,,11028,50,,,1,70,,11030,50,,,1,30,,11032,50,,,1,70,,11034,50,,,1,23,,11036,50,,,1,70,,11038,50,,,1,30,,11040,50,,,1,69,,11042,50,,,1,45,,11044,50,,,1,70,,11045,50,,,1,30,,11046,50,,,1,70,,11047,50,,,1,30,,11048,50,,,1,70,,11049,50,,,1
90001,'Overnight',2302,,11050,50,,,1,30,,11051,50,,,1
90001,'SatSun',525,,11052,50,,,1,25,,11053,50,,,1,75,,11054,50,,,1,30,,11055,50,,,1,80,,11056,50,,,1,66,,11057,50,,,1,26,,11058,50,,,1,30,,11059,50,,,1,79,,11060,50,,,1,77,,11061,50,,,1,30,,11062,50,,,1,65,,11063,50,,,1,30,,11064,50,,,1,70,,11065,50,,,1,30,,11066,50,,,1,70,,11067,50,,,1,30,,11068,50,,,1,70,,11069,50,,,1,25,,11070,50,,,1,70,,11071,50,,,1,30,,11072,50,,,1,70,,11073,50,,,1,40,,11074,50,,,1,70,,11075,50,,,1,30,,11076,50,,,1,70,,11077,50,,,1,30,,11078,50,,,1,70,,11079,50,,,1,23,,11080,50,,,1,70,,11081,50,,,1,30,,11082,50,,,1,69,,11083,50,,,1,45,,11084,50,,,1,70,,11085,50,,,1,30,,11086,50,,,1,70,,11087,50,,,1,30,,11088,50,,,1,70,,11089,50,,,1
90001,'Weekday',517,,11200,50,,,1,36,,11131,50,,,1,70,,11132,50,,,1,24,,11120,50,,,1,64,,11133,50,,,1,24,,11137,50,,,1,24,,11138,50,,,1,64,,11139,50,,,1,24,,11122,50,,,1,64,,11140,50,,,1,29,,11141,50,,,1,64,,11142,50,,,1,24,,11143,50,,,1,24,,11144,50,,,1,64,,11145,50,,,1,24,,11123,50,,,1,18,,11146,50,,,1,65,,11147,50,,,1,24,,11148,50,,,1,64,,11124,50,,,1,24,,11149,50,,,1,24,,11150,50,,,1,64,,11151,50,,,1,24,,11125,50,,,1,64,,11152,50,,,1,24,,11153,50,,,1,24,,11154,50,,,1,64,,11155,50,,,1,24,,11156,50,,,1,64,,11126,50,,,1,24,,11157,50,,,1,24,,11158,50,,,1,64,,11159,50,,,1,24,,11127,50,,,1,58,,11160,50,,,1,24,,11161,50,,,1,24,,11162,50,,,1,64,,11130,50,,,1,24,,11163,50,,,1,64,,11164,50,,,1,24,,11134,50,,,1,24,,11135,50,,,1,64,,11128,50,,,1,24,,11136,50,,,1
91701,'Canada Day',819,,12901,62,0,55 56 57,1,30,,12902,62,0,55 56 57,1,70,,12903,62,0,55 56 57,1,30,,12904,62,0,55 56 57,1,70,,12905,62,0,55 56 57,1,30,,12906,62,0,55 56 57,1,70,,12907,62,0,55 56 57,1,30,,12908,62,0,55 56 57,1,70,,12909,62,0,55 56 57,1,30,,12910,62,0,55 56 57,1,70,,12911,62,0,55 56 57,1,30,,12912,62,0,55 56 57,1,70,,12913,62,0,55 56 57,1,33,,12914,62,0,55 56 57,1,70,,12915,62,0,55 56 57,1,33,,12916,62,0,55 56 57,1,70,,12917,62,0,55 56 57,1,30,,12918,62,0,55 56 57,1,70,,12919,62,0,55 56 57,1,30,,12920,62,0,55 56 57,1,70,,12921,62,0,55 56 57,1,27,,12922,62,0,55 56 57,1,72,,12923,62,0,55 56 57,1,30,,12924,62,0,55 56 57,1
91701,'SatSun',819,,12942,62,0,55 56 57,1,30,,12943,62,0,55 56 57,1,70,,12944,62,0,55 56 57,1,30,,12945,62,0,55 56 57,1,70,,12946,62,0,55 56 57,1,30,,12947,62,0,55 56 57,1,70,,12948,62,0,55 56 57,1,30,,12949,62,0,55 56 57,1,70,,12950,62,0,55 56 57,1,30,,12951,62,0,55 56 57,1,70,,12952,62,0,55 56 57,1,30,,12953,62,0,55 56 57,1,70,,12954,62,0,55 56 57,1,33,,12955,62,0,55 56 57,1,70,,12956,62,0,55 56 57,1,33,,12957,62,0,55 56 57,1,70,,12958,62,0,55 56 57,1,30,,12959,62,0,55 56 57,1,70,,12960,62,0,55 56 57,1,30,,12961,62,0,55 56 57,1,70,,12962,62,0,55 56 57,1,27,,12963,62,0,55 56 57,1,72,,12964,62,0,55 56 57,1,30,,12965,62,0,55 56 57,1
92001,'Weekday',1001,,13084,51,,,1,20,,13085,51,,,1,20,,13086,51,,,1,60,,13087,51,,,1,20,,13088,51,,,1,20,,13089,51,,,1,60,,13090,51,,,1,20,,13091,51,,,1,20,,13092,51,,,1,60,,13093,51,,,1,20,,13094,51,,,1,20,,13095,51,,,1,60,,13096,51,,,1,20,,13097,51,,,1,20,,13098,51,,,1,60,,13099,51,,,1,20,,13101,51,,,1,20,,13100,51,,,1,66,,13105,51,,,1,20,,13103,51,,,1,20,,13102,51,,,1,60,,13104,51,,,1,252,,13081,51,,,1,64,,13106,51,,,1,25,,13063,51,,,1,75,,13064,51,,,1,30,,13065,51,,,1,70,,13066,51,,,1,30,,13067,51,,,1,70,,13068,51,,,1
92101,'Weekday',558,,13131,18,,,1,60,,13126,18,,,1,20,,13134,18,,,1,20,,13130,18,,,1,68,,13142,18,,,1,20,,13127,18,,,1,60,,13141,18,,,1,20,,13129,18,,,1,10,,13145,18,,,1,10,,13133,18,,,1,60,,13144,18,,,1,20,,13143,18,,,1,20,,13136,18,,,1,769,,13128,18,,,1,20,,13140,18,,,1,20,,13139,18,,,1,60,,13137,18,,,1,20,,13132,18,,,1,20,,13138,18,,,1,60,,13135,18,,,1,25,,13125,18,,,1
1400000101,'Overnight',351,,13163,70,,,1,70,,13164,70,,,1,27,,13165,70,,,1,1952,,13168,70,,,1,30,,13166,70,,,1,28,,13167,70,,,1,72,,13170,70,,,1,28,,13172,70,,,1,70,,13169,70,,,1,30,,13174,70,,,1,63,,13175,70,,,1,30,,13173,70,,,1,70,,13176,70,,,1,27,,13171,70,,,1
