40501,'SatSun',628,,5085,,,1,30,,5086,,,1,70,,5087,,,1,30,,5088,,,1,70,,5089,,,1,30,,5090,,,1,70,,5091,,,1,30,,5092,,,1,70,,5093,,,1,30,,5094,,,1,70,,5095,,,1,30,,5096,,,1,70,,5097,,,1,30,,5098,,,1,70,,5099,,,1,30,,5100,,,1,70,,5101,,,1,30,,5102,,,1,70,,5103,,,1,30,,5104,,,1,70,,5105,,,1,30,,5106,,,1,70,,5107,,,1,30,,5108,,,1,70,,5109,,,1,30,,5110,,,1,70,,5111,,,1,30,,5112,,,1,70,,5113,,,1,30,,5114,,,1,70,,5115,,,1,30,,5116,,,1,70,,5117,,,1
40501,'Weekday',601,,5135,,,1,30,,5136,,,1,70,,5137,,,1,25,,5138,,,1,74,,5139,,,1,30,,5140,,,1,27,,5141,,,1,70,,5142,,,1,30,,5143,,,1,70,,5144,,,1,30,,5145,,,1,70,,5146,,,1,30,,5147,,,1,70,,5148,,,1,30,,5149,,,1,70,,5150,,,1,24,,5151,,,1,70,,5118,,,1,25,,5119,,,1,70,,5120,,,1,32,,5122,,,1,68,,5123,,,1,32,,5124,,,1,68,,5125,,,1,28,,5126,,,1,70,,5127,,,1,30,,5128,,,1,70,,5129,,,1,22,,5130,,,1,75,,5121,,,1,30,,5131,,,1,70,,5132,,,1,30,,5133,,,1,70,,5134,,,1
40700,'Weekday',608,,5186,0,29 16 17,1,22,,5187,,,1,78,,5188,0,29 16 17,1,13,,5189,,,1,83,,5190,0,29 16 17,1,30,,5191,,,1,69,,5192,0,29 16 17,1,27,,5193,,,1,73,,5194,0,29 16 17,1,27,,5195,,,1,73,,5196,0,29 16 17,1,14,,5197,,,1,32,,5198,0,29 16 17,1,67,,5199,,,1,33,,5200,0,29 16 17,1,77,,5201,,,1,33,,5202,0,29 16 17,1,67,,5203,,,1,33,,5204,0,29 16 17,1,67,,5205,,,1,83,,5206,0,29 16 17,1,17,,5207,,,1,84,,5208,0,29 16 17,1,16,,5209,,,1,84,,5210,0,29 16 17,1,26,,5211,,,1,74,,5212,0,29 16 17,1,26,,5213,,,1,80,,5214,,,1,20,,5215,,,1,70,,5216,,,1,30,,5217,,,1,70,,5185,,,1,30,,5218,,,1
41901,'SatSun',722,,5646,,,1,30,,5647,,,1,70,,5648,,,1,30,,5649,,,1,70,,5650,,,1,30,,5651,,,1,70,,5652,,,1,30,,5653,,,1,70,,5654,,,1,30,,5655,,,1,70,,5656,,,1,30,,5657,,,1,70,,5658,,,1,30,,5659,,,1,70,,5660,,,1,30,,5661,,,1,70,,5662,,,1,30,,5663,,,1,70,,5664,,,1,30,,5665,,,1,70,,5666,,,1,30,,5667,,,1,70,,5668,,,1,30,,5669,,,1,70,,5670,,,1,30,,5671,,,1
41901,'Weekday',639,,5677,,,1,70,,5697,,,1,30,,5678,,,1,70,,5698,,,1,30,,5679,,,1,70,,5680,,,1,30,,5699,,,1,70,,5681,,,1,30,,5682,,,1,70,,5700,,,1,30,,5683,,,1,70,,5684,,,1,30,,5685,,,1,70,,5701,,,1,30,,5686,,,1,70,,5687,,,1,30,,5688,,,1,70,,5689,,,1,30,,5702,,,1,70,,5690,,,1,30,,5691,,,1,70,,5703,,,1,30,,5692,,,1,70,,5693,,,1,30,,5704,,,1,70,,5694,,,1,30,,5695,,,1,70,,5672,,,1,30,,5673,,,1,70,,5674,,,1,30,,5675,,,1,85,,5676,,,1
91500,'SatSun',513,,7055,,,1,30,,7015,,,1,65,,7016,,,1,25,,7017,,,1,25,,7018,,,1,70,,7019,,,1,30,,7020,,,1,70,,7021,,,1,30,,7022,,,1,70,,7023,,,1,25,,7024,,,1,82,,7025,,,1,70,,7026,,,1,30,,7027,,,1,70,,7028,,,1,30,,7029,,,1,70,,7030,,,1,33,,7031,,,1,70,,7032,,,1,30,,7033,,,1,70,,7034,,,1,30,,7035,,,1,70,,7036,,,1,30,,7037,,,1,70,,7038,,,1,30,,7039,,,1,70,,7040,,,1,30,,7041,,,1,70,,7042,,,1,26,,7043,,,1,70,,7044,,,1,27,,7045,,,1,70,,7046,,,1,30,,7047,,,1,20,,7048,,,1,70,,7049,,,1,27,,7050,,,1,70,,7051,,,1,30,,7052,,,1,70,,7053,,,1,30,,7054,,,1
91500,'Weekday',430,,7056,,,1,80,,7057,,,1,30,,7058,,,1,70,,7059,,,1,34,,7060,,,1,65,,7061,,,1,20,,7062,,,1,20,,7063,,,1,60,,7064,,,1,20,,7065,,,1,20,,7066,,,1,60,,7067,,,1,20,,7068,,,1,20,,7069,,,1,60,,7070,,,1,20,,7071,,,1,20,,7072,,,1,59,,7073,,,1,20,,7074,,,1,20,,7075,,,1,60,,7076,,,1,20,,7077,,,1,20,,7078,,,1,60,,7079,,,1,20,,7080,,,1,20,,7081,,,1,60,,7082,,,1,20,,7083,,,1,20,,7084,,,1,60,,7085,,,1,26,,7086,,,1,22,,7087,,,1,63,,7088,,,1,19,,7089,,,1,20,,7090,,,1,66,,7091,,,1,20,,7092,,,1,60,,7093,,,1,22,,7094,,,1,20,,7095,,,1,57,,7096,,,1,23,,7097,,,1,17,,7098,,,1,16,,7099,,,1,63,,7100,,,1,25,,7101,,,1,70,,7102,,,1,30,,7103,,,1,70,,7104,,,1,27,,7105,,,1,68,,7106,,,1,30,,7107,,,1,70,,7108,,,1,30,,7109,,,1,70,,7110,,,1,30,,7111,,,1
91600,'Overnight',2255,,7199,,,1,70,,7200,,,1,30,,7201,,,1
91600,'SatSun',520,,7202,,,1,30,,7203,,,1,53,,7204,,,1,30,,7205,,,1,73,,7206,,,1,30,,7207,,,1,73,,7208,,,1,45,,7209,,,1,70,,7210,,,1,25,,7211,,,1,65,,7212,,,1,30,,7213,,,1,70,,7214,,,1,43,,7215,,,1,70,,7216,,,1,30,,7217,,,1,65,,7218,,,1,35,,7219,,,1,70,,7220,,,1,30,,7221,,,1,70,,7222,,,1,30,,7223,,,1,70,,7224,,,1,73,,7225,,,1,30,,7226,,,1,70,,7227,,,1,30,,7228,,,1,70,,7229,,,1,30,,7230,,,1,25,,7231,,,1,66,,7232,,,1,30,,7233,,,1,70,,7234,,,1,30,,7235,,,1,80,,7236,,,1
91600,'Weekday',508,,7237,,,1,30,,7238,,,1,70,,7239,,,1,30,,7240,,,1,72,,7241,,,1,20,,7242,,,1,20,,7243,,,1,60,,7244,,,1,23,,7245,,,1,20,,7246,,,1,60,,7247,,,1,20,,7248,,,1,20,,7249,,,1,60,,7250,,,1,20,,7251,,,1,19,,7252,,,1,60,,7253,,,1,20,,7254,,,1,20,,7255,,,1,60,,7256,,,1,20,,7257,,,1,20,,7258,,,1,60,,7259,,,1,20,,7260,,,1,20,,7261,,,1,60,,7262,,,1,20,,7263,,,1,20,,7264,,,1,60,,7265,,,1,3,,7286,,,1,17,,7266,,,1,20,,7267,,,1,67,,7268,,,1,18,,7269,,,1,64,,7270,,,1,20,,7271,,,1,20,,7272,,,1,65,,7273,,,1,20,,7274,,,1,20,,7275,,,1,60,,7276,,,1,12,,7277,,,1,20,,7278,,,1,20,,7279,,,1,65,,7280,,,1,25,,7281,,,1,69,,7282,,,1,30,,7283,,,1,70,,7284,,,1,30,,7285,,,1
