11801,'Weekday',613,,4049,,,1,32,,4050,,,1,68,,4035,,,1,30,,4056,,,1,70,,4061,,,1,30,,4039,,,1,70,,4044,,,1,30,,4060,,,1,70,,4059,,,1,30,,4043,,,1,70,,4038,,,1,30,,4040,,,1,70,,4062,,,1,30,,4052,,,1,73,,4055,,,1,24,,4036,,,1,71,,4058,,,1,23,,4046,,,1,76,,4037,,,1,25,,4041,,,1,71,,4048,,,1,30,,4045,,,1,73,,4054,,,1,35,,4053,,,1,70,,4057,,,1,25,,4051,,,1,70,,4042,,,1,30,,4047,,,1
21100,'Weekday',619,,4183,,,1,30,,4184,,,1,70,,4185,,,1,30,,4186,,,1,70,,4187,,,1,30,,4188,,,1,567,,4194,,,1,229,,4189,,,1,70,,4190,,,1,30,,4191,,,1,70,,4192,,,1,30,,4193,,,1
90000,'SatSun',531,,5999,,,1,70,,6000,,,1,30,,6001,,,1,70,,6002,,,1,15,,6035,,,1,15,,6003,,,1,18,,6036,,,1,5,,6004,,,1,57,,6037,,,1,13,,6005,,,1,5,,6038,,,1,27,,6006,,,1,3,,6039,,,1,56,,6007,,,1,14,,6040,,,1,16,,6008,,,1,14,,6041,,,1,61,,6042,,,1,6,,6009,,,1,22,,6043,,,1,56,,6010,,,1,14,,6044,,,1,16,,6011,,,1,14,,6045,,,1,56,,6012,,,1,19,,6046,,,1,16,,6013,,,1,19,,6047,,,1,48,,6014,,,1,17,,6048,,,1,16,,6015,,,1,14,,6049,,,1,51,,6016,,,1,14,,6050,,,1,16,,6017,,,1,14,,6051,,,1,56,,6018,,,1,14,,6052,,,1,16,,6019,,,1,14,,6053,,,1,56,,6020,,,1,19,,6054,,,1,11,,6021,,,1,14,,6055,,,1,56,,6022,,,1,14,,6056,,,1,15,,6057,,,1,6,,6023,,,1,16,,6058,,,1,56,,6024,,,1,14,,6059,,,1,16,,6025,,,1,18,,6026,,,1,55,,6060,,,1,15,,6027,,,1,15,,6061,,,1,15,,6028,,,1,55,,6029,,,1,17,,6062,,,1,15,,6030,,,1,55,,6063,,,1,17,,6031,,,1,13,,6064,,,1,21,,6032,,,1,79,,6033,,,1,70,,6034,,,1
90000,'Weekday',531,,6077,,,1,20,,6112,,,1,6,,6083,,,1,51,,6147,,,1,13,,6065,,,1,11,,6113,,,1,13,,6084,,,1,11,,6114,,,1,53,,6085,,,1,12,,6115,,,1,12,,6086,,,1,11,,6116,,,1,13,,6087,,,1,51,,6117,,,1,8,,6066,,,1,16,,6118,,,1,13,,6088,,,1,11,,6119,,,1,53,,6089,,,1,11,,6120,,,1,15,,6090,,,1,17,,6121,,,1,7,,6067,,,1,52,,6122,,,1,12,,6091,,,1,12,,6123,,,1,12,,6092,,,1,12,,6124,,,1,52,,6093,,,1,12,,6125,,,1,12,,6068,,,1,12,,6126,,,1,12,,6094,,,1,56,,6127,,,1,8,,6095,,,1,16,,6128,,,1,8,,6096,,,1,12,,6129,,,1,52,,6097,,,1,12,,6130,,,1,12,,6098,,,1,13,,6131,,,1,11,,6069,,,1,53,,6132,,,1,11,,6099,,,1,13,,6133,,,1,11,,6100,,,1,53,,6134,,,1,11,,6101,,,1,13,,6135,,,1,11,,6102,,,1,13,,6136,,,1,11,,6070,,,1,53,,6137,,,1,11,,6103,,,1,13,,6138,,,1,11,,6104,,,1,53,,6139,,,1,11,,6105,,,1,13,,6140,,,1,11,,6071,,,1,13,,6141,,,1,11,,6106,,,1,53,,6073,,,1,11,,6107,,,1,13,,6142,,,1,11,,6108,,,1,53,,6143,,,1,11,,6109,,,1,13,,6144,,,1,11,,6110,,,1,13,,6074,,,1,11,,6111,,,1,53,,6145,,,1,11,,6072,,,1,13,,6146,,,1,6,,6078,,,1,62,,6079,,,1,24,,6080,,,1,24,,6081,,,1,64,,6082,,,1,24,,6075,,,1,64,,6076,,,1
91600,'Overnight',2206,,7199,,,1,30,,7200,,,1,70,,7201,,,1
91600,'SatSun',759,,7209,,,1,70,,7210,,,1,25,,7211,,,1,65,,7212,,,1,30,,7213,,,1,70,,7214,,,1,39,,7215,,,1,70,,7216,,,1,30,,7217,,,1,65,,7218,,,1,35,,7219,,,1,70,,7220,,,1,30,,7221,,,1,70,,7222,,,1,30,,7223,,,1,70,,7224,,,1,73,,7225,,,1,30,,7226,,,1,70,,7227,,,1,30,,7228,,,1,70,,7229,,,1,30,,7230,,,1,69,,7231,,,1,26,,7232,,,1,30,,7233,,,1,70,,7234,,,1,30,,7235,,,1,80,,7236,,,1
91600,'Weekday',413,,7237,,,1,30,,7238,,,1,70,,7239,,,1,30,,7240,,,1,71,,7241,,,1,20,,7242,,,1,20,,7243,,,1,60,,7244,,,1,20,,7245,,,1,20,,7246,,,1,60,,7247,,,1,20,,7248,,,1,20,,7249,,,1,60,,7250,,,1,20,,7251,,,1,20,,7252,,,1,60,,7253,,,1,20,,7254,,,1,20,,7255,,,1,60,,7256,,,1,20,,7257,,,1,20,,7258,,,1,60,,7259,,,1,20,,7260,,,1,20,,7261,,,1,60,,7262,,,1,20,,7263,,,1,20,,7264,,,1,60,,7265,,,1,20,,7266,,,1,20,,7267,,,1,62,,7268,,,1,18,,7269,,,1,20,,7270,,,1,60,,7271,,,1,20,,7272,,,1,25,,7273,,,1,60,,7274,,,1,20,,7275,,,1,20,,7276,,,1,60,,7277,,,1,20,,7278,,,1,20,,7279,,,1,65,,7280,,,1,25,,7281,,,1,70,,7282,,,1,30,,7283,,,1,70,,7284,,,1,30,,7285,,,1
91701,'Overnight',2230,,7464,,,1,70,,7465,,,1
91701,'SatSun',518,,7466,,,1,27,,7467,,,1,67,,7469,,,1,35,,7468,,,1,64,,7470,,,1,30,,7471,,,1,68,,7472,,,1,30,,7473,,,1,70,,7474,,,1,30,,7475,,,1,70,,7476,,,1,30,,7477,,,1,70,,7478,,,1,30,,7479,,,1,70,,7480,,,1,30,,7481,,,1,70,,7482,,,1,30,,7483,,,1,70,,7484,,,1,30,,7485,,,1,70,,7486,,,1,30,,7487,,,1,70,,7488,,,1,30,,7489,,,1,70,,7490,,,1,30,,7491,,,1,70,,7492,,,1,30,,7493,,,1,70,,7494,,,1,30,,7495,,,1,75,,7496,,,1,30,,7497,,,1,70,,7498,,,1,25,,7499,,,1,70,,7500,,,1,28,,7501,,,1,70,,7502,,,1,25,,7503,,,1
91701,'Weekday',447,,7534,,,1,70,,7527,,,1,30,,7517,,,1,76,,7539,,,1,30,,7529,,,1,70,,7544,,,1,34,,7510,,,1,70,,7521,,,1,30,,7506,,,1,79,,7538,,,1,70,,7532,,,1,30,,7505,,,1,70,,7508,,,1,32,,7543,,,1,75,,7536,,,1,30,,7525,,,1,66,,7523,,,1,40,,7512,,,1,70,,7519,,,1,30,,7531,,,1,70,,7528,,,1,28,,7513,,,1,70,,7535,,,1,30,,7507,,,1,70,,7522,,,1,25,,7530,,,1,76,,7509,,,1,30,,7540,,,1,70,,7541,,,1,30,,7533,,,1,70,,7526,,,1,30,,7511,,,1,70,,7524,,,1,30,,7514,,,1,70,,7515,,,1,30,,7516,,,1,61,,7537,,,1,30,,7518,,,1
92000,'Weekday',651,,7556,,,1,65,,7557,,,1,15,,7558,,,1,20,,7559,,,1,60,,7560,,,1,20,,7561,,,1,25,,7562,,,1,55,,7563,,,1,20,,7564,,,1,19,,7572,,,1,60,,7573,,,1,20,,7574,,,1,20,,7575,,,1,60,,7576,,,1,10,,7594,,,1,10,,7577,,,1,15,,7578,,,1,60,,7579,,,1,20,,7580,,,1,20,,7581,,,1,60,,7582,,,1,20,,7583,,,1,24,,7584,,,1,60,,7585,,,1,20,,7586,,,1,20,,7587,,,1,60,,7588,,,1,21,,7589,,,1,20,,7590,,,1,60,,7591,,,1,1,,7565,,,1,19,,7592,,,1,11,,7566,,,1,70,,7568,,,1,15,,7567,,,1,5,,7569,,,1,20,,7570,,,1,60,,7571,,,1,123,,7593,,,1,20,,7545,,,1,55,,7546,,,1,25,,7547,,,1,75,,7548,,,1,25,,7549,,,1,70,,7550,,,1,30,,7551,,,1,70,,7552,,,1,30,,7553,,,1,25,,7554,,,1,75,,7555,,,1
92100,'Weekday',650,,7663,,,1,50,,7651,,,1,20,,7656,,,1,20,,7647,,,1,60,,7660,,,1,20,,7654,,,1,20,,7658,,,1,60,,7652,,,1,14,,7653,,,1,738,,7649,,,1,55,,7659,,,1,20,,7646,,,1,20,,7657,,,1,62,,7655,,,1,20,,7648,,,1,20,,7650,,,1,60,,7661,,,1,16,,7662,,,1
1400000100,'Overnight',305,,7685,,,1,30,,7686,,,1,23,,7687,,,1,70,,7688,,,1,30,,7689,,,1,1879,,7698,,,1,68,,7690,,,1,34,,7697,,,1,75,,7695,,,1,21,,7699,,,1,70,,7694,,,1,30,,7692,,,1,70,,7691,,,1,30,,7693,,,1,71,,7700,,,1,22,,7696,,,1,30,,7701,,,1
