30100,'Weekday',608,,8789,1,,,1,30,,8787,1,,,1,70,,8791,1,,,1,31,,8792,1,,,1,78,,8783,1,,,1,93,,8771,1,,,1,30,,8772,1,,,1,70,,8773,1,,,1,28,,8774,1,,,1,70,,8775,1,,,1,32,,8776,1,,,1,65,,8777,1,,,1,35,,8778,1,,,1,70,,8779,1,,,1,30,,8780,1,,,1,70,,8781,1,,,1,30,,8782,1,,,1,70,,8786,1,,,1,45,,8784,1,,,1,82,,8793,1,,,1,70,,8795,1,,,1,30,,8794,1,,,1,70,,8790,1,,,1,30,,8785,1,,,1,85,,8796,1,,,1
30101,'Weekday',529,,8816,27,4,,1,75,,8823,27,4,,1,43,,8820,27,4,,1,70,,8814,27,4,,1,30,,8822,27,4,,1,81,,8815,27,4,,1,78,,8798,27,4,,1,44,,8799,27,4,,1,70,,8800,27,4,,1,30,,8801,27,4,,1,68,,8802,27,4,,1,30,,8803,27,4,,1,72,,8804,27,4,,1,25,,8805,27,4,,1,75,,8806,27,4,,1,30,,8807,27,4,,1,70,,8808,27,4,,1,30,,8809,27,4,,1,70,,8810,27,4,,1,30,,8811,27,4,,1,85,,8813,27,4,,1,82,,8821,27,4,,1,30,,8818,27,4,,1,70,,8812,27,4,,1,30,,8817,27,4,,1,70,,8819,27,4,,1
30200,'Canada Day',625,,8824,1,,,1,30,,8825,1,,,1,70,,8826,1,,,1,30,,8827,1,,,1,70,,8828,1,,,1,30,,8829,1,,,1,70,,8830,1,,,1,30,,8831,1,,,1,70,,8832,1,,,1,30,,8833,1,,,1,70,,8834,1,,,1,30,,8835,1,,,1,70,,8836,1,,,1,30,,8837,1,,,1,70,,8838,1,,,1,30,,8839,1,,,1,70,,8840,1,,,1,30,,8841,1,,,1,70,,8842,1,,,1,30,,8843,1,,,1,70,,8844,1,,,1,30,,8845,1,,,1,70,,8846,1,,,1,30,,8847,1,,,1,70,,8848,1,,,1,30,,8849,1,,,1,70,,8850,1,,,1,30,,8851,1,,,1,70,,8852,1,,,1,30,,8853,1,,,1,70,,8854,1,,,1,30,,8855,1,,,1,80,,8856,1,,,1,20,,8857,1,,,1
30200,'SatSun',625,,8858,1,,,1,30,,8859,1,,,1,70,,8860,1,,,1,30,,8861,1,,,1,70,,8862,1,,,1,30,,8863,1,,,1,70,,8864,1,,,1,30,,8865,1,,,1,70,,8866,1,,,1,30,,8867,1,,,1,70,,8868,1,,,1,30,,8869,1,,,1,70,,8870,1,,,1,30,,8871,1,,,1,70,,8872,1,,,1,30,,8873,1,,,1,70,,8874,1,,,1,30,,8875,1,,,1,70,,8876,1,,,1,30,,8877,1,,,1,70,,8878,1,,,1,30,,8879,1,,,1,70,,8880,1,,,1,30,,8881,1,,,1,70,,8882,1,,,1,30,,8883,1,,,1,70,,8884,1,,,1,30,,8885,1,,,1,70,,8886,1,,,1,30,,8887,1,,,1,70,,8888,1,,,1,30,,8889,1,,,1,80,,8890,1,,,1,20,,8891,1,,,1
30200,'Weekday',523,,8894,1,,,1,30,,8895,1,,,1,70,,8896,1,,,1,15,,8930,1,0,5 16 17,1,15,,8897,1,,,1,55,,8931,1,0,5 16 17,1,15,,8898,1,,,1,15,,8932,1,0,5 16 17,1,17,,8899,1,,,1,68,,8900,1,,,1,30,,8901,1,,,1,70,,8902,1,,,1,30,,8903,1,,,1,70,,8904,1,,,1,30,,8905,1,,,1,70,,8906,1,,,1,30,,8907,1,,,1,70,,8908,1,,,1,30,,8909,1,,,1,70,,8910,1,,,1,30,,8911,1,,,1,70,,8912,1,,,1,30,,8913,1,,,1,70,,8914,1,,,1,30,,8915,1,,,1,55,,8933,1,0,5 16 17,1,15,,8916,1,,,1,15,,8934,1,0,5 16 17,1,15,,8917,1,,,1,54,,8935,1,0,5 16 17,1,10,,8918,1,,,1,15,,8936,1,0,5 16 17,1,15,,8919,1,,,1,55,,8937,1,0,5 16 17,1,15,,8920,1,,,1,15,,8938,1,0,5 16 17,1,21,,8921,1,,,1,70,,8922,1,,,1,30,,8923,1,,,1,70,,8924,1,,,1,30,,8925,1,,,1,70,,8926,1,,,1,30,,8927,1,,,1,70,,8928,1,,,1,30,,8929,1,,,1
30201,'Canada Day',632,,8939,51,4,,1,70,,8940,51,4,,1,30,,8941,51,4,,1,70,,8942,51,4,,1,30,,8943,51,4,,1,70,,8944,51,4,,1,30,,8945,51,4,,1,70,,8946,51,4,,1,32,,8947,51,4,,1,70,,8948,51,4,,1,30,,8949,51,4,,1,70,,8950,51,4,,1,30,,8951,51,4,,1,70,,8952,51,4,,1,30,,8953,51,4,,1,70,,8954,51,4,,1,30,,8955,51,4,,1,70,,8956,51,4,,1,30,,8957,51,4,,1,70,,8958,51,4,,1,30,,8959,51,4,,1,70,,8960,51,4,,1,30,,8961,51,4,,1,70,,8962,51,4,,1,30,,8963,51,4,,1,68,,8964,51,4,,1,30,,8965,51,4,,1,70,,8966,51,4,,1,30,,8967,51,4,,1,70,,8968,51,4,,1,30,,8969,51,4,,1,70,,8970,51,4,,1,30,,8971,51,4,,1
30201,'SatSun',632,,8972,51,4,,1,70,,8973,51,4,,1,30,,8974,51,4,,1,70,,8975,51,4,,1,30,,8976,51,4,,1,70,,8977,51,4,,1,30,,8978,51,4,,1,70,,8979,51,4,,1,32,,8988,51,4,,1,70,,8989,51,4,,1,30,,8990,51,4,,1,70,,8991,51,4,,1,30,,8992,51,4,,1,70,,8993,51,4,,1,30,,8994,51,4,,1,70,,8995,51,4,,1,30,,8996,51,4,,1,70,,8997,51,4,,1,30,,8998,51,4,,1,70,,8999,51,4,,1,30,,9000,51,4,,1,70,,9001,51,4,,1,30,,9002,51,4,,1,70,,9003,51,4,,1,30,,9004,51,4,,1,68,,8980,51,4,,1,30,,8981,51,4,,1,70,,8982,51,4,,1,30,,8983,51,4,,1,70,,8984,51,4,,1,30,,8985,51,4,,1,70,,8986,51,4,,1,30,,8987,51,4,,1
30201,'Weekday',501,,9005,51,4,,1,32,,9006,51,4,,1,75,,9007,51,4,,1,30,,9008,51,4,,1,20,,9041,50,4,,1,50,,9009,51,4,,1,20,,9042,50,4,,1,10,,9010,51,4,,1,20,,9043,50,4,,1,50,,9011,51,4,,1,20,,9044,50,4,,1,10,,9012,51,4,,1,20,,9045,50,4,,1,50,,9013,51,4,,1,20,,9046,50,4,,1,10,,9014,51,4,,1,67,,9015,51,4,,1,30,,9016,51,4,,1,70,,9017,51,4,,1,30,,9018,51,4,,1,70,,9019,51,4,,1,30,,9020,51,4,,1,70,,9021,51,4,,1,28,,9022,51,4,,1,70,,9023,51,4,,1,30,,9024,51,4,,1,70,,9025,51,4,,1,34,,9026,51,4,,1,20,,9047,50,4,,1,50,,9027,51,4,,1,20,,9048,50,4,,1,10,,9028,51,4,,1,20,,9049,50,4,,1,50,,9029,51,4,,1,20,,9050,50,4,,1,10,,9030,51,4,,1,20,,9051,50,4,,1,50,,9031,51,4,,1,20,,9052,50,4,,1,10,,9032,51,4,,1,20,,9053,50,4,,1,46,,9033,51,4,,1,27,,9034,51,4,,1,70,,9035,51,4,,1,34,,9036,51,4,,1,66,,9037,51,4,,1,30,,9038,51,4,,1,70,,9039,51,4,,1,30,,9040,51,4,,1
30600,'Weekday',610,,9054,1,,,1,25,,9054,29,4,,1,5,,9055,1,,,1,65,,9055,29,4,,1,5,,9056,1,,,1,25,,9056,29,4,,1,5,,9057,1,,,1,70,,9057,29,4,,1,5,,9058,1,,,1,25,,9058,29,4,,1,5,,9059,1,,,1,65,,9059,29,4,,1
30601,'Weekday',1621,,9060,1,,,1,26,,9060,27,4,,1,5,,9061,1,,,1,68,,9061,27,4,,1,2,,9062,1,,,1,28,,9062,27,4,,1,2,,9063,1,,,1,68,,9063,27,4,,1,2,,9064,1,,,1,28,,9064,27,4,,1,2,,9065,1,,,1,68,,9065,27,4,,1
31501,'Weekday',615,,9069,1,,,1,11,,9069,11,4,,1,19,,9076,1,,,1,11,,9076,11,4,,1,59,,9075,1,,,1,11,,9075,11,4,,1,19,,9073,1,,,1,11,,9073,11,4,,1,59,,9072,1,,,1,11,,9072,11,4,,1,19,,9071,1,,,1,11,,9071,11,4,,1,752,,9074,1,,,1,11,,9074,11,4,,1,19,,9066,1,,,1,11,,9066,11,4,,1,53,,9068,1,,,1,11,,9068,11,4,,1,19,,9070,1,,,1,11,,9070,11,4,,1,59,,9067,1,,,1,11,,9067,11,4,,1,28,,9077,1,,,1,11,,9077,11,4,,1
31900,'Weekday',627,,9103,1,,,1,28,,9101,1,,,1,72,,9098,1,,,1,28,,9096,1,,,1,75,,9104,1,,,1,29,,9078,1,,,1,64,,9079,1,,,1,30,,9080,1,,,1,70,,9081,1,,,1,30,,9082,1,,,1,67,,9083,1,,,1,35,,9084,1,,,1,68,,9085,1,,,1,27,,9086,1,,,1,73,,9087,1,,,1,30,,9088,1,,,1,72,,9089,1,,,1,28,,9090,1,,,1,70,,9093,1,,,1,30,,9091,1,,,1,69,,9094,1,,,1,30,,9095,1,,,1,70,,9100,1,,,1,30,,9097,1,,,1,70,,9099,1,,,1,33,,9092,1,,,1,70,,9102,1,,,1
31901,'Weekday',559,,9130,33,4,,1,72,,9119,33,4,,1,72,,9125,33,4,,1,28,,9129,33,4,,1,72,,9122,33,4,,1,28,,9126,33,4,,1,75,,9133,33,4,,1,29,,9105,33,4,,1,68,,9106,33,4,,1,30,,9107,33,4,,1,70,,9108,33,4,,1,30,,9109,33,4,,1,67,,9110,33,4,,1,35,,9111,33,4,,1,68,,9112,33,4,,1,27,,9113,33,4,,1,73,,9114,33,4,,1,30,,9115,33,4,,1,72,,9116,33,4,,1,28,,9131,33,4,,1,72,,9128,33,4,,1,28,,9118,33,4,,1,69,,9121,33,4,,1,30,,9120,33,4,,1,70,,9117,33,4,,1,30,,9123,33,4,,1,70,,9127,33,4,,1,33,,9124,33,4,,1,70,,9132,33,4,,1
39200,'Weekday',616,,9134,9,4,,1,42,,9136,9,4,,1,70,,9155,9,4,,1,25,,9160,9,4,,1,75,,9151,9,4,,1,29,,9138,9,4,,1,70,,9135,9,4,,1,30,,9142,9,4,,1,70,,9143,9,4,,1,79,,9157,9,4,,1,30,,9146,9,4,,1,70,,9141,9,4,,1,30,,9147,9,4,,1,72,,9152,9,4,,1,30,,9145,9,4,,1,70,,9154,9,4,,1,30,,9140,9,4,,1,70,,9158,9,4,,1,30,,9139,9,4,,1,68,,9156,9,4,,1,25,,9150,9,4,,1,70,,9137,9,4,,1,30,,9144,9,4,,1,70,,9159,9,4,,1,30,,9149,9,4,,1,70,,9153,9,4,,1,30,,9148,9,4,,1
39201,'Weekday',643,,9168,1,,,1,70,,9165,1,,,1,25,,9185,1,,,1,75,,9164,1,,,1,29,,9170,1,,,1,70,,9184,1,,,1,30,,9183,1,,,1,70,,9181,1,,,1,39,,9161,1,,,1,70,,9166,1,,,1,30,,9186,1,,,1,70,,9178,1,,,1,32,,9175,1,,,1,70,,9162,1,,,1,30,,9172,1,,,1,70,,9167,1,,,1,30,,9180,1,,,1,70,,9174,1,,,1,28,,9169,1,,,1,65,,9176,1,,,1,30,,9173,1,,,1,70,,9163,1,,,1,30,,9182,1,,,1,70,,9171,1,,,1,30,,9179,1,,,1,70,,9177,1,,,1
90500,'Canada Day',612,,11970,1,0,5 19,1,30,,11971,1,0,7 20 21,1,70,,11972,1,0,7 20 21,1,30,,11973,1,0,5 19,1,70,,11974,1,0,7 20 21,1,30,,11975,1,0,7 20 21,1,68,,11976,1,0,5 19,1,30,,11977,1,0,7 20 21,1,70,,11978,1,0,7 20 21,1,30,,11979,1,0,5 19,1,70,,11980,1,0,7 20 21,1,30,,11981,1,0,7 20 21,1,70,,11982,1,0,5 19,1,30,,11983,1,0,7 20 21,1,70,,11984,1,0,7 20 21,1,30,,11985,1,0,5 19,1,70,,11986,1,0,7 20 21,1,30,,11987,1,0,7 20 21,1,70,,11988,1,0,5 19,1,30,,11989,1,0,7 20 21,1,70,,11990,1,0,7 20 21,1,30,,11991,1,0,5 19,1,70,,11992,1,0,7 20 21,1,30,,11993,1,0,7 20 21,1,70,,11994,1,0,5 19,1,30,,11995,1,0,7 20 21,1,70,,11996,1,0,7 20 21,1,30,,11997,1,0,5 19,1,70,,11998,1,0,7 20 21,1,30,,11999,1,0,7 20 21,1,70,,12000,1,0,5 19,1,30,,12001,1,0,7 20 21,1,70,,12002,1,0,7 20 21,1,30,,12003,1,0,5 19,1,82,,12004,1,0,7 20 21,1
90500,'SatSun',612,,12005,1,0,5 19,1,30,,12017,1,0,7 20 21,1,70,,12018,1,0,7 20 21,1,30,,12006,1,0,5 19,1,70,,12019,1,0,7 20 21,1,30,,12020,1,0,7 20 21,1,68,,12007,1,0,5 19,1,30,,12021,1,0,7 20 21,1,70,,12022,1,0,7 20 21,1,30,,12008,1,0,5 19,1,70,,12023,1,0,7 20 21,1,30,,12024,1,0,7 20 21,1,70,,12009,1,0,5 19,1,30,,12025,1,0,7 20 21,1,70,,12026,1,0,7 20 21,1,30,,12010,1,0,5 19,1,70,,12027,1,0,7 20 21,1,30,,12028,1,0,7 20 21,1,70,,12011,1,0,5 19,1,30,,12029,1,0,7 20 21,1,70,,12030,1,0,7 20 21,1,30,,12012,1,0,5 19,1,70,,12031,1,0,7 20 21,1,30,,12032,1,0,7 20 21,1,70,,12013,1,0,5 19,1,30,,12033,1,0,7 20 21,1,70,,12034,1,0,7 20 21,1,30,,12014,1,0,5 19,1,70,,12035,1,0,7 20 21,1,30,,12036,1,0,7 20 21,1,70,,12015,1,0,5 19,1,30,,12037,1,0,7 20 21,1,70,,12038,1,0,7 20 21,1,30,,12016,1,0,5 19,1,82,,12039,1,0,7 20 21,1,18,,12040,1,0,7 20 21,1,70,,12041,1,0,7 20 21,1
90500,'Weekday',549,,12065,1,0,5 19,1,71,,12042,1,0,7 20 21,1,30,,12043,1,0,7 20 21,1,55,,12077,1,0,54 20 21,1,14,,12066,1,0,5 19,1,16,,12078,1,0,54 20 21,1,15,,12044,1,0,7 20 21,1,55,,12079,1,0,54 20 21,1,15,,12045,1,0,7 20 21,1,15,,12080,1,0,54 20 21,1,14,,12067,1,0,5 19,1,56,,12081,1,0,54 20 21,1,15,,12046,1,0,7 20 21,1,15,,12082,1,0,54 20 21,1,15,,12047,1,0,7 20 21,1,55,,12083,1,0,54 20 21,1,14,,12068,1,0,5 19,1,16,,12084,1,0,54 20 21,1,15,,12048,1,0,7 20 21,1,55,,12085,1,0,54 20 21,1,15,,12049,1,0,7 20 21,1,15,,12086,1,0,54 20 21,1,14,,12069,1,0,5 19,1,55,,12087,1,0,54 20 21,1,14,,12050,1,0,7 20 21,1,16,,12088,1,0,54 20 21,1,14,,12051,1,0,7 20 21,1,56,,12089,1,0,54 20 21,1,22,,12070,1,0,5 19,1,15,,12090,1,0,54 20 21,1,15,,12052,1,0,7 20 21,1,55,,12091,1,0,54 20 21,1,15,,12053,1,0,7 20 21,1,11,,12092,1,0,54 20 21,1,19,,12071,1,0,5 19,1,55,,12093,1,0,54 20 21,1,15,,12054,1,0,7 20 21,1,15,,12094,1,0,54 20 21,1,15,,12055,1,0,7 20 21,1,55,,12095,1,0,54 20 21,1,15,,12072,1,0,5 19,1,15,,12096,1,0,54 20 21,1,15,,12056,1,0,7 20 21,1,55,,12097,1,0,54 20 21,1,15,,12057,1,0,7 20 21,1,15,,12098,1,0,54 20 21,1,15,,12073,1,0,5 19,1,53,,12099,1,0,54 20 21,1,17,,12058,1,0,7 20 21,1,30,,12059,1,0,7 20 21,1,70,,12074,1,0,5 19,1,30,,12060,1,0,7 20 21,1,70,,12061,1,0,7 20 21,1,30,,12075,1,0,5 19,1,70,,12062,1,0,7 20 21,1,30,,12063,1,0,7 20 21,1,70,,12076,1,0,5 19,1,30,,12064,1,0,7 20 21,1,70,,12100,1,0,7 20 21,1,30,,12101,1,0,7 20 21,1,70,,12102,1,0,7 20 21,1
90501,'Canada Day',620,,12103,43,4,,1,30,,12104,43,4,,1,68,,12105,79,4,,1,30,,12106,43,4,,1,70,,12107,43,4,,1,30,,12108,79,4,,1,70,,12109,43,4,,1,30,,12110,43,4,,1,70,,12111,79,4,,1,32,,12112,43,4,,1,70,,12113,43,4,,1,28,,12114,79,4,,1,72,,12115,43,4,,1,30,,12116,43,4,,1,69,,12117,79,4,,1,32,,12118,43,4,,1,70,,12119,43,4,,1,28,,12120,79,4,,1,72,,12121,43,4,,1,30,,12122,43,4,,1,68,,12123,79,4,,1,32,,12124,43,4,,1,70,,12125,43,4,,1,28,,12126,79,4,,1,70,,12127,43,4,,1,29,,12128,43,4,,1,70,,12129,79,4,,1,30,,12130,43,4,,1,70,,12131,43,4,,1,30,,12132,79,4,,1,70,,12133,43,4,,1,30,,12134,43,4,,1,81,,12135,79,4,,1,19,,12137,43,4,,1,70,,12136,43,4,,1,112,,12138,43,4,,1
90501,'SatSun',620,,12150,43,4,,1,30,,12151,43,4,,1,68,,12139,79,4,,1,30,,12152,43,4,,1,70,,12153,43,4,,1,30,,12140,79,4,,1,70,,12154,43,4,,1,30,,12155,43,4,,1,70,,12141,79,4,,1,32,,12156,43,4,,1,70,,12157,43,4,,1,28,,12142,79,4,,1,72,,12158,43,4,,1,30,,12159,43,4,,1,69,,12143,79,4,,1,32,,12166,43,4,,1,70,,12167,43,4,,1,28,,12144,79,4,,1,72,,12168,43,4,,1,30,,12169,43,4,,1,68,,12145,79,4,,1,32,,12170,43,4,,1,70,,12171,43,4,,1,28,,12146,79,4,,1,70,,12172,43,4,,1,29,,12160,43,4,,1,70,,12147,79,4,,1,30,,12161,43,4,,1,70,,12162,43,4,,1,30,,12148,79,4,,1,70,,12163,43,4,,1,30,,12164,43,4,,1,85,,12149,79,4,,1,15,,12165,43,4,,1,70,,12173,43,4,,1,32,,12174,43,4,,1,80,,12175,43,4,,1,20,,12176,43,4,,1
90501,'Weekday',604,,12188,43,4,,1,30,,12189,43,4,,1,74,,12177,79,4,,1,11,,12213,35,4,,1,15,,12190,43,4,,1,17,,12214,35,4,,1,53,,12191,43,4,,1,15,,12215,35,4,,1,19,,12178,79,4,,1,11,,12216,35,4,,1,55,,12192,43,4,,1,15,,12217,35,4,,1,15,,12193,43,4,,1,15,,12218,35,4,,1,59,,12179,79,4,,1,11,,12219,35,4,,1,15,,12194,43,4,,1,15,,12220,35,4,,1,55,,12195,43,4,,1,15,,12221,35,4,,1,15,,12180,79,4,,1,15,,12222,35,4,,1,55,,12196,43,4,,1,15,,12223,35,4,,1,15,,12197,43,4,,1,15,,12224,35,4,,1,55,,12181,79,4,,1,14,,12225,35,4,,1,14,,12198,43,4,,1,16,,12226,35,4,,1,54,,12199,43,4,,1,16,,12227,35,4,,1,23,,12182,79,4,,1,14,,12228,35,4,,1,55,,12200,43,4,,1,15,,12229,35,4,,1,15,,12201,43,4,,1,15,,12230,35,4,,1,55,,12183,79,4,,1,19,,12231,35,4,,1,15,,12202,43,4,,1,15,,12232,35,4,,1,55,,12203,43,4,,1,15,,12238,35,4,,1,15,,12184,79,4,,1,15,,12233,35,4,,1,55,,12204,43,4,,1,15,,12234,35,4,,1,15,,12205,43,4,,1,15,,12235,35,4,,1,55,,12185,79,4,,1,30,,12206,43,4,,1,70,,12207,43,4,,1,30,,12186,79,4,,1,70,,12208,43,4,,1,30,,12209,43,4,,1,70,,12187,79,4,,1,30,,12210,43,4,,1,70,,12211,43,4,,1,19,,12212,79,4,,1,81,,12236,43,4,,1,30,,12237,43,4,,1
91700,'Canada Day',507,,12772,22,,,1,95,,12773,22,,,1,30,,12774,22,,,1,68,,12775,35,,,1,30,,12776,35,,,1,70,,12777,35,,,1,30,,12778,35,,,1,70,,12779,35,,,1,34,,12780,49,,,1,70,,12781,49,,,1,30,,12782,49,,,1,70,,12783,49,,,1,30,,12784,49,,,1,70,,12785,49,,,1,27,,12786,49,,,1,73,,12787,49,,,1,30,,12788,49,,,1,67,,12789,49,,,1,33,,12790,49,,,1,68,,12791,49,,,1,32,,12792,49,,,1,70,,12793,49,,,1,30,,12794,49,,,1,70,,12795,49,,,1,30,,12796,49,,,1,70,,12797,49,,,1,30,,12798,49,,,1,70,,12799,49,,,1,30,,12800,49,,,1,70,,12801,49,,,1,30,,12802,49,,,1,70,,12803,49,,,1,28,,12804,35,,,1,70,,12805,35,,,1,25,,12806,35,,,1,30,,12807,35,,,1
91700,'SatSun',507,,12816,22,,,1,95,,12817,22,,,1,30,,12818,22,,,1,68,,12819,35,,,1,30,,12820,35,,,1,70,,12821,35,,,1,30,,12822,35,,,1,70,,12823,35,,,1,34,,12824,49,,,1,70,,12825,49,,,1,30,,12826,49,,,1,70,,12827,49,,,1,30,,12828,49,,,1,70,,12829,49,,,1,27,,12830,49,,,1,73,,12831,49,,,1,30,,12832,49,,,1,67,,12833,49,,,1,33,,12834,49,,,1,68,,12835,49,,,1,32,,12836,49,,,1,70,,12837,49,,,1,30,,12838,49,,,1,70,,12839,49,,,1,30,,12840,49,,,1,70,,12841,49,,,1,30,,12842,49,,,1,70,,12843,49,,,1,30,,12844,49,,,1,70,,12845,49,,,1,30,,12846,49,,,1,70,,12847,49,,,1,28,,12848,35,,,1,70,,12849,35,,,1,25,,12850,35,,,1,30,,12851,35,,,1
91700,'Weekday',502,,12895,22,,,1,29,,12877,35,,,1,70,,12894,35,,,1,30,,12861,35,,,1,76,,12860,35,,,1,30,,12858,35,,,1,70,,12893,35,,,1,34,,12875,35,,,1,70,,12867,35,,,1,30,,12874,35,,,1,79,,12866,35,,,1,30,,12889,35,,,1,70,,12878,35,,,1,32,,12871,35,,,1,73,,12870,35,,,1,75,,12888,35,,,1,30,,12868,35,,,1,26,,12884,35,,,1,68,,12857,35,,,1,23,,12891,35,,,1,75,,12876,35,,,1,25,,12856,35,,,1,70,,12872,35,,,1,28,,12883,35,,,1,70,,12886,35,,,1,30,,12865,35,,,1,11,,12862,35,,,1,70,,12869,35,,,1,30,,12880,35,,,1,70,,12863,35,,,1,30,,12859,35,,,1,70,,12879,35,,,1,30,,12881,35,,,1,70,,12885,35,,,1,30,,12892,35,,,1,70,,12882,35,,,1,30,,12890,35,,,1,70,,12873,35,,,1,30,,12864,35,,,1,70,,12887,35,,,1
91701,'Canada Day',541,2,12897,16,,,1,95,,12898,16,,,1,70,,12900,16,,,1,30,,12901,16,0,55 56 57,1,70,,12902,16,0,55 56 57,1,30,,12903,16,0,55 56 57,1,70,,12904,16,0,55 56 57,1,30,,12905,16,0,55 56 57,1,70,,12906,16,0,55 56 57,1,30,,12907,16,0,55 56 57,1,70,,12908,16,0,55 56 57,1,30,,12909,16,0,55 56 57,1,70,,12910,16,0,55 56 57,1,30,,12911,16,0,55 56 57,1,70,,12912,16,0,55 56 57,1,30,,12913,16,0,55 56 57,1,73,,12914,16,0,55 56 57,1,30,,12915,16,0,55 56 57,1,73,,12916,16,0,55 56 57,1,30,,12917,16,0,55 56 57,1,70,,12918,16,0,55 56 57,1,30,,12919,16,0,55 56 57,1,70,,12920,16,0,55 56 57,1,30,,12921,16,0,55 56 57,1,67,,12922,16,0,55 56 57,1,32,,12923,16,0,55 56 57,1,70,,12924,16,0,55 56 57,1,34,5,12925,16,,,1,70,5,12926,16,,,1,30,5,12927,16,,,1,65,,12928,16,,,1,30,,12929,16,,,1,68,2,12930,16,,,1,27,2,12931,16,,,1,68,2,12932,16,,,1,30,2,12933,16,0,7 8 9,1
91701,'SatSun',541,2,12939,16,,,1,95,,12940,16,,,1,70,,12941,16,,,1,30,,12942,16,0,55 56 57,1,70,,12943,16,0,55 56 57,1,30,,12944,16,0,55 56 57,1,70,,12945,16,0,55 56 57,1,30,,12946,16,0,55 56 57,1,70,,12947,16,0,55 56 57,1,30,,12948,16,0,55 56 57,1,70,,12949,16,0,55 56 57,1,30,,12950,16,0,55 56 57,1,70,,12951,16,0,55 56 57,1,30,,12952,16,0,55 56 57,1,70,,12953,16,0,55 56 57,1,30,,12954,16,0,55 56 57,1,73,,12955,16,0,55 56 57,1,30,,12956,16,0,55 56 57,1,73,,12957,16,0,55 56 57,1,30,,12958,16,0,55 56 57,1,70,,12959,16,0,55 56 57,1,30,,12960,16,0,55 56 57,1,70,,12961,16,0,55 56 57,1,30,,12962,16,0,55 56 57,1,67,,12963,16,0,55 56 57,1,32,,12964,16,0,55 56 57,1,70,,12965,16,0,55 56 57,1,34,5,12966,16,,,1,70,5,12967,16,,,1,30,5,12968,16,,,1,65,,12969,16,,,1,30,,12970,16,,,1,68,2,12971,16,,,1,27,2,12972,16,,,1,68,2,12973,16,,,1,30,2,12974,16,0,7 8 9,1
91701,'Weekday',405,,13004,1,,,1,30,,12997,1,,,1,70,,12987,16,,,1,36,,13009,16,,,1,70,,12999,16,,,1,30,,13014,16,,,1,74,,12980,16,,,1,30,,12991,16,,,1,70,,12976,16,,,1,39,,13008,16,,,1,70,,13002,16,,,1,35,,12975,16,,,1,70,,12978,16,,,1,30,,13013,16,,,1,75,,13006,16,,,1,70,,12995,16,,,1,26,,12993,16,,,1,80,,12982,16,,,1,35,,12989,16,,,1,65,,13001,16,,,1,30,,12998,16,,,1,65,,12983,16,,,1,30,,13005,16,,,1,70,,12977,16,,,1,30,,12992,16,,,1,24,,13000,16,,,1,76,,12979,16,,,1,70,,13010,16,,,1,30,,13011,16,,,1,70,,13003,16,,,1,30,,12996,16,,,1,72,,12981,16,,,1,30,,12994,16,,,1,70,,12984,16,,,1,30,,12985,16,,,1,70,,12986,16,,,1,29,,13007,16,,,1,70,,12988,16,,,1,30,,12990,16,0,7 8 9,1,70,,13012,16,0,7 8 9,1
