30200,'Canada Day',714,,8824,47,,,1,30,,8825,47,,,1,70,,8826,47,,,1,30,,8827,47,,,1,70,,8828,47,,,1,30,,8829,47,,,1,70,,8830,47,,,1,30,,8831,47,,,1,70,,8832,47,,,1,30,,8833,47,,,1,70,,8834,47,,,1,30,,8835,47,,,1,70,,8836,47,,,1,30,,8837,47,,,1,70,,8838,47,,,1,30,,8839,47,,,1,70,,8840,47,,,1,30,,8841,47,,,1,70,,8842,47,,,1,30,,8843,47,,,1,70,,8844,47,,,1,30,,8845,47,,,1,70,,8846,47,,,1,30,,8847,47,,,1,70,,8848,47,,,1,30,,8849,47,,,1,70,,8850,47,,,1,30,,8851,47,,,1,70,,8852,47,,,1,30,,8853,47,,,1,70,,8854,47,,,1,30,,8855,47,,,1,80,,8856,47,,,1,20,,8857,47,,,1
30200,'SatSun',714,,8858,47,,,1,30,,8859,47,,,1,70,,8860,47,,,1,30,,8861,47,,,1,70,,8862,47,,,1,30,,8863,47,,,1,70,,8864,47,,,1,30,,8865,47,,,1,70,,8866,47,,,1,30,,8867,47,,,1,70,,8868,47,,,1,30,,8869,47,,,1,70,,8870,47,,,1,30,,8871,47,,,1,70,,8872,47,,,1,30,,8873,47,,,1,70,,8874,47,,,1,30,,8875,47,,,1,70,,8876,47,,,1,30,,8877,47,,,1,70,,8878,47,,,1,30,,8879,47,,,1,70,,8880,47,,,1,30,,8881,47,,,1,70,,8882,47,,,1,30,,8883,47,,,1,70,,8884,47,,,1,30,,8885,47,,,1,70,,8886,47,,,1,30,,8887,47,,,1,70,,8888,47,,,1,30,,8889,47,,,1,80,,8890,47,,,1,20,,8891,47,,,1
30200,'Weekday',515,,8892,21,,,1,30,,8893,21,,,1,64,,8894,47,,,1,30,,8895,47,,,1,70,,8896,47,,,1,18,,8930,45,0,5 16 17,1,12,,8897,47,,,1,18,,8931,45,0,5 16 17,1,52,,8898,47,,,1,18,,8932,45,0,5 16 17,1,14,,8899,47,,,1,68,,8900,47,,,1,30,,8901,47,,,1,70,,8902,47,,,1,30,,8903,47,,,1,70,,8904,47,,,1,30,,8905,47,,,1,70,,8906,47,,,1,30,,8907,47,,,1,70,,8908,47,,,1,30,,8909,47,,,1,70,,8910,47,,,1,32,,8911,47,,,1,70,,8912,47,,,1,30,,8913,47,,,1,70,,8914,47,,,1,30,,8915,47,,,1,61,,8933,45,0,5 16 17,1,9,,8916,47,,,1,21,,8934,45,0,5 16 17,1,9,,8917,47,,,1,60,,8935,45,0,5 16 17,1,4,,8918,47,,,1,21,,8936,45,0,5 16 17,1,9,,8919,47,,,1,21,,8937,45,0,5 16 17,1,49,,8920,47,,,1,21,,8938,45,0,5 16 17,1,12,,8921,47,,,1,70,,8922,47,,,1,30,,8923,47,,,1,70,,8924,47,,,1,30,,8925,47,,,1,70,,8926,47,,,1,30,,8927,47,,,1,70,,8928,47,,,1,30,,8929,47,,,1
40700,'Weekday',616,,9665,42,0,29 16 17,1,22,,9666,39,,,1,78,,9667,42,0,29 16 17,1,13,,9668,39,,,1,83,,9669,42,0,29 16 17,1,30,,9670,39,,,1,69,,9671,42,0,29 16 17,1,27,,9672,39,,,1,73,,9673,42,0,29 16 17,1,27,,9674,39,,,1,73,,9675,42,0,29 16 17,1,14,,9676,39,,,1,32,,9677,42,0,29 16 17,1,67,,9678,39,,,1,33,,9679,42,0,29 16 17,1,77,,9680,39,,,1,73,,9681,42,0,29 16 17,1,27,,9682,39,,,1,73,,9683,42,0,29 16 17,1,27,,9684,39,,,1,83,,9685,42,0,29 16 17,1,17,,9686,39,,,1,84,,9687,42,0,29 16 17,1,16,,9688,39,,,1,84,,9689,42,0,29 16 17,1,26,,9690,39,,,1,74,,9691,42,0,29 16 17,1,26,,9692,39,,,1,80,,9693,39,,,1,20,,9694,39,,,1,70,,9695,39,,,1,30,,9696,39,,,1,70,,9664,39,,,1,30,,9697,39,,,1
61801,'Weekday',1058,,10759,38,0,10 53,1,168,,10766,38,0,10 53,1,579,,10761,38,0,7 44,1,129,,10762,38,0,7 44,1,186,,10763,38,0,10 53,1
90101,'Canada Day',2214,,11499,5,0,7 24 25,1,41,,11500,5,0,7 24 25,1
90101,'SatSun',2214,,11538,5,0,7 24 25,1,41,,11571,5,0,7 24 25,1
90101,'Weekday',2255,,11667,5,0,7 24 25,1
90501,'Canada Day',551,,12103,6,,,1,70,,12104,6,,,1,28,,12105,42,,,1,70,,12106,6,,,1,30,,12107,6,,,1,70,,12108,42,,,1,30,,12109,6,,,1,70,,12110,6,,,1,30,,12111,42,,,1,72,,12112,6,,,1,30,,12113,6,,,1,68,,12114,42,,,1,32,,12115,6,,,1,70,,12116,6,,,1,28,,12117,42,,,1,72,,12118,6,,,1,30,,12119,6,,,1,68,,12120,42,,,1,32,,12121,6,,,1,70,,12122,6,,,1,28,,12123,42,,,1,72,,12124,6,,,1,30,,12125,6,,,1,68,,12126,42,,,1,30,,12127,6,,,1,70,,12128,6,,,1,30,,12129,42,,,1,70,,12130,6,,,1,30,,12131,6,,,1,70,,12132,42,,,1,30,,12133,6,,,1,70,,12134,6,,,1,81,,12135,42,,,1,19,,12137,6,,,1,30,,12136,6,,,1,152,,12138,6,,,1
90501,'SatSun',551,,12150,6,,,1,70,,12151,6,,,1,28,,12139,42,,,1,70,,12152,6,,,1,30,,12153,6,,,1,70,,12140,42,,,1,30,,12154,6,,,1,70,,12155,6,,,1,30,,12141,42,,,1,72,,12156,6,,,1,30,,12157,6,,,1,68,,12142,42,,,1,32,,12158,6,,,1,70,,12159,6,,,1,28,,12143,42,,,1,72,,12166,6,,,1,30,,12167,6,,,1,68,,12144,42,,,1,32,,12168,6,,,1,70,,12169,6,,,1,28,,12145,42,,,1,72,,12170,6,,,1,30,,12171,6,,,1,68,,12146,42,,,1,30,,12172,6,,,1,70,,12160,6,,,1,30,,12147,42,,,1,70,,12161,6,,,1,30,,12162,6,,,1,70,,12148,42,,,1,30,,12163,6,,,1,70,,12164,6,,,1,85,,12149,42,,,1,15,,12165,6,,,1,30,,12173,6,,,1,72,,12174,6,,,1,80,,12175,6,,,1,20,,12176,6,,,1
90501,'Weekday',536,,12188,6,,,1,70,,12189,6,,,1,30,,12177,42,,,1,66,,12190,6,,,1,30,,12191,6,,,1,74,,12178,42,,,1,26,,12192,6,,,1,70,,12193,6,,,1,34,,12179,42,,,1,66,,12194,6,,,1,30,,12195,6,,,1,70,,12180,42,,,1,30,,12196,6,,,1,70,,12197,6,,,1,30,,12181,42,,,1,68,,12198,6,,,1,30,,12199,6,,,1,79,,12182,42,,,1,29,,12200,6,,,1,70,,12201,6,,,1,30,,12183,42,,,1,74,,12202,6,,,1,30,,12203,6,,,1,70,,12184,42,,,1,30,,12204,6,,,1,70,,12205,6,,,1,30,,12185,42,,,1,70,,12206,6,,,1,30,,12207,6,,,1,70,,12186,42,,,1,30,,12208,6,,,1,70,,12209,6,,,1,30,,12187,42,,,1,70,,12210,6,,,1,30,,12211,6,,,1,59,,12212,42,,,1,41,,12236,6,,,1,70,,12237,6,,,1
92000,'Weekday',734,,13026,49,,,1,70,,13027,49,,,1,30,,13028,49,,,1,70,,13029,49,,,1,25,,13030,49,,,1,30,,13031,49,,,1,70,,13032,49,,,1,5,,13038,66,,,1,20,,13039,66,,,1,60,,13040,66,,,1,20,,13041,66,,,1,20,,13042,66,,,1,50,,13060,66,,,1,10,,13043,66,,,1,15,,13044,66,,,1,20,,13045,66,,,1,60,,13046,66,,,1,20,,13047,66,,,1,20,,13048,66,,,1,60,,13049,66,,,1,34,,13050,66,,,1,60,,13051,66,,,1,20,,13052,66,,,1,20,,13053,66,,,1,60,,13054,66,,,1,16,,13055,66,,,1,20,,13056,66,,,1,20,,13057,66,,,1,42,,13033,49,,,1,18,,13058,66,,,1,12,,13034,49,,,1,70,,13035,49,,,1,30,,13036,49,,,1,70,,13037,49,,,1,30,,13061,49,,,1,70,,13062,49,,,1,17,,13059,66,,,1,20,,13015,66,,,1,15,,13016,66,,,1,65,,13017,66,,,1,35,,13018,66,,,1,65,,13019,66,,,1,30,,13020,66,,,1,70,,13021,66,,,1,30,,13022,66,,,1,70,,13023,66,,,1,25,,13024,66,,,1,75,,13025,66,,,1
92100,'Weekday',731,,13124,30,,,1,10,,13112,30,,,1,60,,13117,30,,,1,20,,13108,30,,,1,20,,13121,30,,,1,60,,13115,30,,,1,20,,13119,30,,,1,20,,13113,30,,,1,12,,13114,30,,,1,782,,13110,30,,,1,15,,13120,30,,,1,60,,13107,30,,,1,20,,13118,30,,,1,22,,13116,30,,,1,60,,13109,30,,,1,20,,13111,30,,,1,20,,13122,30,,,1,7,,13123,30,,,1
1400000201,'Overnight',305,,13203,4,,,1,30,,13198,4,,,1,70,,13202,4,,,1,30,,13196,4,,,1,67,,13197,4,,,1,30,,13199,4,,,1,1801,,13193,4,,,1,70,,13205,4,,,1,31,,13204,4,,,1,70,,13194,4,,,1,28,,13195,4,,,1,70,,13200,4,,,1,30,,13201,4,,,1,73,,13208,4,,,1,30,,13209,4,,,1,70,,13210,4,,,1,30,,13211,4,,,1,67,,13212,4,,,1,30,,13213,4,,,1
