40300,'Canada Day',652,,9187,27,,,1,70,,9188,27,,,1,30,,9189,27,,,1,70,,9190,27,,,1,30,,9191,27,,,1,70,,9192,27,,,1,30,,9193,27,,,1,72,,9194,27,,,1,30,,9195,27,,,1,66,,9196,27,,,1,30,,9197,27,,,1,74,,9198,27,,,1,30,,9199,27,,,1,70,,9200,27,,,1,30,,9201,27,,,1,70,,9202,27,,,1,30,,9203,27,,,1,70,,9204,27,,,1,29,,9205,27,,,1,67,,9206,27,,,1,34,,9207,27,,,1,70,,9208,27,,,1,33,,9209,27,,,1,67,,9210,27,,,1,30,,9211,27,,,1,70,,9212,27,,,1,30,,9213,27,,,1,70,,9214,27,,,1,30,,9215,27,,,1,70,,9216,27,,,1,30,,9217,27,,,1
40300,'SatSun',652,,9218,27,,,1,70,,9219,27,,,1,30,,9220,27,,,1,70,,9221,27,,,1,30,,9222,27,,,1,70,,9223,27,,,1,30,,9224,27,,,1,72,,9225,27,,,1,30,,9226,27,,,1,66,,9227,27,,,1,30,,9228,27,,,1,74,,9229,27,,,1,30,,9230,27,,,1,70,,9231,27,,,1,30,,9232,27,,,1,70,,9233,27,,,1,30,,9234,27,,,1,70,,9235,27,,,1,30,,9236,27,,,1,66,,9237,27,,,1,34,,9238,27,,,1,70,,9239,27,,,1,33,,9240,27,,,1,67,,9241,27,,,1,30,,9242,27,,,1,70,,9243,27,,,1,30,,9244,27,,,1,70,,9245,27,,,1,30,,9246,27,,,1,70,,9247,27,,,1,30,,9248,27,,,1
40300,'Weekday',628,,9269,27,,,1,16,,9253,14,,,1,14,,9285,27,,,1,56,,9254,14,,,1,14,,9280,27,,,1,16,,9255,14,,,1,14,,9286,27,,,1,56,,9256,14,,,1,14,,9287,27,,,1,30,,9288,27,,,1,70,,9289,27,,,1,72,,9290,27,,,1,30,,9291,27,,,1,70,,9292,27,,,1,30,,9249,27,,,1,70,,9250,27,,,1,30,,9251,27,,,1,70,,9252,27,,,1,30,,9263,27,,,1,70,,9264,27,,,1,30,,9265,27,,,1,73,,9266,27,,,1,22,,9267,27,,,1,15,,9257,14,,,1,15,,9268,27,,,1,55,,9258,14,,,1,15,,9270,27,,,1,15,,9259,14,,,1,15,,9271,27,,,1,55,,9260,14,,,1,15,,9272,27,,,1,15,,9261,14,,,1,15,,9273,27,,,1,55,,9262,14,,,1,15,,9274,27,,,1,30,,9275,27,,,1,70,,9276,27,,,1,29,,9277,27,,,1,70,,9278,27,,,1,30,,9279,27,,,1,70,,9281,27,,,1,30,,9282,27,,,1,70,,9283,27,,,1,30,,9284,27,,,1
41001,'Canada Day',643,,10079,40,,,1,70,,10080,40,,,1,30,,10081,40,,,1,70,,10082,40,,,1,30,,10083,40,,,1,70,,10084,40,,,1,30,,10085,40,,,1,71,,10086,40,,,1,30,,10087,40,,,1,70,,10088,40,,,1,30,,10089,40,,,1,70,,10090,40,,,1,30,,10091,40,,,1,70,,10092,40,,,1,30,,10093,40,,,1,70,,10094,40,,,1,30,,10095,40,,,1,70,,10096,40,,,1,30,,10097,40,,,1,70,,10098,40,,,1,30,,10099,40,,,1,70,,10100,40,,,1,29,,10101,40,,,1,74,,10102,40,,,1,26,,10103,40,,,1,70,,10104,40,,,1,30,,10105,40,,,1,68,,10106,40,,,1,30,,10107,40,,,1,70,,10108,40,,,1,25,,10109,40,,,1,75,,10110,40,,,1,30,,10111,40,,,1
41001,'SatSun',643,,10112,40,,,1,70,,10113,40,,,1,30,,10114,40,,,1,70,,10115,40,,,1,30,,10116,40,,,1,70,,10117,40,,,1,30,,10118,40,,,1,71,,10119,40,,,1,30,,10120,40,,,1,70,,10121,40,,,1,30,,10122,40,,,1,70,,10123,40,,,1,30,,10124,40,,,1,70,,10125,40,,,1,30,,10126,40,,,1,70,,10127,40,,,1,30,,10128,40,,,1,70,,10129,40,,,1,30,,10130,40,,,1,70,,10131,40,,,1,30,,10132,40,,,1,70,,10133,40,,,1,29,,10134,40,,,1,70,,10135,40,,,1,30,,10136,40,,,1,70,,10137,40,,,1,30,,10138,40,,,1,68,,10139,40,,,1,30,,10140,40,,,1,70,,10141,40,,,1,25,,10142,40,,,1,75,,10143,40,,,1,30,,10144,40,,,1
41001,'Weekday',603,,10178,40,,,1,40,,10145,40,,,1,65,,10146,40,,,1,32,,10147,40,,,1,70,,10148,40,,,1,30,,10149,40,,,1,70,,10150,40,,,1,30,,10151,40,,,1,70,,10152,40,,,1,30,,10153,40,,,1,70,,10154,40,,,1,30,,10155,40,,,1,70,,10156,40,,,1,30,,10157,40,,,1,70,,10158,40,,,1,30,,10159,40,,,1,70,,10160,40,,,1,30,,10161,40,,,1,74,,10162,40,,,1,30,,10163,40,,,1,70,,10164,40,,,1,30,,10165,40,,,1,70,,10166,40,,,1,30,,10167,40,,,1,70,,10168,40,,,1,30,,10169,40,,,1,70,,10170,40,,,1,25,,10171,40,,,1,65,,10172,40,,,1,29,,10173,40,,,1,70,,10174,40,,,1,30,,10175,40,,,1,70,,10176,40,,,1,30,,10177,40,,,1,70,,10180,40,,,1,30,,10179,40,,,1,70,,10181,40,,,1,19,,10182,40,,,1,100,,10183,40,,,1
42101,'Canada Day',955,,10424,15,0,54 22 23 13,1,70,,10425,15,0,54 22 23 13,1,33,,10426,44,0,54 22 23 13,1,70,,10427,44,0,54 22 23 13,1,30,,10428,44,0,54 22 23 13,1,70,,10429,44,0,54 22 23 13,1,30,,10430,44,0,54 22 23 13,1,70,,10431,44,0,54 22 23 13,1,30,,10432,44,0,54 22 23 13,1,70,,10433,44,0,54 22 23 13,1,30,,10434,44,0,54 22 23 13,1,70,,10435,44,0,54 22 23 13,1,30,,10436,44,0,54 22 23 13,1,70,,10437,44,0,54 22 23 13,1,30,,10438,44,0,54 22 23 13,1,70,,10439,44,0,54 22 23 13,1,30,,10440,44,0,54 22 23 13,1,70,,10441,44,0,54 22 23 13,1,30,,10442,44,0,54 22 23 13,1
42101,'SatSun',955,,10443,15,0,54 22 23 13,1,70,,10444,15,0,54 22 23 13,1,33,,10445,44,0,54 22 23 13,1,70,,10446,44,0,54 22 23 13,1,30,,10447,44,0,54 22 23 13,1,70,,10448,44,0,54 22 23 13,1,30,,10449,44,0,54 22 23 13,1,70,,10450,44,0,54 22 23 13,1,30,,10451,44,0,54 22 23 13,1,70,,10452,44,0,54 22 23 13,1,30,,10453,44,0,54 22 23 13,1,70,,10454,44,0,54 22 23 13,1,30,,10455,44,0,54 22 23 13,1,70,,10456,44,0,54 22 23 13,1,30,,10457,44,0,54 22 23 13,1,70,,10458,44,0,54 22 23 13,1,30,,10459,44,0,54 22 23 13,1,70,,10460,44,0,54 22 23 13,1,30,,10461,44,0,54 22 23 13,1
42101,'Weekday',1018,,10470,41,0,7 22 9,1,30,,10471,41,0,7 22 9,1,65,,10472,41,0,7 22 9,1,35,,10473,41,0,7 22 9,1,70,,10474,41,0,7 22 9,1,30,,10475,41,0,7 22 9,1,68,,10476,41,0,7 22 9,1,28,,10477,41,0,7 22 9,1,95,,10478,41,0,7 22 9,1,82,,10479,41,0,7 22 9,1,19,,10480,41,0,7 22 9,1,70,,10481,41,0,7 22 9,1,30,,10482,41,0,7 22 9,1,74,,10483,41,0,7 22 9,1,26,,10484,41,0,7 22 9,1,77,,10485,41,0,7 22 9,1,30,,10486,41,0,7 22 9,1,70,,10487,41,0,7 22 9,1,30,,10488,41,0,7 22 9,1,70,,10489,41,0,7 22 9,1
42301,'Weekday',633,,10517,38,,,1,70,,10518,38,,,1,32,,10519,38,,,1,21,,10527,38,,,1,70,,10528,38,,,1,30,,10529,38,,,1,70,,10537,38,,,1,30,,10538,38,,,1,70,,10539,38,,,1,30,,10540,38,,,1,70,,10541,38,,,1,30,,10531,38,,,1,70,,10532,38,,,1,30,,10533,38,,,1,70,,10534,38,,,1,30,,10536,38,,,1,70,,10542,38,,,1,30,,10535,38,,,1,70,,10543,38,,,1,30,,10530,38,,,1,70,,10520,38,,,1,30,,10521,38,,,1,75,,10522,38,,,1,25,,10523,38,,,1,70,,10524,38,,,1,28,,10525,38,,,1,70,,10526,38,,,1
90101,'Canada Day',720,,11438,20,0,5 22 23 13,1,30,,11440,20,0,5 22 23 13,1,70,,11442,20,0,5 22 23 13,1,30,,11444,20,0,5 22 23 13,1,70,,11446,20,0,5 22 23 13,1,30,,11448,20,0,5 22 23 13,1,70,,11450,20,0,5 22 23 13,1,30,,11452,20,0,5 22 23 13,1,70,,11454,20,0,5 22 23 13,1,30,,11456,20,0,5 22 23 13,1,70,,11458,20,0,5 22 23 13,1,30,,11460,20,0,5 22 23 13,1,70,,11462,20,0,5 22 23 13,1,30,,11464,20,0,5 22 23 13,1,70,,11466,20,0,5 22 23 13,1,20,,11468,20,0,5 22 23 13,1,80,,11470,20,0,5 22 23 13,1,30,,11472,20,0,5 22 23 13,1,70,,11474,20,0,5 22 23 13,1,30,,11476,20,0,5 22 23 13,1,70,,11478,20,0,5 22 23 13,1,30,,11480,20,0,5 22 23 13,1,70,,11482,20,0,5 22 23 13,1,30,,11484,20,0,5 22 23 13,1,70,,11486,20,0,5 22 23 13,1,30,,11488,20,0,5 22 23 13,1,70,,11490,20,0,5 22 23 13,1,30,,11492,20,0,5 22 23 13,1,70,,11494,20,0,5 22 23 13,1,30,,11496,20,0,5 22 23 13,1
90101,'SatSun',720,,11539,20,0,5 22 23 13,1,30,,11540,20,0,5 22 23 13,1,70,,11541,20,0,5 22 23 13,1,30,,11542,20,0,5 22 23 13,1,70,,11543,20,0,5 22 23 13,1,30,,11544,20,0,5 22 23 13,1,70,,11545,20,0,5 22 23 13,1,30,,11546,20,0,5 22 23 13,1,70,,11547,20,0,5 22 23 13,1,30,,11548,20,0,5 22 23 13,1,70,,11549,20,0,5 22 23 13,1,30,,11550,20,0,5 22 23 13,1,70,,11551,20,0,5 22 23 13,1,30,,11552,20,0,5 22 23 13,1,70,,11553,20,0,5 22 23 13,1,20,,11554,20,0,5 22 23 13,1,80,,11555,20,0,5 22 23 13,1,30,,11556,20,0,5 22 23 13,1,70,,11557,20,0,5 22 23 13,1,30,,11558,20,0,5 22 23 13,1,70,,11559,20,0,5 22 23 13,1,30,,11560,20,0,5 22 23 13,1,70,,11561,20,0,5 22 23 13,1,30,,11562,20,0,5 22 23 13,1,70,,11563,20,0,5 22 23 13,1,30,,11564,20,0,5 22 23 13,1,70,,11565,20,0,5 22 23 13,1,30,,11566,20,0,5 22 23 13,1,70,,11567,20,0,5 22 23 13,1,30,,11568,20,0,5 22 23 13,1
90101,'Weekday',634,,11606,20,0,5 22 23 13,1,70,,11607,20,0,5 22 23 13,1,25,,11608,20,0,5 22 23 13,1,10,,11609,20,0,5 22 23 13,1,20,,11610,20,0,5 22 23 13,1,50,,11611,20,0,5 22 23 13,1,20,,11612,20,0,5 22 23 13,1,10,,11613,20,0,5 22 23 13,1,20,,11614,20,0,5 22 23 13,1,51,,11615,20,0,5 22 23 13,1,20,,11616,20,0,5 22 23 13,1,10,,11617,20,0,5 22 23 13,1,60,,11618,20,0,5 22 23 13,1,14,,11619,20,0,5 22 23 13,1,20,,11620,20,0,5 22 23 13,1,10,,11621,20,0,5 22 23 13,1,60,,11622,20,0,5 22 23 13,1,10,,11623,20,0,5 22 23 13,1,20,,11624,20,0,5 22 23 13,1,10,,11625,20,0,5 22 23 13,1,60,,11626,20,0,5 22 23 13,1,10,,11627,20,0,5 22 23 13,1,20,,11628,20,0,5 22 23 13,1,10,,11629,20,0,5 22 23 13,1,60,,11630,20,0,5 22 23 13,1,10,,11631,20,0,5 22 23 13,1,20,,11632,20,0,5 22 23 13,1,10,,11633,20,0,5 22 23 13,1,60,,11634,20,0,5 22 23 13,1,10,,11635,20,0,5 22 23 13,1,22,,11636,20,0,5 22 23 13,1,10,,11637,20,0,5 22 23 13,1,60,,11638,20,0,5 22 23 13,1,10,,11639,20,0,5 22 23 13,1,20,,11640,20,0,5 22 23 13,1,10,,11641,20,0,5 22 23 13,1,57,,11642,20,0,5 22 23 13,1,10,,11643,20,0,5 22 23 13,1,20,,11644,20,0,5 22 23 13,1,10,,11645,20,0,5 22 23 13,1,60,,11646,20,0,5 22 23 13,1,10,,11647,20,0,5 22 23 13,1,20,,11648,20,0,5 22 23 13,1,10,,11649,20,0,5 22 23 13,1,60,,11650,20,0,5 22 23 13,1,10,,11651,20,0,5 22 23 13,1,18,,11652,20,0,5 22 23 13,1,10,,11653,20,0,5 22 23 13,1,60,,11654,20,0,5 22 23 13,1,10,,11655,20,0,5 22 23 13,1,25,,11656,20,0,5 22 23 13,1,70,,11657,20,0,5 22 23 13,1,30,,11658,20,0,5 22 23 13,1,68,,11659,20,0,5 22 23 13,1,30,,11660,20,0,5 22 23 13,1,70,,11661,20,0,5 22 23 13,1,30,,11662,20,0,5 22 23 13,1
90201,'Canada Day',608,,11818,38,,,1,30,,11819,38,,,1,70,,11820,38,,,1,30,,11821,38,,,1,70,,11822,38,,,1,30,,11823,38,,,1,70,,11824,38,,,1,30,,11825,38,,,1,71,,11826,38,,,1,26,,11827,32,,,1,18,,11828,22,0,5 22 23 13,1,52,,11829,32,,,1,18,,11830,22,0,5 22 23 13,1,14,,11831,32,,,1,16,,11832,22,0,5 22 23 13,1,54,,11833,32,,,1,16,,11834,22,0,5 22 23 13,1,14,,11835,32,,,1,16,,11836,22,0,5 22 23 13,1,54,,11837,32,,,1,16,,11838,22,0,5 22 23 13,1,14,,11839,32,,,1,16,,11840,22,0,5 22 23 13,1,54,,11841,32,,,1,16,,11842,22,0,5 22 23 13,1,14,,11843,32,,,1,16,,11844,22,0,5 22 23 13,1,54,,11845,32,,,1,14,,11846,22,0,5 22 23 13,1,16,,11847,32,,,1,14,,11848,22,0,5 22 23 13,1,56,,11849,32,,,1,14,,11850,22,0,5 22 23 13,1,16,,11851,32,,,1,14,,11852,22,0,5 22 23 13,1,56,,11853,32,,,1,14,,11854,22,0,5 22 23 13,1,16,,11855,32,,,1,14,,11856,22,0,5 22 23 13,1,54,,11857,32,,,1,16,,11858,22,0,5 22 23 13,1,14,,11859,32,,,1,16,,11860,22,0,5 22 23 13,1,54,,11861,32,,,1,30,,11862,32,,,1,70,,11863,32,,,1,31,,11864,38,,,1,70,,11865,38,,,1,30,,11866,38,,,1,70,,11867,38,,,1,30,,11868,38,,,1,70,,11869,38,,,1
90201,'SatSun',608,,11870,38,,,1,30,,11871,38,,,1,70,,11872,38,,,1,30,,11873,38,,,1,70,,11874,38,,,1,30,,11875,38,,,1,70,,11876,38,,,1,30,,11877,38,,,1,71,,11878,38,,,1,26,,11879,32,,,1,18,,11905,22,0,5 22 23 13,1,52,,11880,32,,,1,18,,11906,22,0,5 22 23 13,1,14,,11881,32,,,1,16,,11907,22,0,5 22 23 13,1,54,,11882,32,,,1,16,,11908,22,0,5 22 23 13,1,14,,11883,32,,,1,16,,11909,22,0,5 22 23 13,1,54,,11884,32,,,1,16,,11910,22,0,5 22 23 13,1,14,,11885,32,,,1,16,,11911,22,0,5 22 23 13,1,54,,11886,32,,,1,16,,11912,22,0,5 22 23 13,1,14,,11887,32,,,1,16,,11913,22,0,5 22 23 13,1,54,,11888,32,,,1,14,,11914,22,0,5 22 23 13,1,16,,11889,32,,,1,14,,11915,22,0,5 22 23 13,1,56,,11890,32,,,1,14,,11916,22,0,5 22 23 13,1,16,,11891,32,,,1,14,,11917,22,0,5 22 23 13,1,56,,11892,32,,,1,14,,11918,22,0,5 22 23 13,1,16,,11893,32,,,1,14,,11919,22,0,5 22 23 13,1,54,,11894,32,,,1,16,,11920,22,0,5 22 23 13,1,14,,11895,32,,,1,16,,11921,22,0,5 22 23 13,1,54,,11896,32,,,1,30,,11897,32,,,1,70,,11898,32,,,1,31,,11899,38,,,1,70,,11900,38,,,1,30,,11901,38,,,1,70,,11902,38,,,1,30,,11903,38,,,1,70,,11904,38,,,1
90201,'Weekday',542,,11922,38,,,1,70,,11923,38,,,1,20,,11924,38,,,1,70,,11925,38,,,1,10,,11926,38,,,1,30,,11927,38,,,1,60,,11928,38,,,1,20,,11929,38,,,1,20,,11930,38,,,1,60,,11931,38,,,1,20,,11932,38,,,1,20,,11933,38,,,1,60,,11934,38,,,1,20,,11935,38,,,1,20,,11936,38,,,1,60,,11937,38,,,1,20,,11938,38,,,1,20,,11939,38,,,1,60,,11940,38,,,1,20,,11941,38,,,1,20,,11942,38,,,1,60,,11943,38,,,1,20,,11944,38,,,1,20,,11945,38,,,1,60,,11946,38,,,1,20,,11947,38,,,1,20,,11948,38,,,1,60,,11949,38,,,1,20,,11950,38,,,1,23,,11951,38,,,1,60,,11952,38,,,1,20,,11953,38,,,1,20,,11954,38,,,1,70,,11955,38,,,1,10,,11956,38,,,1,22,,11967,38,,,1,58,,11968,38,,,1,20,,11969,38,,,1,22,,11957,38,,,1,58,,11958,38,,,1,20,,11959,38,,,1,22,,11960,38,,,1,54,,11961,32,,,1,44,,11962,32,,,1,70,,11963,32,,,1,30,,11964,32,,,1,70,,11965,32,,,1,30,,11966,32,,,1
1400000200,'Overnight',307,,13190,12,,,1,30,,13185,12,,,1,70,,13179,12,,,1,27,,13189,12,,,1,70,,13183,12,,,1,1902,,13182,12,,,1,30,,13178,12,,,1,68,,13191,12,,,1,30,,13177,12,,,1,70,,13180,12,,,1,33,,13184,12,,,1,70,,13181,12,,,1,30,,13187,12,,,1,70,,13186,12,,,1,27,,13188,12,,,1,70,,13192,12,,,1
