11800,'Weekday',627,,8068,4,,,1,30,,8087,4,,,1,70,,8079,4,,,1,30,,8077,4,,,1,70,,8090,4,,,1,30,,8075,4,,,1,70,,8076,4,,,1,30,,8082,4,,,1,70,,8069,4,,,1,30,,8085,4,,,1,64,,8071,4,,,1,27,,8088,4,,,1,66,,8072,4,,,1,30,,8065,4,,,1,70,,8086,4,,,1,30,,8064,4,,,1,70,,8080,4,,,1,30,,8067,4,,,1,70,,8073,4,,,1,31,,8089,4,,,1,70,,8083,4,,,1,30,,8070,4,,,1,70,,8081,4,,,1,36,,8074,4,,,1,75,,8084,4,,,1,24,,8066,4,,,1,68,,8078,4,,,1
90001,'Canada Day',522,,10982,46,,,1,25,,10983,46,,,1,75,,10984,46,,,1,30,,10985,46,,,1,80,,10987,46,,,1,25,,10989,46,,,1,66,,10991,46,,,1,30,,10993,46,,,1,79,,10995,46,,,1,77,,10997,46,,,1,30,,10999,46,,,1,65,,11001,46,,,1,30,,11003,46,,,1,70,,11005,46,,,1,30,,11007,46,,,1,70,,11009,46,,,1,30,,11011,46,,,1,70,,11013,46,,,1,25,,11015,46,,,1,30,,11017,46,,,1,70,,11019,46,,,1,30,,11021,46,,,1,80,,11024,46,,,1,70,,11026,46,,,1,30,,11028,46,,,1,70,,11030,46,,,1,30,,11032,46,,,1,70,,11034,46,,,1,23,,11036,46,,,1,70,,11038,46,,,1,30,,11040,46,,,1,69,,11042,46,,,1,45,,11044,46,,,1,70,,11045,46,,,1,30,,11046,46,,,1,70,,11047,46,,,1,30,,11048,46,,,1,70,,11049,46,,,1
90001,'Overnight',2259,,11050,46,,,1,70,,11051,46,,,1
90001,'SatSun',522,,11052,46,,,1,25,,11053,46,,,1,75,,11054,46,,,1,30,,11055,46,,,1,80,,11056,46,,,1,25,,11057,46,,,1,66,,11058,46,,,1,30,,11059,46,,,1,79,,11060,46,,,1,77,,11061,46,,,1,30,,11062,46,,,1,65,,11063,46,,,1,30,,11064,46,,,1,70,,11065,46,,,1,30,,11066,46,,,1,70,,11067,46,,,1,30,,11068,46,,,1,70,,11069,46,,,1,25,,11070,46,,,1,30,,11071,46,,,1,70,,11072,46,,,1,30,,11073,46,,,1,80,,11074,46,,,1,70,,11075,46,,,1,30,,11076,46,,,1,70,,11077,46,,,1,30,,11078,46,,,1,70,,11079,46,,,1,23,,11080,46,,,1,70,,11081,46,,,1,30,,11082,46,,,1,69,,11083,46,,,1,45,,11084,46,,,1,70,,11085,46,,,1,30,,11086,46,,,1,70,,11087,46,,,1,30,,11088,46,,,1,70,,11089,46,,,1
90001,'Weekday',513,,11200,46,,,1,36,,11131,46,,,1,70,,11132,46,,,1,24,,11120,46,,,1,64,,11133,46,,,1,24,,11137,46,,,1,24,,11138,46,,,1,64,,11139,46,,,1,24,,11122,46,,,1,64,,11140,46,,,1,28,,11141,46,,,1,24,,11142,46,,,1,64,,11143,46,,,1,24,,11144,46,,,1,64,,11145,46,,,1,24,,11123,46,,,1,18,,11146,46,,,1,65,,11147,46,,,1,24,,11148,46,,,1,64,,11124,46,,,1,24,,11149,46,,,1,24,,11150,46,,,1,64,,11151,46,,,1,24,,11125,46,,,1,64,,11152,46,,,1,24,,11153,46,,,1,24,,11154,46,,,1,64,,11155,46,,,1,24,,11156,46,,,1,64,,11126,46,,,1,24,,11157,46,,,1,24,,11158,46,,,1,64,,11159,46,,,1,24,,11127,46,,,1,59,,11160,46,,,1,24,,11161,46,,,1,24,,11162,46,,,1,64,,11130,46,,,1,24,,11163,46,,,1,64,,11164,46,,,1,24,,11134,46,,,1,24,,11135,46,,,1,64,,11128,46,,,1,24,,11136,46,,,1
91701,'Canada Day',815,,12901,58,0,55 56 57,1,30,,12902,58,0,55 56 57,1,70,,12903,58,0,55 56 57,1,30,,12904,58,0,55 56 57,1,70,,12905,58,0,55 56 57,1,30,,12906,58,0,55 56 57,1,70,,12907,58,0,55 56 57,1,30,,12908,58,0,55 56 57,1,70,,12909,58,0,55 56 57,1,30,,12910,58,0,55 56 57,1,70,,12911,58,0,55 56 57,1,30,,12912,58,0,55 56 57,1,70,,12913,58,0,55 56 57,1,33,,12914,58,0,55 56 57,1,70,,12915,58,0,55 56 57,1,33,,12916,58,0,55 56 57,1,70,,12917,58,0,55 56 57,1,30,,12918,58,0,55 56 57,1,70,,12919,58,0,55 56 57,1,30,,12920,58,0,55 56 57,1,70,,12921,58,0,55 56 57,1,27,,12922,58,0,55 56 57,1,72,,12923,58,0,55 56 57,1,30,,12924,58,0,55 56 57,1
91701,'SatSun',815,,12942,58,0,55 56 57,1,30,,12943,58,0,55 56 57,1,70,,12944,58,0,55 56 57,1,30,,12945,58,0,55 56 57,1,70,,12946,58,0,55 56 57,1,30,,12947,58,0,55 56 57,1,70,,12948,58,0,55 56 57,1,30,,12949,58,0,55 56 57,1,70,,12950,58,0,55 56 57,1,30,,12951,58,0,55 56 57,1,70,,12952,58,0,55 56 57,1,30,,12953,58,0,55 56 57,1,70,,12954,58,0,55 56 57,1,33,,12955,58,0,55 56 57,1,70,,12956,58,0,55 56 57,1,33,,12957,58,0,55 56 57,1,70,,12958,58,0,55 56 57,1,30,,12959,58,0,55 56 57,1,70,,12960,58,0,55 56 57,1,30,,12961,58,0,55 56 57,1,70,,12962,58,0,55 56 57,1,27,,12963,58,0,55 56 57,1,72,,12964,58,0,55 56 57,1,30,,12965,58,0,55 56 57,1
92001,'Weekday',957,,13084,47,,,1,60,,13085,47,,,1,20,,13086,47,,,1,20,,13087,47,,,1,60,,13088,47,,,1,20,,13089,47,,,1,20,,13090,47,,,1,60,,13091,47,,,1,20,,13092,47,,,1,20,,13093,47,,,1,60,,13094,47,,,1,20,,13095,47,,,1,20,,13096,47,,,1,60,,13097,47,,,1,20,,13098,47,,,1,20,,13099,47,,,1,60,,13101,47,,,1,20,,13100,47,,,1,66,,13105,47,,,1,20,,13103,47,,,1,20,,13102,47,,,1,60,,13104,47,,,1,252,,13081,47,,,1,64,,13106,47,,,1,25,,13063,47,,,1,75,,13064,47,,,1,30,,13065,47,,,1,70,,13066,47,,,1,30,,13067,47,,,1,70,,13068,47,,,1
92101,'Weekday',555,,13131,14,,,1,60,,13126,14,,,1,20,,13134,14,,,1,20,,13130,14,,,1,67,,13142,14,,,1,20,,13127,14,,,1,60,,13141,14,,,1,20,,13129,14,,,1,10,,13145,14,,,1,10,,13133,14,,,1,60,,13144,14,,,1,20,,13143,14,,,1,20,,13136,14,,,1,770,,13128,14,,,1,20,,13140,14,,,1,20,,13139,14,,,1,60,,13137,14,,,1,20,,13132,14,,,1,20,,13138,14,,,1,60,,13135,14,,,1,25,,13125,14,,,1
1400000101,'Overnight',348,,13163,66,,,1,70,,13164,66,,,1,27,,13165,66,,,1,1912,,13168,66,,,1,70,,13166,66,,,1,28,,13167,66,,,1,72,,13170,66,,,1,28,,13172,66,,,1,70,,13169,66,,,1,30,,13174,66,,,1,63,,13175,66,,,1,30,,13173,66,,,1,70,,13176,66,,,1,27,,13171,66,,,1
