30201,'SatSun',550,,4658,5,0,18 9,1,70,,4659,5,0,18 9,1,30,,4660,5,0,18 9,1,70,,4661,5,0,18 9,1,30,,4662,5,0,18 9,1,70,,4663,5,0,18 9,1,30,,4664,5,0,18 9,1,70,,4665,5,0,18 9,1,30,,4674,5,0,18 9,1,70,,4675,5,0,18 9,1,30,,4676,5,0,18 9,1,70,,4677,5,0,18 9,1,30,,4678,5,0,18 9,1,70,,4679,5,0,18 9,1,30,,4680,5,0,18 9,1,70,,4681,5,0,18 9,1,30,,4682,5,0,18 9,1,70,,4683,5,0,18 9,1,30,,4684,5,0,18 9,1,70,,4685,5,0,18 9,1,30,,4686,5,0,18 9,1,70,,4687,5,0,18 9,1,30,,4688,5,0,18 9,1,70,,4689,5,0,18 9,1,30,,4690,5,0,18 9,1,70,,4666,5,0,18 9,1,30,,4667,5,0,18 9,1,70,,4668,5,0,18 9,1,30,,4669,5,0,18 9,1,70,,4670,5,0,18 9,1,30,,4671,5,0,18 9,1,70,,4672,5,0,18 9,1,30,,4673,5,0,18 9,1
30201,'Weekday',524,,4695,5,0,18 9,1,35,,4733,5,0,18 9,1,70,,4697,5,0,18 9,1,75,,4715,5,0,18 9,1,26,,4716,5,0,18 9,1,70,,4707,5,0,18 9,1,30,,4708,5,0,18 9,1,70,,4732,5,0,18 9,1,30,,4706,5,0,18 9,1,70,,4714,5,0,18 9,1,30,,4719,5,0,18 9,1,70,,4709,5,0,18 9,1,30,,4710,5,0,18 9,1,70,,4702,5,0,18 9,1,20,,4722,5,0,18 9,1,30,,4698,5,0,18 9,1,70,,4691,5,0,18 9,1,30,,4693,5,0,18 9,1,70,,4729,5,0,18 9,1,35,,4720,5,0,18 9,1,70,,4694,5,0,18 9,1,30,,4721,5,0,18 9,1,75,,4700,5,0,18 9,1,70,,4717,5,0,18 9,1,30,,4705,5,0,18 9,1,70,,4713,5,0,18 9,1,30,,4696,5,0,18 9,1,71,,4731,5,0,18 9,1,30,,4711,5,0,18 9,1,70,,4726,5,0,18 9,1,30,,4730,5,0,18 9,1,70,,4704,5,0,18 9,1,30,,4723,5,0,18 9,1,70,,4701,5,0,18 9,1
40900,'SatSun',718,,5281,24,0,20 21,1,30,,5282,24,0,20 21,1,70,,5283,24,0,20 21,1,30,,5284,24,0,20 21,1,70,,5285,24,0,20 21,1,30,,5286,24,0,20 21,1,70,,5287,24,0,20 21,1,30,,5288,24,0,20 21,1,70,,5289,24,0,20 21,1,30,,5290,24,0,20 21,1,70,,5291,24,0,20 21,1,30,,5292,24,0,20 21,1,70,,5293,24,0,20 21,1,30,,5294,24,0,20 21,1,70,,5295,24,0,20 21,1,30,,5296,24,0,20 21,1,70,,5297,24,0,20 21,1,30,,5298,24,0,20 21,1,70,,5299,24,0,20 21,1,30,,5300,24,0,20 21,1,70,,5301,24,0,20 21,1,30,,5302,24,0,20 21,1,70,,5303,24,0,20 21,1,30,,5304,24,0,20 21,1,70,,5305,24,0,20 21,1,30,,5306,24,0,20 21,1,260,,5307,24,0,20 21,1,110,,5308,24,0,20 21,1
40900,'Weekday',658,,5315,24,0,20 21,1,70,,5316,24,0,20 21,1,72,,5317,24,0,20 21,1,30,,5318,24,0,20 21,1,70,,5319,24,0,20 21,1,30,,5320,24,0,20 21,1,28,,5321,24,0,20 21,1,72,,5322,31,,,1,28,,5323,24,0,20 21,1,70,,5324,24,0,20 21,1,30,,5325,24,0,20 21,1,72,,5326,31,,,1,28,,5327,24,0,20 21,1,70,,5328,24,0,20 21,1,30,,5329,24,0,20 21,1,72,,5330,31,,,1,70,,5331,24,0,20 21,1,30,,5332,24,0,20 21,1,70,,5333,24,0,20 21,1,33,,5334,31,,,1,67,,5335,24,0,20 21,1,30,,5336,24,0,20 21,1,70,,5337,24,0,20 21,1,30,,5338,24,0,20 21,1,70,,5339,24,0,20 21,1,30,,5340,24,0,20 21,1,70,,5309,24,0,20 21,1,30,,5310,24,0,20 21,1,70,,5311,24,0,20 21,1,30,,5312,24,0,20 21,1,70,,5313,24,0,20 21,1,42,,5314,24,0,20 21,1
61800,'Weekday',1111,,5984,5,,,1,130,,5985,5,,,1,484,,5986,21,,,1,130,,5987,21,,,1
90100,'Overnight',2323,,6301,39,0,20 21,1,30,,6300,39,0,20 21,1
90100,'SatSun',2209,,6333,39,0,20 21,1,41,,6366,39,0,20 21,1
90100,'Weekday',2250,,6463,39,0,20 21,1
90500,'SatSun',640,,6830,42,0,5 19,1,70,,6842,42,0,7 20 21,1,30,,6843,42,0,7 20 21,1,70,,6831,42,0,5 19,1,30,,6844,42,0,7 20 21,1,70,,6845,42,0,7 20 21,1,30,,6832,42,0,5 19,1,70,,6846,42,0,7 20 21,1,30,,6847,42,0,7 20 21,1,70,,6833,42,0,5 19,1,30,,6848,42,0,7 20 21,1,70,,6849,42,0,7 20 21,1,30,,6834,42,0,5 19,1,70,,6850,42,0,7 20 21,1,30,,6851,42,0,7 20 21,1,70,,6835,42,0,5 19,1,30,,6852,42,0,7 20 21,1,70,,6853,42,0,7 20 21,1,30,,6836,42,0,5 19,1,70,,6854,42,0,7 20 21,1,30,,6855,42,0,7 20 21,1,70,,6837,42,0,5 19,1,30,,6856,42,0,7 20 21,1,70,,6857,42,0,7 20 21,1,30,,6838,42,0,5 19,1,70,,6858,42,0,7 20 21,1,30,,6859,42,0,7 20 21,1,70,,6839,42,0,5 19,1,30,,6860,42,0,7 20 21,1,70,,6861,42,0,7 20 21,1,30,,6840,42,0,5 19,1,70,,6862,42,0,7 20 21,1,30,,6863,42,0,7 20 21,1,70,,6841,42,0,5 19,1
90500,'Weekday',622,,6887,42,0,5 19,1,30,,6864,42,0,7 20 21,1,70,,6865,42,0,7 20 21,1,15,,6899,42,0,7 20 21,1,15,,6888,42,0,5 19,1,55,,6900,42,0,7 20 21,1,15,,6866,42,0,7 20 21,1,15,,6901,42,0,7 20 21,1,15,,6867,42,0,7 20 21,1,55,,6902,42,0,7 20 21,1,15,,6889,42,0,5 19,1,15,,6903,42,0,7 20 21,1,15,,6868,42,0,7 20 21,1,55,,6904,42,0,7 20 21,1,15,,6869,42,0,7 20 21,1,15,,6905,42,0,7 20 21,1,15,,6890,42,0,5 19,1,55,,6906,42,0,7 20 21,1,15,,6870,42,0,7 20 21,1,15,,6907,42,0,7 20 21,1,15,,6871,42,0,7 20 21,1,55,,6908,42,0,7 20 21,1,15,,6891,42,0,5 19,1,14,,6909,42,0,7 20 21,1,14,,6872,42,0,7 20 21,1,56,,6910,42,0,7 20 21,1,14,,6873,42,0,7 20 21,1,16,,6911,42,0,7 20 21,1,23,,6892,42,0,5 19,1,54,,6912,42,0,7 20 21,1,15,,6874,42,0,7 20 21,1,15,,6913,42,0,7 20 21,1,15,,6875,42,0,7 20 21,1,55,,6914,42,0,7 20 21,1,19,,6893,42,0,5 19,1,15,,6915,42,0,7 20 21,1,55,,6876,42,0,7 20 21,1,15,,6916,42,0,7 20 21,1,15,,6877,42,0,7 20 21,1,15,,6917,42,0,7 20 21,1,55,,6894,42,0,5 19,1,15,,6918,42,0,7 20 21,1,15,,6878,42,0,7 20 21,1,15,,6919,42,0,7 20 21,1,55,,6879,42,0,7 20 21,1,15,,6920,42,0,7 20 21,1,15,,6895,42,0,5 19,1,13,,6921,42,0,7 20 21,1,57,,6880,42,0,7 20 21,1,30,,6881,42,0,7 20 21,1,70,,6896,42,0,5 19,1,30,,6882,42,0,7 20 21,1,70,,6883,42,0,7 20 21,1,26,,6897,42,0,5 19,1,74,,6884,42,0,7 20 21,1,30,,6885,42,0,7 20 21,1,26,,6898,42,0,5 19,1,74,,6886,42,0,7 20 21,1
1400000200,'Overnight',330,,7735,38,,,1,70,,7730,38,,,1,30,,7724,38,,,1,27,,7734,38,,,1,70,,7728,38,,,1,1902,,7727,38,,,1,30,,7723,38,,,1,68,,7736,38,,,1,30,,7722,38,,,1,70,,7725,38,,,1,73,,7729,38,,,1,30,,7726,38,,,1,70,,7732,38,,,1,30,,7731,38,,,1,27,,7733,38,,,1,70,,7737,38,,,1
