40301,'Canada Day',601,,9293,4,,,1,30,,9294,4,,,1,70,,9295,4,,,1,30,,9296,4,,,1,70,,9297,4,,,1,30,,9298,4,,,1,70,,9299,4,,,1,30,,9300,4,,,1,70,,9301,4,,,1,30,,9302,4,,,1,70,,9303,4,,,1,30,,9304,4,,,1,70,,9305,4,,,1,30,,9306,4,,,1,70,,9307,4,,,1,30,,9308,4,,,1,70,,9309,4,,,1,30,,9310,4,,,1,70,,9311,4,,,1,30,,9312,4,,,1,70,,9313,4,,,1,30,,9314,4,,,1,73,,9315,4,,,1,27,,9316,4,,,1,70,,9317,4,,,1,30,,9318,4,,,1,70,,9319,4,,,1,30,,9320,4,,,1,70,,9321,4,,,1,30,,9322,4,,,1,70,,9323,4,,,1,30,,9324,4,,,1,70,,9325,4,,,1
40301,'SatSun',601,,9326,4,,,1,30,,9327,4,,,1,70,,9328,4,,,1,30,,9329,4,,,1,70,,9330,4,,,1,30,,9331,4,,,1,70,,9332,4,,,1,30,,9333,4,,,1,70,,9334,4,,,1,30,,9335,4,,,1,70,,9336,4,,,1,30,,9337,4,,,1,70,,9338,4,,,1,30,,9339,4,,,1,70,,9340,4,,,1,30,,9341,4,,,1,70,,9342,4,,,1,30,,9343,4,,,1,70,,9344,4,,,1,30,,9345,4,,,1,70,,9346,4,,,1,30,,9347,4,,,1,73,,9348,4,,,1,27,,9349,4,,,1,70,,9350,4,,,1,30,,9351,4,,,1,70,,9352,4,,,1,30,,9353,4,,,1,70,,9354,4,,,1,30,,9355,4,,,1,70,,9356,4,,,1,30,,9357,4,,,1,70,,9358,4,,,1
40301,'Weekday',604,,9369,4,,,1,30,,9368,4,,,1,70,,9370,4,,,1,30,,9371,4,,,1,70,,9372,4,,,1,30,,9373,4,,,1,70,,9374,4,,,1,28,,9375,4,,,1,70,,9376,4,,,1,30,,9377,4,,,1,70,,9378,4,,,1,30,,9379,4,,,1,70,,9380,4,,,1,30,,9381,4,,,1,70,,9382,4,,,1,30,,9383,4,,,1,70,,9384,4,,,1,25,,9385,4,,,1,30,,9386,4,,,1,70,,9387,4,,,1,30,,9388,4,,,1,70,,9389,4,,,1,30,,9390,4,,,1,70,,9391,4,,,1,30,,9392,4,,,1,70,,9393,4,,,1,30,,9394,4,,,1,70,,9395,4,,,1,30,,9396,4,,,1,70,,9397,4,,,1,30,,9398,4,,,1,70,,9399,4,,,1,74,,9400,4,,,1,32,,9401,4,,,1
41000,'Canada Day',646,,9978,4,,,1,70,,9979,4,,,1,30,,9980,4,,,1,70,,9981,4,,,1,30,,9982,4,,,1,70,,9983,4,,,1,31,,9984,4,,,1,70,,9985,4,,,1,30,,9986,4,,,1,70,,9987,4,,,1,30,,9988,4,,,1,70,,9989,4,,,1,30,,9990,4,,,1,70,,9991,4,,,1,30,,9992,4,,,1,70,,9993,4,,,1,30,,9994,4,,,1,70,,9995,4,,,1,30,,9996,4,,,1,70,,9997,4,,,1,30,,9998,4,,,1,70,,9999,4,,,1,30,,10000,4,,,1,70,,10001,4,,,1,30,,10002,4,,,1,70,,10003,4,,,1,30,,10004,4,,,1,70,,10005,4,,,1,28,,10006,4,,,1,72,,10007,4,,,1,30,,10008,4,,,1,75,,10009,4,,,1,30,,10010,4,,,1
41000,'SatSun',646,,10011,4,,,1,70,,10012,4,,,1,30,,10013,4,,,1,70,,10014,4,,,1,30,,10015,4,,,1,70,,10016,4,,,1,31,,10017,4,,,1,70,,10018,4,,,1,30,,10019,4,,,1,70,,10020,4,,,1,30,,10021,4,,,1,70,,10022,4,,,1,30,,10023,4,,,1,70,,10024,4,,,1,30,,10025,4,,,1,70,,10026,4,,,1,30,,10027,4,,,1,70,,10028,4,,,1,30,,10029,4,,,1,70,,10030,4,,,1,30,,10031,4,,,1,70,,10043,4,,,1,30,,10032,4,,,1,70,,10033,4,,,1,30,,10034,4,,,1,70,,10035,4,,,1,30,,10036,4,,,1,70,,10037,4,,,1,28,,10038,4,,,1,72,,10039,4,,,1,30,,10040,4,,,1,75,,10041,4,,,1,30,,10042,4,,,1
41000,'Weekday',612,,10044,4,,,1,30,,10045,4,,,1,70,,10046,4,,,1,30,,10047,4,,,1,70,,10048,4,,,1,30,,10049,4,,,1,70,,10050,4,,,1,30,,10051,4,,,1,70,,10052,4,,,1,30,,10053,4,,,1,70,,10054,4,,,1,30,,10055,4,,,1,70,,10056,4,,,1,30,,10057,4,,,1,70,,10058,4,,,1,30,,10059,4,,,1,70,,10060,4,,,1,30,,10061,4,,,1,70,,10062,4,,,1,30,,10063,4,,,1,70,,10064,4,,,1,23,,10065,4,,,1,77,,10066,4,,,1,30,,10067,4,,,1,70,,10068,4,,,1,30,,10069,4,,,1,71,,10070,4,,,1,29,,10071,4,,,1,70,,10072,4,,,1,30,,10073,4,,,1,70,,10074,4,,,1,30,,10075,4,,,1,70,,10076,4,,,1,30,,10077,4,,,1,70,,10078,4,,,1
42100,'Canada Day',952,,10357,4,,,1,70,,10358,4,,,1,30,,10359,4,,,1,70,,10360,4,,,1,30,,10361,4,,,1,70,,10362,4,,,1,30,,10363,4,,,1,70,,10364,4,,,1,30,,10365,4,,,1,70,,10366,4,,,1,30,,10367,4,,,1,70,,10368,4,,,1,30,,10369,4,,,1,70,,10370,4,,,1,30,,10371,4,,,1,70,,10372,4,,,1,30,,10373,4,,,1,73,,10374,4,0,10 26,1,30,,10375,4,0,10 26,1
42100,'SatSun',952,,10376,4,,,1,70,,10377,4,,,1,30,,10378,4,,,1,70,,10379,4,,,1,30,,10380,4,,,1,70,,10381,4,,,1,30,,10382,4,,,1,70,,10383,4,,,1,30,,10384,4,,,1,70,,10385,4,,,1,30,,10386,4,,,1,70,,10387,4,,,1,30,,10388,4,,,1,70,,10389,4,,,1,30,,10390,4,,,1,70,,10391,4,,,1,30,,10392,4,,,1,73,,10393,4,0,10 26,1,30,,10394,4,0,10 26,1
42100,'Weekday',606,,10395,9,0,7 30,1,30,,10396,9,0,7 30,1,70,,10397,9,0,7 30,1,31,,10398,9,0,7 30,1,82,,10399,9,0,7 30,1,30,,10400,9,0,7 30,1,70,,10401,9,0,7 30,1,25,,10402,9,0,7 30,1,75,,10403,9,0,7 30,1,25,,10404,9,0,7 30,1,70,,10405,9,0,7 30,1,30,,10406,9,0,7 30,1,70,,10407,9,0,7 30,1,94,,10408,9,0,7 30,1,30,,10409,9,0,5 30,1,70,,10410,9,0,7 30,1,31,,10411,9,0,7 30,1,70,,10412,9,0,7 30,1,41,,10421,9,0,7 30,1,59,,10423,9,0,7 30,1,30,,10422,9,0,7 30,1
42300,'Weekday',656,,10490,4,,,1,70,,10491,4,,,1,30,,10492,4,,,1,70,,10493,4,,,1,30,,10494,4,,,1,70,,10507,4,,,1,30,,10508,4,,,1,70,,10509,4,,,1,30,,10501,4,,,1,70,,10502,4,,,1,30,,10503,4,,,1,70,,10504,4,,,1,30,,10506,4,,,1,70,,10510,4,,,1,30,,10511,4,,,1,70,,10512,4,,,1,30,,10505,4,,,1,70,,10513,4,,,1,30,,10495,4,,,1,70,,10496,4,,,1,30,,10497,4,,,1,70,,10498,4,,,1,30,,10499,4,,,1,70,,10500,4,,,1,25,,10514,4,,,1,70,,10515,4,,,1,30,,10516,4,,,1
90100,'Canada Day',725,,11206,4,0,10 16 17 13,1,30,,11208,4,0,10 16 17 13,1,70,,11210,4,0,10 16 17 13,1,30,,11212,4,0,10 16 17 13,1,70,,11214,4,0,10 16 17 13,1,30,,11216,4,0,10 16 17 13,1,70,,11218,4,0,10 16 17 13,1,30,,11220,4,0,10 16 17 13,1,70,,11222,4,0,10 16 17 13,1,30,,11224,4,0,10 16 17 13,1,70,,11226,4,0,10 16 17 13,1,30,,11228,4,0,10 16 17 13,1,70,,11230,4,0,10 16 17 13,1,30,,11232,4,0,10 16 17 13,1,70,,11234,4,0,10 16 17 13,1,20,,11235,4,0,10 16 17 13,1,80,,11238,4,0,10 16 17 13,1,30,,11240,4,0,10 16 17 13,1,70,,11242,4,0,10 16 17 13,1,30,,11244,4,0,10 16 17 13,1,70,,11246,4,0,10 16 17 13,1,30,,11248,4,0,10 16 17 13,1,70,,11250,4,0,10 16 17 13,1,30,,11252,4,0,10 16 17 13,1,70,,11254,4,0,10 16 17 13,1,30,,11256,4,0,10 16 17 13,1,70,,11258,4,0,10 16 17 13,1,30,,11260,4,0,10 16 17 13,1,70,,11262,4,0,10 16 17 13,1
90100,'SatSun',725,,11304,4,0,10 16 17 13,1,30,,11305,4,0,10 16 17 13,1,70,,11306,4,0,10 16 17 13,1,30,,11307,4,0,10 16 17 13,1,70,,11308,4,0,10 16 17 13,1,30,,11309,4,0,10 16 17 13,1,70,,11310,4,0,10 16 17 13,1,30,,11311,4,0,10 16 17 13,1,70,,11312,4,0,10 16 17 13,1,30,,11313,4,0,10 16 17 13,1,70,,11314,4,0,10 16 17 13,1,30,,11315,4,0,10 16 17 13,1,70,,11316,4,0,10 16 17 13,1,30,,11317,4,0,10 16 17 13,1,70,,11318,4,0,10 16 17 13,1,20,,11319,4,0,10 16 17 13,1,80,,11320,4,0,10 16 17 13,1,30,,11321,4,0,10 16 17 13,1,70,,11322,4,0,10 16 17 13,1,30,,11323,4,0,10 16 17 13,1,70,,11324,4,0,10 16 17 13,1,30,,11325,4,0,10 16 17 13,1,70,,11326,4,0,10 16 17 13,1,30,,11327,4,0,10 16 17 13,1,70,,11328,4,0,10 16 17 13,1,30,,11329,4,0,10 16 17 13,1,70,,11330,4,0,10 16 17 13,1,30,,11331,4,0,10 16 17 13,1,70,,11332,4,0,10 16 17 13,1
90100,'Weekday',641,,11370,4,0,10 16 17 13,1,64,,11371,4,0,10 16 17 13,1,10,,11372,4,0,10 16 17 13,1,20,,11373,4,0,10 16 17 13,1,10,,11374,4,0,10 16 17 13,1,60,,11375,4,0,10 16 17 13,1,10,,11376,4,0,10 16 17 13,1,20,,11377,4,0,10 16 17 13,1,10,,11378,4,0,10 16 17 13,1,60,,11379,4,0,10 16 17 13,1,10,,11380,4,0,10 16 17 13,1,20,,11381,4,0,10 16 17 13,1,10,,11382,4,0,10 16 17 13,1,61,,11383,4,0,10 16 17 13,1,10,,11384,4,0,10 16 17 13,1,20,,11385,4,0,10 16 17 13,1,10,,11386,4,0,10 16 17 13,1,64,,11387,4,0,10 16 17 13,1,10,,11388,4,0,10 16 17 13,1,20,,11389,4,0,10 16 17 13,1,10,,11390,4,0,10 16 17 13,1,60,,11391,4,0,10 16 17 13,1,10,,11392,4,0,10 16 17 13,1,20,,11393,4,0,10 16 17 13,1,10,,11394,4,0,10 16 17 13,1,60,,11395,4,0,10 16 17 13,1,10,,11396,4,0,10 16 17 13,1,20,,11397,4,0,10 16 17 13,1,10,,11398,4,0,10 16 17 13,1,60,,11399,4,0,10 16 17 13,1,10,,11400,4,0,10 16 17 13,1,30,,11401,4,0,10 16 17 13,1,60,,11402,4,0,10 16 17 13,1,10,,11403,4,0,10 16 17 13,1,22,,11404,4,0,10 16 17 13,1,10,,11405,4,0,10 16 17 13,1,60,,11406,4,0,10 16 17 13,1,10,,11407,4,0,10 16 17 13,1,20,,11408,4,0,10 16 17 13,1,10,,11409,4,0,10 16 17 13,1,57,,11410,4,0,10 16 17 13,1,10,,11411,4,0,10 16 17 13,1,20,,11412,4,0,10 16 17 13,1,10,,11413,4,0,10 16 17 13,1,60,,11414,4,0,10 16 17 13,1,10,,11415,4,0,10 16 17 13,1,20,,11416,4,0,10 16 17 13,1,10,,11417,4,0,10 16 17 13,1,60,,11418,4,0,10 16 17 13,1,10,,11419,4,0,10 16 17 13,1,18,,11420,4,0,10 16 17 13,1,10,,11421,4,0,10 16 17 13,1,64,,11422,4,0,10 16 17 13,1,30,,11423,4,0,10 16 17 13,1,70,,11424,4,0,10 16 17 13,1,30,,11425,4,0,10 16 17 13,1,70,,11426,4,0,10 16 17 13,1
90200,'Canada Day',647,,11668,9,,,1,70,,11669,9,,,1,30,,11670,9,,,1,70,,11671,9,,,1,30,,11672,9,,,1,70,,11673,9,,,1,30,,11674,9,,,1,55,,11676,4,0,10 30,1,15,,11675,9,,,1,15,,11678,4,0,10 30,1,15,,11677,9,,,1,55,,11680,4,0,10 30,1,15,,11679,9,,,1,15,,11682,4,0,10 30,1,15,,11681,9,,,1,55,,11684,4,0,10 30,1,15,,11683,9,,,1,15,,11686,4,0,10 30,1,15,,11685,9,,,1,55,,11688,4,0,10 30,1,15,,11687,9,,,1,15,,11690,4,0,10 30,1,15,,11689,9,,,1,55,,11692,4,0,10 30,1,15,,11691,9,,,1,15,,11694,4,0,10 30,1,15,,11693,9,,,1,55,,11696,4,0,10 30,1,15,,11695,9,,,1,15,,11698,4,0,10 30,1,15,,11697,9,,,1,55,,11700,4,0,10 30,1,15,,11699,9,,,1,15,,11702,4,0,10 30,1,15,,11701,9,,,1,55,,11704,4,0,10 30,1,15,,11703,9,,,1,15,,11706,4,0,10 30,1,15,,11705,9,,,1,55,,11708,4,0,10 30,1,15,,11707,9,,,1,30,,11709,9,,,1,70,,11710,9,,,1,30,,11711,9,,,1,70,,11712,9,,,1,30,,11713,9,,,1,70,,11714,9,,,1,30,,11715,9,,,1,70,,11716,9,,,1,30,,11717,9,,,1,70,,11718,9,,,1
90200,'SatSun',647,,11736,9,,,1,70,,11737,9,,,1,30,,11738,9,,,1,70,,11739,9,,,1,30,,11740,9,,,1,70,,11741,9,,,1,30,,11742,9,,,1,55,,11719,4,0,10 30,1,15,,11743,9,,,1,15,,11720,4,0,10 30,1,15,,11744,9,,,1,55,,11721,4,0,10 30,1,15,,11745,9,,,1,15,,11722,4,0,10 30,1,15,,11746,9,,,1,55,,11723,4,0,10 30,1,15,,11747,9,,,1,15,,11724,4,0,10 30,1,15,,11748,9,,,1,55,,11725,4,0,10 30,1,15,,11749,9,,,1,15,,11726,4,0,10 30,1,15,,11750,9,,,1,55,,11727,4,0,10 30,1,15,,11751,9,,,1,15,,11728,4,0,10 30,1,15,,11752,9,,,1,55,,11729,4,0,10 30,1,15,,11753,9,,,1,15,,11730,4,0,10 30,1,15,,11754,9,,,1,55,,11731,4,0,10 30,1,15,,11755,9,,,1,15,,11732,4,0,10 30,1,15,,11756,9,,,1,55,,11733,4,0,10 30,1,15,,11757,9,,,1,15,,11734,4,0,10 30,1,15,,11758,9,,,1,55,,11735,4,0,10 30,1,15,,11759,9,,,1,30,,11760,9,,,1,70,,11761,9,,,1,30,,11762,9,,,1,70,,11763,9,,,1,30,,11764,9,,,1,70,,11765,9,,,1,30,,11766,9,,,1,70,,11767,9,,,1,30,,11768,9,,,1,70,,11769,9,,,1
90200,'Weekday',614,,11770,9,,,1,20,,11771,9,,,1,20,,11772,9,,,1,60,,11773,9,,,1,20,,11774,9,,,1,20,,11775,9,,,1,65,,11776,9,,,1,15,,11777,9,,,1,20,,11778,9,,,1,60,,11779,9,,,1,20,,11780,9,,,1,17,,11781,9,,,1,60,,11782,9,,,1,20,,11783,9,,,1,20,,11784,9,,,1,60,,11785,9,,,1,20,,11786,9,,,1,20,,11787,9,,,1,65,,11788,9,,,1,20,,11789,9,,,1,15,,11790,9,,,1,65,,11791,9,,,1,15,,11792,9,,,1,20,,11793,9,,,1,60,,11794,9,,,1,20,,11795,9,,,1,20,,11796,9,,,1,60,,11797,9,,,1,30,,11798,9,,,1,10,,11799,9,,,1,60,,11800,9,,,1,20,,11801,9,,,1,20,,11802,9,,,1,60,,11803,9,,,1,20,,11804,9,,,1,20,,11805,9,,,1,60,,11806,9,,,1,20,,11807,9,,,1,20,,11808,9,,,1,60,,11809,9,,,1,30,,11810,9,,,1,70,,11811,9,,,1,30,,11812,9,,,1,73,,11813,9,,,1,27,,11814,9,,,1,70,,11815,9,,,1,30,,11816,9,,,1,70,,11817,9,,,1
