30200,'Canada Day',712,,8824,44,,,1,30,,8825,44,,,1,70,,8826,44,,,1,30,,8827,44,,,1,70,,8828,44,,,1,30,,8829,44,,,1,70,,8830,44,,,1,30,,8831,44,,,1,70,,8832,44,,,1,30,,8833,44,,,1,70,,8834,44,,,1,30,,8835,44,,,1,70,,8836,44,,,1,30,,8837,44,,,1,70,,8838,44,,,1,30,,8839,44,,,1,70,,8840,44,,,1,30,,8841,44,,,1,70,,8842,44,,,1,30,,8843,44,,,1,70,,8844,44,,,1,30,,8845,44,,,1,70,,8846,44,,,1,30,,8847,44,,,1,70,,8848,44,,,1,30,,8849,44,,,1,70,,8850,44,,,1,30,,8851,44,,,1,70,,8852,44,,,1,30,,8853,44,,,1,70,,8854,44,,,1,30,,8855,44,,,1,80,,8856,44,,,1,20,,8857,44,,,1
30200,'SatSun',712,,8858,44,,,1,30,,8859,44,,,1,70,,8860,44,,,1,30,,8861,44,,,1,70,,8862,44,,,1,30,,8863,44,,,1,70,,8864,44,,,1,30,,8865,44,,,1,70,,8866,44,,,1,30,,8867,44,,,1,70,,8868,44,,,1,30,,8869,44,,,1,70,,8870,44,,,1,30,,8871,44,,,1,70,,8872,44,,,1,30,,8873,44,,,1,70,,8874,44,,,1,30,,8875,44,,,1,70,,8876,44,,,1,30,,8877,44,,,1,70,,8878,44,,,1,30,,8879,44,,,1,70,,8880,44,,,1,30,,8881,44,,,1,70,,8882,44,,,1,30,,8883,44,,,1,70,,8884,44,,,1,30,,8885,44,,,1,70,,8886,44,,,1,30,,8887,44,,,1,70,,8888,44,,,1,30,,8889,44,,,1,80,,8890,44,,,1,20,,8891,44,,,1
30200,'Weekday',513,,8892,18,,,1,30,,8893,18,,,1,64,,8894,44,,,1,30,,8895,44,,,1,70,,8896,44,,,1,30,,8897,44,,,1,70,,8898,44,,,1,32,,8899,44,,,1,68,,8900,44,,,1,30,,8901,44,,,1,70,,8902,44,,,1,30,,8903,44,,,1,70,,8904,44,,,1,30,,8905,44,,,1,70,,8906,44,,,1,30,,8907,44,,,1,70,,8908,44,,,1,30,,8909,44,,,1,70,,8910,44,,,1,32,,8911,44,,,1,70,,8912,44,,,1,30,,8913,44,,,1,70,,8914,44,,,1,30,,8915,44,,,1,70,,8916,44,,,1,30,,8917,44,,,1,64,,8918,44,,,1,30,,8919,44,,,1,70,,8920,44,,,1,33,,8921,44,,,1,70,,8922,44,,,1,30,,8923,44,,,1,70,,8924,44,,,1,30,,8925,44,,,1,70,,8926,44,,,1,30,,8927,44,,,1,70,,8928,44,,,1,30,,8929,44,,,1
40901,'Canada Day',645,,9885,2,,,1,70,,9886,2,,,1,30,,9887,2,,,1,70,,9888,2,,,1,30,,9889,2,,,1,70,,9890,2,,,1,30,,9891,2,,,1,70,,9892,2,,,1,30,,9893,2,,,1,70,,9894,2,,,1,30,,9895,2,,,1,70,,9896,2,,,1,30,,9897,2,,,1,70,,9898,2,,,1,27,,9899,2,,,1,73,,9900,2,,,1,30,,9901,2,,,1,70,,9902,2,,,1,30,,9903,2,,,1,70,,9904,2,,,1,30,,9905,2,,,1,70,,9906,2,,,1,30,,9907,2,,,1,70,,9908,2,,,1,30,,9909,2,,,1,70,,9910,2,,,1,30,,9911,2,,,1,70,,9912,2,,,1,202,,9913,2,,,1,106,,9914,2,,,1
40901,'SatSun',645,,9915,2,,,1,70,,9916,2,,,1,30,,9917,2,,,1,70,,9918,2,,,1,30,,9919,2,,,1,70,,9920,2,,,1,30,,9921,2,,,1,70,,9922,2,,,1,30,,9923,2,,,1,70,,9924,2,,,1,30,,9925,2,,,1,70,,9926,2,,,1,30,,9927,2,,,1,70,,9928,2,,,1,27,,9929,2,,,1,73,,9930,2,,,1,30,,9931,2,,,1,70,,9932,2,,,1,30,,9933,2,,,1,70,,9934,2,,,1,30,,9935,2,,,1,70,,9936,2,,,1,30,,9937,2,,,1,70,,9938,2,,,1,30,,9939,2,,,1,70,,9940,2,,,1,30,,9941,2,,,1,70,,9942,2,,,1,202,,9943,2,,,1,106,,9944,2,,,1
40901,'Weekday',631,,9977,2,,,1,70,,9951,2,,,1,30,,9952,2,,,1,70,,9953,2,,,1,30,,9954,2,,,1,70,,9955,2,,,1,30,,9956,2,,,1,70,,9957,2,0,5 22 23 13,1,30,,9958,2,,,1,70,,9959,2,,,1,30,,9960,2,,,1,69,,9961,2,0,5 22 23 13,1,31,,9962,2,,,1,70,,9963,2,,,1,30,,9964,2,,,1,70,,9965,2,0,5 22 23 13,1,30,,9966,2,,,1,70,,9967,2,,,1,30,,9968,2,0,7 22 23 13,1,70,,9969,2,,,1,30,,9970,2,,,1,70,,9971,2,,,1,30,,9972,2,,,1,70,,9973,2,,,1,30,,9974,2,,,1,70,,9975,2,,,1,30,,9976,2,,,1,70,,9945,2,,,1,30,,9946,2,,,1,70,,9947,2,,,1,30,,9948,2,,,1,70,,9949,2,,,1,43,,9950,2,,,1
61801,'Weekday',1056,,10759,35,0,10 53,1,168,,10766,35,0,10 53,1,579,,10761,35,0,7 44,1,129,,10762,35,0,7 44,1,186,,10763,35,0,10 53,1
90101,'Canada Day',2212,,11499,2,0,7 24 25,1,41,,11500,2,0,7 24 25,1
90101,'SatSun',2212,,11538,2,0,7 24 25,1,41,,11571,2,0,7 24 25,1
90101,'Weekday',2253,,11667,2,0,7 24 25,1
90501,'Canada Day',549,,12103,3,,,1,70,,12104,3,,,1,28,,12105,39,,,1,70,,12106,3,,,1,30,,12107,3,,,1,70,,12108,39,,,1,30,,12109,3,,,1,70,,12110,3,,,1,30,,12111,39,,,1,72,,12112,3,,,1,30,,12113,3,,,1,68,,12114,39,,,1,32,,12115,3,,,1,70,,12116,3,,,1,28,,12117,39,,,1,72,,12118,3,,,1,30,,12119,3,,,1,68,,12120,39,,,1,32,,12121,3,,,1,70,,12122,3,,,1,28,,12123,39,,,1,72,,12124,3,,,1,30,,12125,3,,,1,68,,12126,39,,,1,30,,12127,3,,,1,70,,12128,3,,,1,30,,12129,39,,,1,70,,12130,3,,,1,30,,12131,3,,,1,70,,12132,39,,,1,30,,12133,3,,,1,70,,12134,3,,,1,41,,12135,39,,,1,59,,12137,3,,,1,30,,12136,3,,,1,112,,12138,3,,,1
90501,'SatSun',549,,12150,3,,,1,70,,12151,3,,,1,28,,12139,39,,,1,70,,12152,3,,,1,30,,12153,3,,,1,70,,12140,39,,,1,30,,12154,3,,,1,70,,12155,3,,,1,30,,12141,39,,,1,72,,12156,3,,,1,30,,12157,3,,,1,68,,12142,39,,,1,32,,12158,3,,,1,70,,12159,3,,,1,28,,12143,39,,,1,72,,12166,3,,,1,30,,12167,3,,,1,68,,12144,39,,,1,32,,12168,3,,,1,70,,12169,3,,,1,28,,12145,39,,,1,72,,12170,3,,,1,30,,12171,3,,,1,68,,12146,39,,,1,30,,12172,3,,,1,70,,12160,3,,,1,30,,12147,39,,,1,70,,12161,3,,,1,30,,12162,3,,,1,70,,12148,39,,,1,30,,12163,3,,,1,70,,12164,3,,,1,85,,12149,39,,,1,15,,12165,3,,,1,30,,12173,3,,,1,72,,12174,3,,,1,40,,12175,3,,,1,60,,12176,3,,,1
90501,'Weekday',534,,12188,3,,,1,70,,12189,3,,,1,29,,12177,39,,,1,11,,12213,3,0,54 18 9,1,15,,12190,3,,,1,57,,12214,3,0,54 18 9,1,13,,12191,3,,,1,15,,12215,3,0,54 18 9,1,59,,12178,39,,,1,11,,12216,3,0,54 18 9,1,15,,12192,3,,,1,15,,12217,3,0,54 18 9,1,15,,12193,3,,,1,55,,12218,3,0,54 18 9,1,19,,12179,39,,,1,11,,12219,3,0,54 18 9,1,15,,12194,3,,,1,55,,12220,3,0,54 18 9,1,15,,12195,3,,,1,15,,12221,3,0,54 18 9,1,15,,12180,39,,,1,55,,12222,3,0,54 18 9,1,15,,12196,3,,,1,15,,12223,3,0,54 18 9,1,15,,12197,3,,,1,55,,12224,3,0,54 18 9,1,15,,12181,39,,,1,14,,12225,3,0,54 18 9,1,14,,12198,3,,,1,56,,12226,3,0,54 18 9,1,14,,12199,3,,,1,16,,12227,3,0,54 18 9,1,63,,12182,39,,,1,14,,12228,3,0,54 18 9,1,15,,12200,3,,,1,15,,12229,3,0,54 18 9,1,55,,12201,3,,,1,15,,12230,3,0,54 18 9,1,15,,12183,39,,,1,19,,12231,3,0,54 18 9,1,55,,12202,3,,,1,15,,12232,3,0,54 18 9,1,15,,12203,3,,,1,15,,12238,3,0,54 18 9,1,55,,12184,39,,,1,15,,12233,3,0,54 18 9,1,15,,12204,3,,,1,15,,12234,3,0,54 18 9,1,55,,12205,3,,,1,15,,12235,3,0,54 18 9,1,15,,12185,39,,,1,70,,12206,3,,,1,30,,12207,3,,,1,70,,12186,39,,,1,30,,12208,3,,,1,70,,12209,3,,,1,30,,12187,39,,,1,70,,12210,3,,,1,30,,12211,3,,,1,19,,12212,39,,,1,81,,12236,3,,,1,70,,12237,3,,,1
1400000201,'Overnight',303,,13203,2,,,1,30,,13198,2,,,1,70,,13202,2,,,1,30,,13196,2,,,1,67,,13197,2,,,1,30,,13199,2,,,1,1801,,13193,2,,,1,70,,13205,2,,,1,31,,13204,2,,,1,70,,13194,2,,,1,28,,13195,2,,,1,70,,13200,2,,,1,30,,13201,2,,,1,73,,13208,2,,,1,30,,13209,2,,,1,70,,13210,2,,,1,30,,13211,2,,,1,67,,13212,2,,,1,30,,13213,2,,,1
