10100,2549,1,0
10100,1695,2,0
10100,1760,3,0
10100,1761,4,0
10100,1762,5,0
10100,1763,6,0
10100,93496,7,0
10100,93497,8,0
10100,93498,9,0
10100,93499,10,0
10100,93500,11,0
10100,93501,12,0
10100,93502,13,0
10100,93504,14,0
10100,93506,15,0
10100,93519,16,0
10100,93509,17,0
10100,93511,18,0
10100,93512,19,0
10100,2002,20,0
10100,2003,21,0
10100,2298,22,0
10101,2549,1,0
10101,93599,2,0
10101,1986,3,0
10101,1842,4,0
10101,1832,5,0
10101,93234,6,0
10101,93235,7,0
10101,1701,8,0
10101,1703,9,0
10101,1706,10,0
10101,1707,11,0
10101,1709,12,0
10101,1711,13,0
10101,1712,14,0
10101,1713,15,0
10101,1714,16,0
10101,1715,17,0
10101,1716,18,0
10101,1719,19,0
10101,1766,20,0
10101,1767,21,0
10101,1768,22,0
10101,1769,23,0
10101,1770,24,0
10101,1771,25,0
11200,93112,1,0
11200,93450,2,0
11200,1730,3,0
11200,1731,4,0
11200,1732,5,0
11200,1733,6,0
11200,1734,7,0
11200,94079,8,0
11200,1894,9,0
11200,94080,10,0
11200,94081,11,0
11200,93387,12,0
11200,93388,13,0
11200,93389,14,0
11200,93435,15,0
11200,93457,16,0
11200,93442,17,0
11200,94082,18,0
11200,94084,19,0
11200,94085,20,0
11200,3572,21,0
11200,3573,22,0
11200,93580,23,1
11201,93580,1,0
11201,93582,2,0
11201,3572,3,0
11201,3573,4,0
11201,3368,5,0
11201,94083,6,0
11201,93441,7,0
11201,93458,8,0
11201,1849,9,0
11201,1852,10,0
11201,1854,11,0
11201,1855,12,0
11201,94086,13,0
11201,1792,14,0
11201,1866,15,0
11201,94095,16,0
11201,93192,17,0
11201,1936,18,0
11201,1915,19,0
11201,93112,20,1
11800,93112,1,0
11800,93450,2,0
11800,1609,3,0
11800,1610,4,0
11800,1611,5,0
11800,1612,6,0
11800,1613,7,0
11800,3590,8,0
11800,1743,9,0
11800,1745,10,0
11800,1746,11,0
11800,1747,12,0
11800,1748,13,0
11800,1749,14,0
11800,1751,15,0
11800,93580,16,1
11801,93580,1,0
11801,93582,2,0
11801,1751,3,0
11801,1753,4,0
11801,1754,5,0
11801,1755,6,0
11801,1756,7,0
11801,1757,8,0
11801,1759,9,0
11801,1780,10,0
11801,1781,11,0
11801,1782,12,0
11801,1783,13,0
11801,93542,14,0
11801,1915,15,0
11801,93112,16,1
12100,2549,1,0
12100,1772,2,0
12100,93216,3,0
12100,1645,4,0
12100,1663,5,0
12100,1685,6,0
12100,1687,7,0
12100,93219,8,0
12100,93217,9,0
12100,1743,10,0
12100,1745,11,0
12100,1586,12,0
12100,93414,13,0
12100,94245,14,0
12100,93402,15,0
12100,93403,16,0
12100,93404,17,0
12100,3001,18,0
12100,93228,19,0
12100,93231,20,0
12100,93321,21,0
12100,93208,22,0
12100,3515,23,0
12100,93415,24,0
12100,1751,25,0
12100,93944,26,0
12100,1887,27,0
12100,1888,28,0
12100,1890,29,0
12100,94287,30,0
12100,1933,31,0
12100,1934,32,0
12100,1935,33,0
12100,93192,34,0
12100,1936,35,0
12100,1915,36,0
12100,93112,37,1
12101,93112,1,0
12101,93450,2,0
12101,1730,3,0
12101,1731,4,0
12101,1920,5,0
12101,1921,6,0
12101,1922,7,0
12101,1923,8,0
12101,94286,9,0
12101,94288,10,0
12101,1872,11,0
12101,1873,12,0
12101,93420,13,0
12101,1751,14,0
12101,93416,15,0
12101,3516,16,0
12101,93322,17,0
12101,93232,18,0
12101,1519,19,0
12101,94251,20,0
12101,3004,21,0
12101,93421,22,0
12101,93101,23,0
12101,1547,24,0
12101,1548,25,0
12101,1574,26,0
12101,1575,27,0
12101,94100,28,0
12101,1757,29,0
12101,1759,30,0
12101,93216,31,0
12101,93218,32,0
12101,93222,33,0
12101,93224,34,0
12101,1674,35,0
12101,1689,36,0
12101,1690,37,0
12101,1693,38,0
12101,1694,39,0
12101,2549,40,1
21100,93112,1,0
21100,93450,2,0
21100,1730,3,0
21100,93542,4,0
21100,1915,5,0
21100,1960,6,0
21100,1961,7,0
21100,1962,8,0
21100,1963,9,0
21100,1964,10,0
21100,1965,11,0
21100,1966,12,0
21100,94156,13,0
21100,93048,14,0
21100,2233,15,0
21100,3229,16,0
21100,92009,17,0
21100,92010,18,0
21100,92011,19,0
21100,92012,20,0
21100,92013,21,0
21100,92014,22,0
21100,92016,23,0
21100,92018,24,0
21100,92019,25,0
21100,92020,26,0
21100,92036,27,0
21100,92037,28,0
21100,92038,29,0
21100,2264,30,0
21100,2265,31,0
21100,3322,32,0
21100,2266,33,0
21100,2268,34,0
21100,2569,35,1
21101,2569,1,0
21101,2574,2,0
21101,2282,3,0
21101,2283,4,0
21101,3014,5,0
21101,2182,6,0
21101,2183,7,0
21101,2184,8,0
21101,2185,9,0
21101,2186,10,0
21101,93016,11,0
21101,3296,12,0
21101,2204,13,0
21101,2205,14,0
21101,2206,15,0
21101,2207,16,0
21101,2208,17,0
21101,2720,18,0
21101,2209,19,0
21101,1601,20,0
21101,94158,21,0
21101,94157,22,0
21101,1947,23,0
21101,90016,24,0
21101,1949,25,0
21101,93193,26,0
21101,93194,27,0
21101,93195,28,0
21101,93196,29,0
21101,93197,30,0
21101,93112,31,1
21600,2569,1,0
21600,2574,2,0
21600,2269,3,0
21600,2300,4,0
21600,2301,5,0
21600,2302,6,0
21600,2303,7,0
21600,2304,8,0
21600,2305,9,0
21600,2073,10,0
21600,2074,11,0
21600,2155,12,0
21600,2156,13,0
21600,2157,14,0
21600,2158,15,0
21600,2159,16,0
21600,2160,17,0
21600,2161,18,0
21600,2162,19,0
21600,2163,20,0
21600,2164,21,0
21600,2136,22,0
21600,2137,23,0
21600,2138,24,0
21600,2139,25,0
21600,93141,26,0
21600,93140,27,0
21600,2398,28,0
21600,2399,29,0
21600,2400,30,0
21600,93138,31,0
21600,3044,32,0
21600,92059,33,0
21600,93127,34,0
21600,93125,35,0
21600,94232,36,1
21601,94232,1,0
21601,93126,2,0
21601,92061,3,0
21601,93128,4,0
21601,3045,5,0
21601,93137,6,0
21601,2406,7,0
21601,2407,8,0
21601,93139,9,0
21601,93031,10,0
21601,93142,11,0
21601,2141,12,0
21601,2142,13,0
21601,2143,14,0
21601,2144,15,0
21601,2145,16,0
21601,2146,17,0
21601,2147,18,0
21601,2148,19,0
21601,2149,20,0
21601,2151,21,0
21601,2152,22,0
21601,2153,23,0
21601,2154,24,0
21601,2076,25,0
21601,91000,26,0
21601,93622,27,0
21601,2078,28,0
21601,2317,29,0
21601,2318,30,0
21601,2319,31,0
21601,2320,32,0
21601,2321,33,0
21601,2322,34,0
21601,2281,35,0
21601,2569,36,1
22400,2569,1,0
22400,2331,2,0
22400,2332,3,0
22400,2333,4,0
22400,2351,5,0
22400,2352,6,0
22400,2076,7,0
22400,91000,8,0
22400,93622,9,0
22400,2078,10,0
22400,2079,11,0
22400,2080,12,0
22400,2081,13,0
22400,2082,14,0
22400,2083,15,0
22400,3083,16,0
22400,3253,17,0
22400,3085,18,0
22400,3086,19,0
22400,2092,20,0
22400,2093,21,0
22400,2094,22,0
22400,2095,23,0
22400,2096,24,0
22400,2097,25,0
22400,3048,26,0
22400,3049,27,0
22400,3265,28,0
22400,92054,29,0
22400,93152,30,0
22400,93150,31,0
22400,93148,32,0
22400,93146,33,0
22400,3043,34,0
22400,3041,35,0
22400,3039,36,0
22400,93161,37,0
22400,93137,38,1
22401,93138,1,0
22401,92064,2,0
22401,93160,3,0
22401,3038,4,0
22401,3042,5,0
22401,93145,6,0
22401,93147,7,0
22401,93149,8,0
22401,93151,9,0
22401,92071,10,0
22401,92075,11,0
22401,3266,12,0
22401,3052,13,0
22401,3053,14,0
22401,3054,15,0
22401,3055,16,0
22401,3056,17,0
22401,3057,18,0
22401,3058,19,0
22401,3059,20,0
22401,2029,21,0
22401,2030,22,0
22401,2031,23,0
22401,2058,24,0
22401,2065,25,0
22401,2066,26,0
22401,3231,27,0
22401,2067,28,0
22401,2068,29,0
22401,2069,30,0
22401,2070,31,0
22401,2072,32,0
22401,2073,33,0
22401,2074,34,0
22401,93121,35,0
22401,93122,36,0
22401,93123,37,0
22401,2328,38,0
22401,2329,39,0
22401,2330,40,0
22401,2569,41,1
22700,2569,1,0
22700,2574,2,0
22700,2269,3,0
22700,2270,4,0
22700,2300,5,0
22700,2301,6,0
22700,2302,7,0
22700,2303,8,0
22700,2304,9,0
22700,2305,10,0
22700,94263,11,0
22700,2307,12,0
22700,2308,13,0
22700,2309,14,0
22700,2718,15,0
22700,2310,16,0
22700,3060,17,0
22700,3061,18,0
22700,3062,19,0
22700,3554,20,0
22700,3063,21,0
22700,3064,22,0
22700,3066,23,0
22700,3067,24,0
22700,2088,25,0
22700,94161,26,0
22700,94290,27,0
22700,3089,28,0
22700,94255,29,0
22700,94254,30,0
22700,94291,31,0
22700,94292,32,0
22700,2015,33,0
22700,2016,34,0
22700,94296,35,0
22700,2022,36,0
22700,2023,37,0
22700,94297,38,0
22700,2277,39,0
22700,94089,40,0
22700,94088,41,0
22700,3096,42,0
22700,3097,43,0
22700,94289,44,0
22700,93595,45,0
22700,2328,46,0
22700,2329,47,0
22700,2330,48,0
22701,2569,1,0
22701,2574,2,0
22701,2331,3,0
22701,2332,4,0
22701,2333,5,0
22701,93596,6,0
22701,2052,7,0
22701,2053,8,0
22701,2054,9,0
22701,2055,10,0
22701,92047,11,0
22701,94090,12,0
22701,3074,13,0
22701,3075,14,0
22701,3076,15,0
22701,94282,16,0
22701,94283,17,0
22701,3080,18,0
22701,94284,19,0
22701,94285,20,0
22701,94293,21,0
22701,2276,22,0
22701,2026,23,0
22701,94258,24,0
22701,3068,25,0
22701,94260,26,0
22701,2039,27,0
22701,2041,28,0
22701,2046,29,0
22701,93491,30,0
22701,3555,31,0
22701,2050,32,0
22701,93158,33,0
22701,93159,34,0
22701,2311,35,0
22701,2312,36,0
22701,2313,37,0
22701,2314,38,0
22701,2315,39,0
22701,2316,40,0
22701,2317,41,0
22701,2318,42,0
22701,2319,43,0
22701,2320,44,0
22701,2321,45,0
22701,2322,46,0
22701,2280,47,0
22701,2281,48,0
30100,2576,1,0
30100,166,2,0
30100,89,3,0
30100,90,4,0
30100,91,5,0
30100,94213,6,0
30100,94214,7,0
30100,404,8,0
30100,100,9,0
30100,101,10,0
30100,102,11,0
30100,103,12,0
30100,104,13,0
30100,106,14,0
30100,107,15,0
30100,108,16,0
30100,471,17,0
30100,93611,18,0
30100,110,19,0
30100,114,20,0
30100,115,21,0
30100,116,22,0
30100,117,23,0
30100,93091,24,0
30100,118,25,0
30100,93092,26,0
30100,119,27,0
30100,93083,28,0
30100,125,29,1
30101,125,1,0
30101,127,2,0
30101,129,3,0
30101,94217,4,0
30101,94218,5,0
30101,94219,6,0
30101,94220,7,0
30101,94221,8,0
30101,93610,9,0
30101,94059,10,0
30101,94060,11,0
30101,94061,12,0
30101,94062,13,0
30101,94063,14,0
30101,94064,15,0
30101,138,16,0
30101,139,17,0
30101,140,18,0
30101,141,19,0
30101,419,20,0
30101,94223,21,0
30101,94224,22,0
30101,94225,23,0
30101,151,24,0
30101,152,25,0
30101,216,26,0
30101,217,27,0
30101,2576,28,1
30200,2576,1,0
30200,166,2,0
30200,167,3,0
30200,168,4,0
30200,169,5,0
30200,170,6,0
30200,171,7,0
30200,172,8,0
30200,173,9,0
30200,174,10,0
30200,175,11,0
30200,176,12,0
30200,177,13,0
30200,179,14,0
30200,180,15,0
30200,181,16,0
30200,182,17,0
30200,183,18,0
30200,184,19,0
30200,185,20,0
30200,186,21,0
30200,187,22,0
30200,188,23,0
30200,189,24,0
30200,93041,25,0
30200,190,26,0
30200,94105,27,0
30200,490,28,0
30200,491,29,0
30200,492,30,0
30200,94107,31,0
30200,94108,32,0
30200,94109,33,0
30200,94110,34,0
30200,94111,35,0
30200,94112,36,0
30200,93482,37,0
30200,93484,38,0
30200,93485,39,0
30200,533,40,0
30200,94094,41,0
30200,94093,42,0
30200,93026,43,0
30200,3556,44,0
30200,93937,45,0
30200,3542,46,0
30200,90076,47,0
30200,698,48,1
30200,3628,49,0
30200,3629,50,1
30201,698,1,0
30201,3608,2,0
30201,2712,3,0
30201,705,4,0
30201,3557,5,0
30201,3633,6,0
30201,93553,7,0
30201,3619,8,0
30201,497,9,0
30201,3617,10,0
30201,3618,11,0
30201,505,12,0
30201,506,13,0
30201,507,14,0
30201,3548,15,0
30201,3545,16,0
30201,3543,17,0
30201,3544,18,0
30201,514,19,0
30201,513,20,0
30201,512,21,0
30201,511,22,0
30201,3627,23,0
30201,3549,24,0
30201,535,25,0
30201,94105,26,0
30201,191,27,0
30201,93040,28,0
30201,192,29,0
30201,193,30,0
30201,195,31,0
30201,196,32,0
30201,197,33,0
30201,198,34,0
30201,199,35,0
30201,200,36,0
30201,201,37,0
30201,202,38,0
30201,203,39,0
30201,204,40,0
30201,205,41,0
30201,206,42,0
30201,207,43,0
30201,208,44,0
30201,209,45,0
30201,210,46,0
30201,211,47,0
30201,212,48,0
30201,213,49,0
30201,214,50,0
30201,215,51,0
30201,216,52,0
30201,217,53,0
30201,2576,54,1
30600,2576,1,0
30600,166,2,0
30600,167,3,0
30600,89,4,0
30600,90,5,0
30600,91,6,0
30600,94213,7,0
30600,94214,8,0
30600,404,9,0
30600,405,10,0
30600,406,11,0
30600,93749,12,0
30600,936031,13,0
30600,94274,14,0
30600,93608,15,0
30600,471,16,0
30600,93611,17,0
30600,472,18,0
30600,473,19,0
30600,94280,20,0
30600,94279,21,0
30600,94223,22,0
30600,94224,23,0
30600,94225,24,0
30600,151,25,0
30600,152,26,0
30600,216,27,0
30600,217,28,0
30601,2576,1,0
30601,166,2,0
30601,167,3,0
30601,89,4,0
30601,90,5,0
30601,91,6,0
30601,94213,7,0
30601,94214,8,0
30601,93261,9,0
30601,93258,10,0
30601,93262,11,0
30601,469,12,0
30601,93610,13,0
30601,470,14,0
30601,94281,15,0
30601,94275,16,0
30601,417,17,0
30601,418,18,0
30601,419,19,0
30601,94223,20,0
30601,94224,21,0
30601,94225,22,0
30601,151,23,0
30601,152,24,0
30601,216,25,0
30601,217,26,0
31900,2576,1,0
31900,260,2,0
31900,261,3,0
31900,330,4,0
31900,332,5,0
31900,334,6,0
31900,94181,7,0
31900,94183,8,0
31900,225,9,0
31900,226,10,0
31900,93433,11,0
31900,227,12,0
31900,228,13,0
31900,94180,14,0
31900,94177,15,0
31900,10,16,0
31900,11,17,0
31900,12,18,0
31900,13,19,0
31900,14,20,1
31901,14,1,0
31901,15,2,0
31901,16,3,0
31901,17,4,0
31901,18,5,0
31901,378,6,0
31901,379,7,0
31901,380,8,0
31901,381,9,0
31901,245,10,0
31901,246,11,0
31901,94174,12,0
31901,94175,13,0
31901,94176,14,0
31901,28,15,0
31901,29,16,0
31901,30,17,0
31901,31,18,0
31901,94178,19,0
31901,94179,20,0
31901,255,21,0
31901,256,22,0
31901,257,23,0
31901,93434,24,0
31901,258,25,0
31901,259,26,0
31901,94184,27,0
31901,94182,28,0
31901,326,29,0
31901,327,30,0
31901,328,31,0
31901,329,32,0
31901,2576,33,1
39200,58,1,0
39200,3588,2,0
39200,93059,3,0
39200,59,4,0
39200,60,5,0
39200,61,6,0
39200,63,7,0
39200,64,8,0
39200,2576,9,1
39201,2576,1,0
39201,42,2,0
39201,43,3,0
39201,3584,4,0
39201,3585,5,0
39201,57,6,0
39201,93058,7,0
39201,58,8,1
40300,2585,1,0
40300,262,2,0
40300,318,3,0
40300,319,4,0
40300,320,5,0
40300,93243,6,0
40300,93463,7,0
40300,93465,8,0
40300,93459,9,0
40300,93461,10,0
40300,93246,11,0
40300,939,12,0
40300,963,13,0
40300,993,14,0
40300,994,15,0
40300,984,16,0
40300,985,17,0
40300,995,18,0
40300,996,19,0
40300,997,20,0
40300,998,21,0
40300,999,22,0
40300,1000,23,0
40300,1001,24,0
40300,1002,25,0
40300,1003,26,0
40300,93708,27,0
40300,3587,28,0
40300,1132,29,0
40300,1276,30,0
40300,1277,31,0
40300,1278,32,0
40300,2595,33,1
40301,2595,1,0
40301,1287,2,0
40301,1288,3,0
40301,1289,4,0
40301,1362,5,0
40301,3586,6,0
40301,93707,7,0
40301,1014,8,0
40301,1015,9,0
40301,1016,10,0
40301,1017,11,0
40301,1018,12,0
40301,1019,13,0
40301,990,14,0
40301,991,15,0
40301,992,16,0
40301,993,17,0
40301,970,18,0
40301,939,19,0
40301,973,20,0
40301,93462,21,0
40301,93460,22,0
40301,93464,23,0
40301,93527,24,0
40301,265,25,0
40301,266,26,0
40301,267,27,0
40301,268,28,0
40301,269,29,0
40301,270,30,0
40301,1052,31,0
40301,2585,32,1
40500,2595,1,0
40500,93054,2,0
40500,1280,3,0
40500,1281,4,0
40500,1282,5,0
40500,539,6,0
40500,541,7,0
40500,542,8,0
40500,543,9,0
40500,544,10,0
40500,94092,11,0
40500,94096,12,0
40500,94097,13,0
40500,94098,14,0
40500,719,15,0
40500,720,16,0
40500,721,17,0
40500,722,18,0
40500,93236,19,0
40500,724,20,0
40500,725,21,0
40500,3126,22,0
40500,90063,23,0
40500,90065,24,0
40500,3341,25,0
40500,3178,26,0
40500,3343,27,0
40500,93362,28,0
40500,93361,29,0
40500,93360,30,0
40500,93359,31,0
40500,93357,32,0
40500,90045,33,0
40500,93356,34,0
40500,93354,35,0
40500,3132,36,0
40500,3518,37,0
40500,817,38,1
40501,817,1,0
40501,3517,2,0
40501,93353,3,0
40501,93355,4,0
40501,93358,5,0
40501,90054,6,0
40501,90070,7,0
40501,90055,8,0
40501,90056,9,0
40501,90057,10,0
40501,90083,11,0
40501,3344,12,0
40501,3179,13,0
40501,3342,14,0
40501,90066,15,0
40501,90064,16,0
40501,3125,17,0
40501,3123,18,0
40501,749,19,0
40501,750,20,0
40501,751,21,0
40501,752,22,0
40501,753,23,0
40501,754,24,0
40501,755,25,0
40501,93377,26,0
40501,93379,27,0
40501,93521,28,0
40501,94099,29,0
40501,94091,30,0
40501,559,31,0
40501,560,32,0
40501,561,33,0
40501,93024,34,0
40501,93188,35,0
40501,563,36,0
40501,1283,37,0
40501,1284,38,0
40501,1285,39,0
40501,1286,40,0
40501,2595,41,1
40700,3114,1,0
40700,1083,2,0
40700,1084,3,0
40700,3262,4,0
40700,3263,5,0
40700,93183,6,0
40700,93765,7,0
40700,93712,8,0
40700,93711,9,0
40700,93710,10,0
40700,93700,11,0
40700,3118,12,0
40700,3116,13,0
40700,879,14,0
40700,881,15,0
40700,882,16,0
40700,883,17,0
40700,884,18,0
40700,885,19,0
40700,886,20,0
40700,887,21,0
40700,888,22,0
40700,889,23,0
40700,3269,24,0
40700,3270,25,0
40700,3271,26,0
40700,1371,27,0
40700,1372,28,0
40700,1353,29,0
40700,1354,30,0
40700,1355,31,0
40700,1356,32,0
40700,892,33,0
40700,93426,34,0
40700,90051,35,0
40700,90053,36,0
40700,93493,37,0
40700,93424,38,0
40700,93036,39,0
40700,817,40,1
40701,817,1,0
40701,90041,2,0
40701,90042,3,0
40701,90043,4,0
40701,90044,5,0
40701,90052,6,0
40701,910,7,0
40701,90050,8,0
40701,859,9,0
40701,861,10,0
40701,862,11,0
40701,863,12,0
40701,864,13,0
40701,865,14,0
40701,866,15,0
40701,867,16,0
40701,868,17,0
40701,869,18,0
40701,870,19,0
40701,872,20,0
40701,3115,21,0
40701,93718,22,0
40701,3117,23,0
40701,93713,24,0
40701,93714,25,0
40701,93715,26,0
40701,94070,27,0
40701,3109,28,0
40701,3110,29,0
40701,3111,30,0
40701,3566,31,0
40701,3564,32,0
40701,93597,33,0
40701,93598,34,0
40701,93000,35,0
40701,1101,36,0
40701,90014,37,0
40701,93189,38,0
40701,3113,39,0
40701,3114,40,1
40900,2595,1,0
40900,1280,2,0
40900,1281,3,0
40900,1282,4,0
40900,537,5,0
40900,343,6,0
40900,344,7,0
40900,345,8,0
40900,445,9,0
40900,446,10,0
40900,447,11,0
40900,448,12,0
40900,449,13,0
40900,451,14,0
40900,452,15,0
40900,3416,16,0
40900,346,17,0
40900,348,18,0
40900,349,19,0
40900,350,20,0
40900,352,21,0
40900,353,22,0
40900,354,23,0
40900,355,24,0
40900,356,25,0
40900,93736,26,0
40900,93735,27,0
40900,94247,28,0
40900,94199,29,0
40900,705,30,0
40900,3557,31,0
40900,3603,32,1
40901,93026,1,0
40901,3556,2,0
40901,93937,3,0
40901,3542,4,0
40901,94211,5,0
40901,94198,6,0
40901,94248,7,0
40901,293,8,0
40901,294,9,0
40901,295,10,0
40901,296,11,0
40901,297,12,0
40901,298,13,0
40901,300,14,0
40901,302,15,0
40901,303,16,0
40901,304,17,0
40901,3419,18,0
40901,3417,19,0
40901,387,20,0
40901,93249,21,0
40901,93248,22,0
40901,93247,23,0
40901,438,24,0
40901,439,25,0
40901,441,26,0
40901,442,27,0
40901,536,28,0
40901,1283,29,0
40901,1284,30,0
40901,1285,31,0
40901,488,32,0
40901,565,33,0
40901,566,34,0
40901,567,35,0
40901,952,36,0
40901,93455,37,0
40901,93376,38,0
40901,93429,39,0
40901,93439,40,0
40901,93551,41,0
40901,953,42,0
40901,955,43,0
40901,1286,44,0
40901,2595,45,1
41000,2595,1,0
41000,1287,2,0
41000,1288,3,0
41000,1289,4,0
41000,3228,5,0
41000,94151,6,0
41000,1297,7,0
41000,1298,8,0
41000,1299,9,0
41000,93027,10,0
41000,1300,11,0
41000,1301,12,0
41000,1302,13,0
41000,1303,14,0
41000,1304,15,0
41000,1305,16,0
41000,1153,17,0
41000,1154,18,0
41000,93552,19,0
41000,1155,20,0
41000,1138,21,0
41000,1139,22,0
41000,1140,23,0
41000,1141,24,0
41000,1142,25,0
41000,584,26,0
41000,638,27,0
41000,639,28,0
41000,640,29,0
41000,641,30,0
41000,642,31,0
41000,643,32,0
41000,644,33,0
41000,645,34,0
41000,646,35,0
41000,647,36,0
41000,648,37,0
41000,649,38,0
41000,90079,39,0
41000,94195,40,0
41000,90040,41,0
41000,93425,42,0
41000,812,43,1
41001,812,1,0
41001,90038,2,0
41001,94194,3,0
41001,90080,4,0
41001,799,5,0
41001,800,6,0
41001,801,7,0
41001,802,8,0
41001,803,9,0
41001,804,10,0
41001,805,11,0
41001,806,12,0
41001,807,13,0
41001,808,14,0
41001,809,15,0
41001,585,16,0
41001,93432,17,0
41001,1145,18,0
41001,1146,19,0
41001,1147,20,0
41001,1148,21,0
41001,1149,22,0
41001,1150,23,0
41001,1151,24,0
41001,1152,25,0
41001,3636,26,0
41001,1257,27,0
41001,1258,28,0
41001,1259,29,0
41001,1260,30,0
41001,1261,31,0
41001,1262,32,0
41001,1263,33,0
41001,1264,34,0
41001,1265,35,0
41001,1266,36,0
41001,2604,37,0
41001,3227,38,0
41001,1276,39,0
41001,1277,40,0
41001,1278,41,0
41001,2595,42,1
41100,2595,1,0
41100,1287,2,0
41100,1288,3,0
41100,1289,4,0
41100,1362,5,0
41100,3586,6,0
41100,93707,7,0
41100,1055,8,0
41100,1056,9,0
41100,1057,10,0
41100,1058,11,0
41100,1059,12,0
41100,2709,13,0
41100,3110,14,0
41100,3111,15,0
41100,3566,16,0
41100,3564,17,0
41100,93597,18,0
41100,93598,19,0
41100,3114,20,0
41100,1066,21,0
41100,1067,22,0
41100,1068,23,0
41100,1069,24,0
41100,1070,25,0
41100,1071,26,0
41100,94162,27,0
41100,1339,28,0
41100,94154,29,0
41100,93301,30,0
41100,93537,31,0
41100,93305,32,0
41100,93306,33,0
41100,93307,34,0
41100,1245,35,0
41100,3553,36,0
41100,93323,37,0
41100,93325,38,0
41100,93326,39,0
41100,93328,40,0
41100,93330,41,0
41100,94040,42,0
41100,94041,43,0
41100,94042,44,0
41100,1220,45,1
41101,93111,1,0
41101,93338,2,0
41101,94037,3,0
41101,94038,4,0
41101,94039,5,0
41101,93329,6,0
41101,93327,7,0
41101,93324,8,0
41101,1217,9,0
41101,1226,10,0
41101,1227,11,0
41101,1228,12,0
41101,1229,13,0
41101,1230,14,0
41101,1231,15,0
41101,1232,16,0
41101,1233,17,0
41101,1234,18,0
41101,93536,19,0
41101,93534,20,0
41101,94155,21,0
41101,93293,22,0
41101,93466,23,0
41101,93347,24,0
41101,93348,25,0
41101,93349,26,0
41101,93350,27,0
41101,1080,28,0
41101,1118,29,0
41101,1119,30,0
41101,1120,31,0
41101,3562,32,0
41101,3563,33,0
41101,3565,34,0
41101,92719,35,0
41101,92003,36,0
41101,1088,37,0
41101,1089,38,0
41101,1090,39,0
41101,1091,40,0
41101,93708,41,0
41101,3587,42,0
41101,1132,43,0
41101,1276,44,0
41101,1277,45,0
41101,1278,46,0
41101,2595,47,1
41900,3603,1,0
41900,3592,2,0
41900,3604,3,0
41900,3605,4,0
41900,94115,5,0
41900,3579,6,0
41900,3423,7,0
41900,3127,8,0
41900,3128,9,0
41900,94052,10,0
41900,94051,11,0
41900,94050,12,0
41900,93354,13,0
41900,3132,14,0
41900,94272,15,0
41900,3133,16,0
41900,94048,17,0
41900,3134,18,0
41900,90079,19,0
41900,94195,20,0
41900,93425,21,0
41900,812,22,1
41901,812,1,0
41901,90038,2,0
41901,94194,3,0
41901,90080,4,0
41901,3135,5,0
41901,3637,6,0
41901,3136,7,0
41901,94271,8,0
41901,3137,9,0
41901,93353,10,0
41901,94049,11,0
41901,93562,12,0
41901,93564,13,0
41901,93568,14,0
41901,3537,15,0
41901,3535,16,0
41901,3422,17,0
41901,3366,18,0
41901,3580,19,0
41901,3602,20,0
41901,3601,21,0
41901,3600,22,0
41901,3591,23,0
41901,93026,24,1
42100,2585,1,0
42100,1053,2,0
42100,941,3,0
42100,942,4,0
42100,1286,5,0
42100,2595,6,0
42100,1287,7,0
42100,1288,8,0
42100,1289,9,0
42100,1362,10,0
42100,3586,11,0
42100,93707,12,0
42100,1055,13,0
42100,1056,14,0
42100,1057,15,0
42100,1058,16,0
42100,1059,17,0
42100,2709,18,0
42100,3110,19,0
42100,3111,20,0
42100,3566,21,0
42100,3564,22,0
42100,93597,23,0
42100,93598,24,0
42100,93000,25,0
42100,1101,26,0
42100,90014,27,0
42100,93189,28,0
42100,3113,29,0
42100,3114,30,0
42100,1066,31,0
42100,1067,32,0
42100,1068,33,0
42100,1069,34,0
42100,1070,35,0
42100,1071,36,0
42100,94162,37,0
42100,1339,38,0
42100,94154,39,0
42100,93301,40,0
42100,93537,41,0
42100,93305,42,0
42100,93306,43,0
42100,93307,44,0
42100,93338,45,0
42100,94037,46,0
42100,94038,47,0
42100,94039,48,0
42100,93329,49,0
42100,93327,50,0
42100,93324,51,0
42100,1217,52,0
42100,1226,53,0
42100,1227,54,0
42100,1228,55,0
42100,1229,56,0
42100,1230,57,0
42100,1231,58,0
42100,1232,59,0
42101,1217,1,0
42101,1226,2,0
42101,1227,3,0
42101,1228,4,0
42101,1229,5,0
42101,1230,6,0
42101,1231,7,0
42101,1232,8,0
42101,1233,9,0
42101,1234,10,0
42101,93536,11,0
42101,93534,12,0
42101,94155,13,0
42101,93293,14,0
42101,93466,15,0
42101,93347,16,0
42101,93348,17,0
42101,93349,18,0
42101,93350,19,0
42101,1080,20,0
42101,1118,21,0
42101,1119,22,0
42101,1120,23,0
42101,93000,24,0
42101,1101,25,0
42101,90014,26,0
42101,93189,27,0
42101,3113,28,0
42101,3562,29,0
42101,3563,30,0
42101,3565,31,0
42101,92719,32,0
42101,92003,33,0
42101,1088,34,0
42101,1089,35,0
42101,1090,36,0
42101,1091,37,0
42101,93708,38,0
42101,3587,39,0
42101,1132,40,0
42101,1276,41,0
42101,1277,42,0
42101,1278,43,0
42101,2595,44,0
42101,958,45,0
42101,959,46,0
42101,2585,47,1
42300,2595,1,0
42300,1287,2,0
42300,1288,3,0
42300,1289,4,0
42300,3228,5,0
42300,94151,6,0
42300,1297,7,0
42300,1298,8,0
42300,1299,9,0
42300,93027,10,0
42300,1300,11,0
42300,1301,12,0
42300,1302,13,0
42300,1303,14,0
42300,1304,15,0
42300,1305,16,0
42300,1306,17,0
42300,1307,18,0
42300,1308,19,0
42300,1309,20,0
42300,94159,21,0
42300,94166,22,0
42300,94163,23,0
42300,94165,24,0
42300,94164,25,0
42300,786,26,0
42300,787,27,0
42300,94148,28,0
42300,94150,29,0
42300,743,30,0
42300,744,31,0
42300,745,32,0
42300,746,33,0
42300,1142,34,0
42300,584,35,0
42300,93369,36,0
42300,93453,37,0
42300,93368,38,0
42300,93366,39,0
42300,1143,40,0
42300,1144,41,0
42300,93177,42,0
42300,812,43,1
42301,812,1,0
42301,815,2,0
42301,911,3,0
42301,912,4,0
42301,913,5,0
42301,93365,6,0
42301,93367,7,0
42301,93454,8,0
42301,93370,9,0
42301,93432,10,0
42301,729,11,0
42301,730,12,0
42301,732,13,0
42301,94149,14,0
42301,773,15,0
42301,774,16,0
42301,775,17,0
42301,94168,18,0
42301,94169,19,0
42301,94167,20,0
42301,94170,21,0
42301,94160,22,0
42301,1252,23,0
42301,1255,24,0
42301,1257,25,0
42301,1258,26,0
42301,1259,27,0
42301,1260,28,0
42301,1261,29,0
42301,1262,30,0
42301,1263,31,0
42301,1264,32,0
42301,1265,33,0
42301,1266,34,0
42301,2604,35,0
42301,3227,36,0
42301,1276,37,0
42301,1277,38,0
42301,1278,39,0
42301,2595,40,1
50200,93732,1,0
50200,3143,2,0
50200,3144,3,0
50200,3167,4,0
50200,3345,5,0
50200,3141,6,0
50200,3170,7,0
50200,3145,8,0
50200,3244,9,0
50200,93720,10,0
50200,3163,11,0
50200,93469,12,0
50200,3347,13,0
50200,93733,14,0
50200,1452,15,0
50200,94131,16,0
50200,94132,17,0
50200,94133,18,0
50200,94134,19,0
50200,94135,20,0
50200,94136,21,0
50200,93801,22,0
50200,93810,23,0
50200,94128,24,0
50200,94129,25,0
50200,94138,26,0
50200,94139,27,0
50200,94140,28,0
50200,94141,29,0
50200,94142,30,0
50200,94143,31,0
50200,94144,32,0
50200,94145,33,0
50200,94146,34,0
50200,94147,35,0
50200,94126,36,0
50200,1499,37,0
50200,3279,38,0
50200,1498,39,1
50201,1498,1,0
50201,3149,2,0
50201,3150,3,0
50201,3151,4,0
50201,3161,5,0
50201,3249,6,0
50201,3250,7,0
50201,3251,8,0
50201,3154,9,0
50201,3173,10,0
50201,3155,11,0
50201,93810,12,0
50201,94128,13,0
50201,94129,14,0
50201,90034,15,0
50201,90035,16,0
50201,1476,17,0
50201,1477,18,0
50201,1478,19,0
50201,1479,20,0
50201,1480,21,0
50201,1432,22,0
50201,1433,23,0
50201,93734,24,0
50201,94130,25,0
50201,3163,26,0
50201,93469,27,0
50201,3347,28,0
50201,1504,29,0
50201,93732,30,1
50700,1498,1,0
50700,1494,2,0
50700,94231,3,0
50700,94230,4,0
50700,1416,5,0
50700,1414,6,0
50700,1412,7,0
50700,94241,8,0
50700,93472,9,0
50700,94226,10,0
50700,94227,11,0
50700,94228,12,0
50700,1408,13,0
50700,1392,14,0
50700,1395,15,1
50701,1395,1,0
50701,1396,2,0
50701,93532,3,0
50701,93533,4,0
50701,1410,5,0
50701,94241,6,0
50701,93472,7,0
50701,94226,8,0
50701,94227,9,0
50701,94228,10,0
50701,1411,11,0
50701,1413,12,0
50701,1415,13,0
50701,94229,14,0
50701,3277,15,0
50701,3278,16,0
50701,1499,17,0
50701,3279,18,0
50701,1498,19,1
60500,93704,1,0
60500,2424,2,0
60500,2438,3,0
60500,2425,4,0
60500,2426,5,0
60500,2427,6,0
60500,2436,7,0
60500,93020,8,0
60500,93063,9,0
60500,2416,10,0
60500,2417,11,0
60500,2418,12,0
60500,93019,13,0
60500,2419,14,0
60500,2420,15,0
60500,2437,16,0
60500,2421,17,0
60500,3635,18,0
60500,2441,19,0
60500,2442,20,0
60500,2428,21,0
60500,2429,22,0
60500,2430,23,0
60500,94270,24,0
60500,2443,25,0
60500,2422,26,0
90000,3589,1,0
90000,7698,2,0
90000,93255,3,0
90000,93227,4,0
90000,93061,5,0
90000,1776,6,0
90000,1777,7,0
90000,1778,8,0
90000,1779,9,0
90000,1780,10,0
90000,1781,11,0
90000,1782,12,0
90000,1783,13,0
90000,93112,14,0
90000,93450,15,0
90000,93542,16,0
90000,1786,17,0
90000,1787,18,0
90000,1789,19,0
90000,1790,20,0
90000,93048,21,0
90000,2233,22,0
90000,2234,23,0
90000,2235,24,0
90000,2236,25,0
90000,2238,26,0
90000,2240,27,0
90000,2241,28,0
90000,2242,29,0
90000,93254,30,0
90000,92072,31,0
90000,2218,32,0
90000,2220,33,0
90000,2221,34,0
90000,412,35,0
90000,413,36,0
90000,93747,37,0
90000,417,38,0
90000,418,39,0
90000,419,40,0
90000,422,41,0
90000,424,42,0
90000,425,43,0
90000,427,44,0
90000,431,45,0
90000,432,46,0
90000,434,47,0
90000,450,48,0
90000,451,49,0
90000,452,50,0
90000,453,51,0
90000,1175,52,0
90000,1176,53,0
90000,1177,54,0
90000,1178,55,0
90000,1181,56,0
90000,1183,57,0
90000,2603,58,0
90000,1242,59,0
90000,1185,60,0
90000,1186,61,0
90000,3118,62,1
90001,1163,1,0
90001,1164,2,0
90001,1165,3,0
90001,1166,4,0
90001,1167,5,0
90001,1169,6,0
90001,1171,7,0
90001,1172,8,0
90001,1173,9,0
90001,1174,10,0
90001,386,11,0
90001,387,12,0
90001,388,13,0
90001,389,14,0
90001,391,15,0
90001,393,16,0
90001,394,17,0
90001,396,18,0
90001,398,19,0
90001,400,20,0
90001,401,21,0
90001,404,22,0
90001,405,23,0
90001,406,24,0
90001,93749,25,0
90001,410,26,0
90001,411,27,0
90001,1587,28,0
90001,1588,29,0
90001,1590,30,0
90001,1591,31,0
90001,1593,32,0
90001,1594,33,0
90001,1595,34,0
90001,1596,35,0
90001,1598,36,0
90001,1599,37,0
90001,1600,38,0
90001,1601,39,0
90001,1602,40,0
90001,1603,41,0
90001,1604,42,0
90001,1607,43,0
90001,1915,44,0
90001,93112,45,1
90001,1608,46,0
90001,1609,47,0
90001,1610,48,0
90001,1611,49,0
90001,1612,50,0
90001,1613,51,0
90001,3590,52,0
90001,1742,53,0
90001,1615,54,0
90001,1616,55,0
90001,1617,56,0
90001,93060,57,0
90001,93240,58,1
90001,93259,59,1
90001,9473,60,1
90001,3589,61,1
90100,1029,1,0
90100,1030,2,0
90100,1032,3,0
90100,1033,4,0
90100,987,5,0
90100,988,6,0
90100,989,7,0
90100,1020,8,0
90100,1096,9,0
90100,1097,10,0
90100,90015,11,0
90100,668,12,0
90100,669,13,0
90100,670,14,0
90100,671,15,0
90100,2595,16,0
90100,1287,17,0
90100,1288,18,0
90100,1289,19,0
90100,3228,20,0
90100,672,21,0
90100,674,22,0
90100,93178,23,0
90100,677,24,0
90100,678,25,0
90100,679,26,0
90100,680,27,0
90100,682,28,0
90100,605,29,0
90100,685,30,0
90100,687,31,0
90100,689,32,0
90100,94188,33,0
90100,691,34,0
90100,693,35,0
90100,695,36,0
90100,698,37,0
90100,3608,38,0
90100,2712,39,0
90100,705,40,0
90100,3557,41,0
90100,3603,42,0
90100,93026,43,1
90101,93026,1,0
90101,3556,2,0
90101,93937,3,0
90101,3542,4,0
90101,90076,5,0
90101,698,6,0
90101,94189,7,0
90101,706,8,0
90101,707,9,0
90101,710,10,0
90101,711,11,0
90101,713,12,0
90101,714,13,0
90101,716,14,0
90101,650,15,0
90101,652,16,0
90101,654,17,0
90101,655,18,0
90101,657,19,0
90101,659,20,0
90101,661,21,0
90101,663,22,0
90101,3227,23,0
90101,1276,24,0
90101,1277,25,0
90101,1278,26,0
90101,2595,27,1
90101,664,28,0
90101,665,29,0
90101,666,30,0
90101,667,31,0
90101,3567,32,0
90101,3569,33,0
90101,3570,34,0
90101,1023,35,0
90101,1024,36,0
90101,1025,37,0
90101,1027,38,0
90101,93028,39,0
90101,1029,40,1
90200,2585,1,0
90200,1053,2,0
90200,941,3,0
90200,942,4,0
90200,1286,5,0
90200,2595,6,0
90200,1287,7,0
90200,1288,8,0
90200,1289,9,0
90200,1363,10,0
90200,1364,11,0
90200,1181,12,0
90200,1183,13,0
90200,2603,14,0
90200,1242,15,0
90200,1185,16,0
90200,1186,17,0
90200,1187,18,0
90200,1188,19,0
90200,1189,20,0
90200,1190,21,0
90200,1192,22,0
90200,1193,23,0
90200,1194,24,0
90200,1195,25,0
90200,1196,26,0
90200,1197,27,0
90200,1198,28,0
90200,1199,29,0
90200,1200,30,0
90200,1224,31,0
90200,1225,32,0
90200,1244,33,0
90200,93111,34,0
90200,93338,35,0
90200,94037,36,0
90200,94038,37,0
90200,94039,38,0
90200,93329,39,0
90200,93327,40,0
90200,93324,41,0
90200,1217,42,0
90200,1226,43,0
90200,1227,44,0
90200,1228,45,0
90200,1229,46,0
90200,1230,47,0
90200,1231,48,0
90200,1232,49,0
90200,1220,50,1
90200,1245,51,0
90200,93721,52,0
90200,93725,53,0
90200,93727,54,0
90200,93729,55,0
90200,93731,56,0
90200,93705,57,0
90200,3165,58,0
90200,3172,59,0
90200,93720,60,0
90200,93733,61,0
90200,1452,62,0
90200,1479,63,0
90200,1480,64,0
90200,1454,65,0
90200,1455,66,0
90200,1456,67,0
90200,1499,68,0
90200,3279,69,0
90200,1498,70,1
90201,1498,1,0
90201,1430,2,0
90201,1431,3,0
90201,1432,4,0
90201,1433,5,0
90201,93734,6,0
90201,1504,7,0
90201,93732,8,0
90201,3346,9,0
90201,1436,10,0
90201,93730,11,0
90201,93728,12,0
90201,93726,13,0
90201,93724,14,0
90201,1218,15,0
90201,1219,16,0
90201,1220,17,0
90201,1221,18,0
90201,1222,19,0
90201,1223,20,0
90201,1133,21,0
90201,1134,22,0
90201,1135,23,0
90201,1136,24,0
90201,1137,25,0
90201,1156,26,0
90201,1157,27,0
90201,1158,28,0
90201,1159,29,0
90201,1160,30,0
90201,1161,31,0
90201,1162,32,0
90201,1163,33,0
90201,1164,34,0
90201,1165,35,0
90201,1166,36,0
90201,1167,37,0
90201,1359,38,0
90201,1360,39,0
90201,1361,40,0
90201,1276,41,0
90201,1277,42,0
90201,1278,43,0
90201,2595,44,0
90201,958,45,0
90201,959,46,0
90201,2585,47,1
90500,2576,1,0
90500,260,2,0
90500,261,3,0
90500,330,4,0
90500,332,5,0
90500,334,6,0
90500,335,7,0
90500,94238,8,0
90500,272,9,0
90500,274,10,0
90500,275,11,0
90500,276,12,0
90500,277,13,0
90500,278,14,0
90500,279,15,0
90500,309,16,0
90500,281,17,0
90500,283,18,0
90500,94191,19,0
90500,93185,20,0
90500,93186,21,0
90500,3106,22,0
90500,3107,23,0
90500,93739,24,0
90500,93738,25,0
90500,93737,26,0
90500,93736,27,0
90500,93735,28,0
90500,385,29,0
90500,835,30,0
90500,836,31,0
90500,837,32,0
90500,838,33,0
90500,839,34,0
90500,840,35,0
90500,841,36,0
90500,691,37,0
90500,693,38,0
90500,695,39,0
90500,697,40,0
90500,3608,41,0
90500,2712,42,0
90500,705,43,0
90500,3557,44,0
90500,3633,45,0
90500,2456,46,0
90500,2457,47,0
90500,2462,48,0
90500,2463,49,0
90500,2733,50,0
90500,2734,51,0
90500,2735,52,0
90500,2737,53,0
90500,2739,54,0
90500,2473,55,0
90500,2475,56,0
90500,93102,57,0
90500,3300,58,0
90500,2509,59,0
90500,2510,60,0
90500,2512,61,0
90500,93106,62,0
90500,2491,63,0
90500,2503,64,0
90500,3340,65,0
90500,2514,66,0
90500,2515,67,0
90500,2749,68,0
90500,2454,69,0
90500,2455,70,0
90500,2451,71,0
90500,2449,72,0
90500,2447,73,0
90500,2431,74,0
90500,3224,75,0
90500,2433,76,0
90500,2434,77,0
90500,2443,78,0
90500,2422,79,0
90500,93704,80,1
90500,94276,81,0
90500,94277,82,1
90501,93704,1,0
90501,93740,2,0
90501,3635,3,0
90501,2441,4,0
90501,2442,5,0
90501,2428,6,0
90501,2429,7,0
90501,2430,8,0
90501,2446,9,0
90501,2448,10,0
90501,2450,11,0
90501,2452,12,0
90501,2453,13,0
90501,2500,14,0
90501,2501,15,0
90501,3339,16,0
90501,2512,17,0
90501,93106,18,0
90501,2491,19,0
90501,2503,20,0
90501,2505,21,0
90501,2506,22,0
90501,3300,23,0
90501,2516,24,0
90501,2517,25,0
90501,2476,26,0
90501,2478,27,0
90501,2740,28,0
90501,2741,29,0
90501,2743,30,0
90501,2744,31,0
90501,2745,32,0
90501,2464,33,0
90501,2465,34,0
90501,2458,35,0
90501,2459,36,0
90501,93026,37,0
90501,94277,38,0
90501,94278,39,0
90501,3556,40,0
90501,93937,41,0
90501,3542,42,0
90501,90076,43,0
90501,94189,44,0
90501,706,45,0
90501,707,46,0
90501,710,47,0
90501,3533,48,0
90501,829,49,0
90501,830,50,0
90501,831,51,0
90501,832,52,0
90501,833,53,0
90501,834,54,0
90501,293,55,0
90501,294,56,0
90501,295,57,0
90501,3420,58,0
90501,3421,59,0
90501,3409,60,0
90501,3410,61,0
90501,3411,62,0
90501,3413,63,0
90501,3415,64,0
90501,310,65,0
90501,311,66,0
90501,312,67,0
90501,313,68,0
90501,314,69,0
90501,315,70,0
90501,316,71,0
90501,317,72,0
90501,93242,73,0
90501,321,74,0
90501,322,75,0
90501,323,76,0
90501,326,77,0
90501,327,78,0
90501,328,79,0
90501,329,80,0
90501,2576,81,1
91500,2569,1,0
91500,2282,2,0
91500,2283,3,0
91500,2285,4,0
91500,2286,5,0
91500,2287,6,0
91500,2288,7,0
91500,2252,8,0
91500,2253,9,0
91500,2254,10,0
91500,92043,11,0
91500,2256,12,0
91500,2257,13,0
91500,93056,14,0
91500,2729,15,0
91500,2398,16,0
91500,2399,17,0
91500,2400,18,0
91500,2401,19,0
91500,2402,20,0
91500,2403,21,0
91500,94102,22,0
91500,2705,23,0
91500,373,24,0
91500,374,25,0
91500,93083,26,0
91500,125,27,0
91500,375,28,0
91500,376,29,0
91500,377,30,0
91500,90078,31,0
91500,378,32,0
91500,379,33,0
91500,380,34,0
91500,381,35,0
91500,382,36,0
91500,383,37,0
91500,384,38,0
91500,385,39,0
91500,835,40,0
91500,836,41,0
91500,837,42,0
91500,838,43,0
91500,839,44,0
91500,840,45,0
91500,841,46,0
91500,3534,47,0
91500,3532,48,0
91500,843,49,0
91500,844,50,0
91500,845,51,0
91500,847,52,0
91500,848,53,0
91500,94261,54,0
91500,94264,55,0
91500,94267,56,0
91500,94268,57,0
91500,94271,58,0
91500,94250,59,1
91501,94249,1,0
91501,94272,2,0
91501,94269,3,0
91501,94266,4,0
91501,94265,5,0
91501,94262,6,0
91501,823,7,0
91501,824,8,0
91501,826,9,0
91501,827,10,0
91501,828,11,0
91501,3531,12,0
91501,3533,13,0
91501,829,14,0
91501,830,15,0
91501,831,16,0
91501,832,17,0
91501,833,18,0
91501,834,19,0
91501,362,20,0
91501,363,21,0
91501,364,22,0
91501,365,23,0
91501,366,24,0
91501,367,25,0
91501,2713,26,0
91501,90088,27,0
91501,368,28,0
91501,369,29,0
91501,370,30,0
91501,371,31,0
91501,372,32,0
91501,2707,33,0
91501,2704,34,0
91501,94101,35,0
91501,2404,36,0
91501,2405,37,0
91501,2708,38,0
91501,2406,39,0
91501,2407,40,0
91501,2730,41,0
91501,93055,42,0
91501,2246,43,0
91501,2247,44,0
91501,2248,45,0
91501,2249,46,0
91501,2250,47,0
91501,2258,48,0
91501,2259,49,0
91501,2260,50,0
91501,2261,51,0
91501,2262,52,0
91501,2263,53,0
91501,2264,54,0
91501,2265,55,0
91501,3322,56,0
91501,2266,57,0
91501,2268,58,0
91501,2569,59,1
91600,93112,1,0
91600,93450,2,0
91600,93542,3,0
91600,1786,4,0
91600,1787,5,0
91600,1724,6,0
91600,3560,7,0
91600,1846,8,0
91600,1847,9,0
91600,93457,10,0
91600,93442,11,0
91600,3435,12,0
91600,3434,13,0
91600,3431,14,0
91600,3430,15,0
91600,92016,16,0
91600,92017,17,0
91600,2168,18,0
91600,2169,19,0
91600,3295,20,0
91600,3302,21,0
91600,3314,22,0
91600,2171,23,0
91600,2172,24,0
91600,2173,25,0
91600,2174,26,0
91600,2175,27,0
91600,93608,28,0
91600,471,29,0
91600,93611,30,0
91600,472,31,0
91600,473,32,0
91600,474,33,0
91600,476,34,0
91600,477,35,0
91600,480,36,0
91600,481,37,0
91600,482,38,0
91600,483,39,0
91600,484,40,0
91600,485,41,0
91600,486,42,0
91600,487,43,0
91600,488,44,0
91600,565,45,0
91600,566,46,0
91600,567,47,0
91600,569,48,0
91600,570,49,0
91600,571,50,0
91600,573,51,0
91600,574,52,0
91600,575,53,0
91600,576,54,0
91600,577,55,0
91600,93035,56,0
91600,581,57,0
91600,582,58,0
91600,583,59,0
91600,93369,60,0
91600,93453,61,0
91600,93368,62,0
91600,93366,63,0
91600,1143,64,0
91600,1144,65,0
91600,93177,66,0
91600,810,67,0
91600,93036,68,0
91600,3517,69,0
91600,94249,70,1
91601,94250,1,0
91601,3518,2,0
91601,93425,3,0
91601,911,4,0
91601,912,5,0
91601,913,6,0
91601,93365,7,0
91601,93367,8,0
91601,93454,9,0
91601,93370,10,0
91601,586,11,0
91601,587,12,0
91601,588,13,0
91601,591,14,0
91601,592,15,0
91601,593,16,0
91601,594,17,0
91601,595,18,0
91601,596,19,0
91601,597,20,0
91601,598,21,0
91601,599,22,0
91601,600,23,0
91601,602,24,0
91601,603,25,0
91601,604,26,0
91601,454,27,0
91601,455,28,0
91601,456,29,0
91601,457,30,0
91601,458,31,0
91601,459,32,0
91601,460,33,0
91601,461,34,0
91601,462,35,0
91601,464,36,0
91601,465,37,0
91601,467,38,0
91601,468,39,0
91601,469,40,0
91601,93610,41,0
91601,470,42,0
91601,93609,43,0
91601,2176,44,0
91601,2177,45,0
91601,2178,46,0
91601,2179,47,0
91601,2244,48,0
91601,3315,49,0
91601,92041,50,0
91601,92042,51,0
91601,3294,52,0
91601,93143,53,0
91601,93057,54,0
91601,93016,55,0
91601,3296,56,0
91601,3550,57,0
91601,3432,58,0
91601,3433,59,0
91601,3510,60,0
91601,93441,61,0
91601,93458,62,0
91601,3367,63,0
91601,1861,64,0
91601,93191,65,0
91601,1604,66,0
91601,1607,67,0
91601,1915,68,0
91601,93112,69,1
91700,94125,1,0
91700,1741,2,0
91700,1694,3,0
91700,1695,4,0
91700,1760,5,0
91700,1761,6,0
91700,1762,7,0
91700,1763,8,0
91700,1764,9,0
91700,2004,10,0
91700,2299,11,0
91700,2280,12,0
91700,2281,13,0
91700,2569,14,0
91700,2331,15,0
91700,2332,16,0
91700,2333,17,0
91700,93596,18,0
91700,2334,19,0
91700,2335,20,0
91700,93622,21,0
91700,2307,22,0
91700,2308,23,0
91700,2309,24,0
91700,2718,25,0
91700,2310,26,0
91700,3060,27,0
91700,3061,28,0
91700,93557,29,0
91700,93558,30,0
91700,93559,31,0
91700,3105,32,0
91700,93115,33,0
91700,63,34,0
91700,64,35,0
91700,2576,36,0
91700,260,37,0
91700,261,38,0
91700,330,39,0
91700,332,40,0
91700,334,41,0
91700,335,42,0
91700,337,43,0
91700,339,44,0
91700,941,45,0
91700,942,46,0
91700,1286,47,0
91700,2595,48,1
91701,2595,1,0
91701,958,2,0
91701,959,3,0
91701,93276,4,0
91701,93257,5,0
91701,340,6,0
91701,339,7,0
91701,342,8,0
91701,321,9,0
91701,322,10,0
91701,323,11,0
91701,326,12,0
91701,327,13,0
91701,328,14,0
91701,329,15,0
91701,2576,16,0
91701,42,17,0
91701,43,18,0
91701,90007,19,0
91701,45,20,0
91701,93554,21,0
91701,93555,22,0
91701,93556,23,0
91701,93158,24,0
91701,93159,25,0
91701,2311,26,0
91701,2312,27,0
91701,2313,28,0
91701,2314,29,0
91701,2315,30,0
91701,2316,31,0
91701,93706,32,0
91701,2326,33,0
91701,2327,34,0
91701,93595,35,0
91701,2328,36,0
91701,2329,37,0
91701,2330,38,0
91701,2569,39,0
91701,2574,40,0
91701,2269,41,0
91701,2270,42,0
91701,2324,43,0
91701,2323,44,0
91701,1765,45,0
91701,1766,46,0
91701,1767,47,0
91701,1768,48,0
91701,1769,49,0
91701,1770,50,0
91701,1771,51,0
91701,1729,52,0
91701,93542,53,0
91701,1915,54,0
91701,94125,55,1
92000,93998,1,0
92000,94242,2,0
92000,93999,3,0
92000,94002,4,0
92000,94006,5,0
92000,94007,6,0
92000,94009,7,0
92000,94236,8,0
92000,94237,9,0
92000,94029,10,0
92000,93227,11,0
92000,93061,12,0
92000,1776,13,0
92000,1777,14,0
92000,1778,15,0
92000,1779,16,0
92000,1780,17,0
92000,1781,18,0
92000,1782,19,0
92000,1783,20,0
92000,93542,21,0
92000,1786,22,0
92000,1787,23,0
92000,1789,24,0
92000,1790,25,0
92000,93048,26,0
92000,2233,27,0
92000,2234,28,0
92000,2235,29,0
92000,2236,30,0
92000,3029,31,0
92000,2238,32,0
92000,2240,33,0
92000,2241,34,0
92000,2242,35,0
92000,93152,36,0
92000,93150,37,0
92000,93148,38,0
92000,93146,39,0
92000,3043,40,0
92000,2172,41,0
92000,2173,42,0
92000,2174,43,0
92000,2175,44,0
92000,93608,45,0
92000,471,46,0
92000,93611,47,0
92000,472,48,0
92000,473,49,0
92000,474,50,0
92000,476,51,0
92000,477,52,0
92000,480,53,0
92000,481,54,0
92000,482,55,0
92000,483,56,0
92000,94191,57,0
92000,93185,58,0
92000,93186,59,0
92000,3106,60,0
92000,3107,61,0
92000,290,62,0
92000,292,63,0
92000,94247,64,0
92000,94199,65,0
92000,94210,66,0
92000,3541,67,0
92000,853,68,0
92000,854,69,0
92000,855,70,0
92000,93354,71,0
92000,3132,72,0
92000,3518,73,0
92000,93425,74,0
92000,812,75,1
92001,812,1,0
92001,93036,2,0
92001,3517,3,0
92001,93353,4,0
92001,896,5,0
92001,897,6,0
92001,898,7,0
92001,93064,8,0
92001,94211,9,0
92001,94198,10,0
92001,94248,11,0
92001,94200,12,0
92001,94201,13,0
92001,3410,14,0
92001,3411,15,0
92001,459,16,0
92001,460,17,0
92001,461,18,0
92001,462,19,0
92001,464,20,0
92001,465,21,0
92001,467,22,0
92001,468,23,0
92001,469,24,0
92001,93610,25,0
92001,470,26,0
92001,93609,27,0
92001,2176,28,0
92001,2177,29,0
92001,2178,30,0
92001,2179,31,0
92001,93145,32,0
92001,93147,33,0
92001,93149,34,0
92001,93151,35,0
92001,1591,36,0
92001,1593,37,0
92001,1594,38,0
92001,1595,39,0
92001,1596,40,0
92001,1597,41,0
92001,1598,42,0
92001,1599,43,0
92001,1600,44,0
92001,1601,45,0
92001,1602,46,0
92001,1603,47,0
92001,1604,48,0
92001,1607,49,0
92001,1608,50,0
92001,1609,51,0
92001,1610,52,0
92001,1611,53,0
92001,1612,54,0
92001,1613,55,0
92001,3590,56,0
92001,1742,57,0
92001,1615,58,0
92001,1616,59,0
92001,1617,60,0
92001,93060,61,0
92001,93240,62,0
92001,93969,63,0
92001,94233,64,1
92001,94234,65,1
92001,94235,66,1
92001,93993,67,1
92001,93994,68,1
92001,94054,69,1
92001,93997,70,1
92001,94273,71,0
92001,94216,72,1
92100,93998,1,0
92100,94242,2,0
92100,93999,3,0
92100,94002,4,0
92100,94006,5,0
92100,94007,6,0
92100,94009,7,0
92100,94236,8,0
92100,94237,9,0
92100,94029,10,0
92100,93227,11,0
92100,93061,12,0
92100,1776,13,0
92100,1777,14,0
92100,1778,15,0
92100,1779,16,0
92100,1780,17,0
92100,1781,18,0
92100,1782,19,0
92100,1783,20,0
92100,93542,21,0
92100,1786,22,0
92100,1787,23,0
92100,1724,24,0
92100,94247,25,0
92100,94199,26,0
92100,94210,27,0
92100,3541,28,0
92100,853,29,0
92100,854,30,0
92100,855,31,0
92100,93354,32,0
92100,3132,33,0
92100,3518,34,0
92100,93425,35,0
92100,812,36,1
92101,812,1,0
92101,93036,2,0
92101,3517,3,0
92101,93353,4,0
92101,896,5,0
92101,897,6,0
92101,898,7,0
92101,93064,8,0
92101,94211,9,0
92101,94198,10,0
92101,94248,11,0
92101,1604,12,0
92101,1607,13,0
92101,1608,14,0
92101,1609,15,0
92101,1610,16,0
92101,1611,17,0
92101,1612,18,0
92101,1613,19,0
92101,3590,20,0
92101,1742,21,0
92101,1615,22,0
92101,1616,23,0
92101,1617,24,0
92101,93060,25,0
92101,93240,26,1
92101,93969,27,1
92101,94233,28,1
92101,94234,29,1
92101,94235,30,1
92101,93993,31,1
92101,93994,32,1
92101,94054,33,1
92101,93997,34,1
92101,94273,35,0
92101,94216,36,1
1400000100,3589,1,0
1400000100,94067,2,0
1400000100,94066,3,0
1400000100,7698,4,0
1400000100,93255,5,0
1400000100,93227,6,0
1400000100,93061,7,0
1400000100,1776,8,0
1400000100,1777,9,0
1400000100,1778,10,0
1400000100,1779,11,0
1400000100,1780,12,0
1400000100,1781,13,0
1400000100,1782,14,0
1400000100,1783,15,0
1400000100,93542,16,0
1400000100,1786,17,0
1400000100,1787,18,0
1400000100,1789,19,0
1400000100,1790,20,0
1400000100,93048,21,0
1400000100,2233,22,0
1400000100,2234,23,0
1400000100,2235,24,0
1400000100,2236,25,0
1400000100,2238,26,0
1400000100,2240,27,0
1400000100,2241,28,0
1400000100,2242,29,0
1400000100,93254,30,0
1400000100,92072,31,0
1400000100,2218,32,0
1400000100,2220,33,0
1400000100,2221,34,0
1400000100,412,35,0
1400000100,413,36,0
1400000100,93747,37,0
1400000100,417,38,0
1400000100,418,39,0
1400000100,419,40,0
1400000100,422,41,0
1400000100,424,42,0
1400000100,425,43,0
1400000100,427,44,0
1400000100,431,45,0
1400000100,432,46,0
1400000100,434,47,0
1400000100,450,48,0
1400000100,451,49,0
1400000100,452,50,0
1400000100,453,51,0
1400000100,1175,52,0
1400000100,1176,53,0
1400000100,1177,54,0
1400000100,1178,55,0
1400000100,1181,56,0
1400000100,1183,57,0
1400000100,2603,58,0
1400000100,1242,59,0
1400000100,1185,60,0
1400000100,1186,61,0
1400000100,1187,62,0
1400000100,1188,63,0
1400000100,1189,64,0
1400000100,1190,65,0
1400000100,1192,66,0
1400000100,1193,67,0
1400000100,1138,68,0
1400000100,1139,69,0
1400000100,1140,70,0
1400000100,1141,71,0
1400000100,1142,72,0
1400000100,584,73,0
1400000100,93369,74,0
1400000100,93453,75,0
1400000100,93368,76,0
1400000100,93366,77,0
1400000100,1143,78,0
1400000100,1144,79,0
1400000100,93177,80,0
1400000100,810,81,0
1400000100,93036,82,0
1400000100,3517,83,0
1400000100,94249,84,1
1400000101,94249,1,0
1400000101,94272,2,0
1400000101,94269,3,0
1400000101,94266,4,0
1400000101,94265,5,0
1400000101,911,6,0
1400000101,912,7,0
1400000101,913,8,0
1400000101,93365,9,0
1400000101,93367,10,0
1400000101,93454,11,0
1400000101,93370,12,0
1400000101,93432,13,0
1400000101,1145,14,0
1400000101,1146,15,0
1400000101,1147,16,0
1400000101,1148,17,0
1400000101,1156,18,0
1400000101,1157,19,0
1400000101,1158,20,0
1400000101,1159,21,0
1400000101,1160,22,0
1400000101,1161,23,0
1400000101,1162,24,0
1400000101,1163,25,0
1400000101,1164,26,0
1400000101,1165,27,0
1400000101,1166,28,0
1400000101,1167,29,0
1400000101,1169,30,0
1400000101,1171,31,0
1400000101,1172,32,0
1400000101,1173,33,0
1400000101,1174,34,0
1400000101,386,35,0
1400000101,387,36,0
1400000101,388,37,0
1400000101,389,38,0
1400000101,391,39,0
1400000101,393,40,0
1400000101,394,41,0
1400000101,396,42,0
1400000101,398,43,0
1400000101,400,44,0
1400000101,401,45,0
1400000101,404,46,0
1400000101,405,47,0
1400000101,406,48,0
1400000101,93749,49,0
1400000101,410,50,0
1400000101,411,51,0
1400000101,1587,52,0
1400000101,1588,53,0
1400000101,1590,54,0
1400000101,1591,55,0
1400000101,1593,56,0
1400000101,1594,57,0
1400000101,1595,58,0
1400000101,1596,59,0
1400000101,1598,60,0
1400000101,1599,61,0
1400000101,1600,62,0
1400000101,1601,63,0
1400000101,1602,64,0
1400000101,1603,65,0
1400000101,1604,66,0
1400000101,1607,67,0
1400000101,1608,68,0
1400000101,1609,69,0
1400000101,1610,70,0
1400000101,1611,71,0
1400000101,1612,72,0
1400000101,1613,73,0
1400000101,3590,74,0
1400000101,1742,75,0
1400000101,1615,76,0
1400000101,1616,77,0
1400000101,1617,78,0
1400000101,93060,79,0
1400000101,93240,80,1
1400000101,93259,81,1
1400000101,9473,82,1
1400000101,94067,83,1
1400000101,94066,84,1
1400000101,3589,85,1
1400000200,667,1,0
1400000200,3567,2,0
1400000200,3569,3,0
1400000200,999,4,0
1400000200,1000,5,0
1400000200,1001,6,0
1400000200,1002,7,0
1400000200,1003,8,0
1400000200,93708,9,0
1400000200,3587,10,0
1400000200,1132,11,0
1400000200,1276,12,0
1400000200,1277,13,0
1400000200,1278,14,0
1400000200,93054,15,0
1400000200,944,16,0
1400000200,1177,17,0
1400000200,1178,18,0
1400000200,1181,19,0
1400000200,1183,20,0
1400000200,2603,21,0
1400000200,677,22,0
1400000200,678,23,0
1400000200,679,24,0
1400000200,680,25,0
1400000200,682,26,0
1400000200,605,27,0
1400000200,685,28,0
1400000200,687,29,0
1400000200,689,30,0
1400000200,94188,31,0
1400000200,691,32,0
1400000200,693,33,0
1400000200,695,34,0
1400000200,698,35,0
1400000200,3608,36,0
1400000200,2712,37,0
1400000200,705,38,0
1400000200,3557,39,0
1400000200,3603,40,0
1400000200,93026,41,1
1400000201,93026,1,0
1400000201,3556,2,0
1400000201,3542,3,0
1400000201,90076,4,0
1400000201,698,5,0
1400000201,94189,6,0
1400000201,706,7,0
1400000201,707,8,0
1400000201,710,9,0
1400000201,711,10,0
1400000201,713,11,0
1400000201,714,12,0
1400000201,716,13,0
1400000201,650,14,0
1400000201,652,15,0
1400000201,654,16,0
1400000201,655,17,0
1400000201,657,18,0
1400000201,659,19,0
1400000201,661,20,0
1400000201,663,21,0
1400000201,664,22,0
1400000201,665,23,0
1400000201,666,24,0
1400000201,667,25,1
