11800,'Weekday',630,,8068,6,,,1,70,,8087,6,,,1,30,,8079,6,,,1,70,,8077,6,,,1,30,,8090,6,,,1,70,,8075,6,,,1,30,,8076,6,,,1,70,,8082,6,,,1,30,,8069,6,,,1,70,,8085,6,,,1,24,,8071,6,,,1,27,,8088,6,,,1,66,,8072,6,,,1,30,,8065,6,,,1,70,,8086,6,,,1,30,,8064,6,,,1,70,,8080,6,,,1,30,,8067,6,,,1,70,,8073,6,,,1,31,,8089,6,,,1,70,,8083,6,,,1,30,,8070,6,,,1,70,,8081,6,,,1,36,,8074,6,,,1,75,,8084,6,,,1,24,,8066,6,,,1,68,,8078,6,,,1
90001,'Canada Day',524,,10982,48,,,1,25,,10983,48,,,1,75,,10984,48,,,1,30,,10985,48,,,1,80,,10987,48,,,1,66,,10989,48,,,1,26,,10991,48,,,1,30,,10993,48,,,1,78,,10995,48,,,1,77,,10997,48,,,1,30,,10999,48,,,1,65,,11001,48,,,1,30,,11003,48,,,1,70,,11005,48,,,1,30,,11007,48,,,1,70,,11009,48,,,1,30,,11011,48,,,1,70,,11013,48,,,1,25,,11015,48,,,1,70,,11017,48,,,1,30,,11019,48,,,1,70,,11021,48,,,1,40,,11024,48,,,1,70,,11026,48,,,1,30,,11028,48,,,1,70,,11030,48,,,1,30,,11032,48,,,1,70,,11034,48,,,1,23,,11036,48,,,1,70,,11038,48,,,1,30,,11040,48,,,1,69,,11042,48,,,1,45,,11044,48,,,1,70,,11045,48,,,1,30,,11046,48,,,1,70,,11047,48,,,1,30,,11048,48,,,1,70,,11049,48,,,1
90001,'Overnight',2301,,11050,48,,,1,30,,11051,48,,,1
90001,'SatSun',524,,11052,48,,,1,25,,11053,48,,,1,75,,11054,48,,,1,30,,11055,48,,,1,80,,11056,48,,,1,66,,11057,48,,,1,26,,11058,48,,,1,30,,11059,48,,,1,78,,11060,48,,,1,77,,11061,48,,,1,30,,11062,48,,,1,65,,11063,48,,,1,30,,11064,48,,,1,70,,11065,48,,,1,30,,11066,48,,,1,70,,11067,48,,,1,30,,11068,48,,,1,70,,11069,48,,,1,25,,11070,48,,,1,70,,11071,48,,,1,30,,11072,48,,,1,70,,11073,48,,,1,40,,11074,48,,,1,70,,11075,48,,,1,30,,11076,48,,,1,70,,11077,48,,,1,30,,11078,48,,,1,70,,11079,48,,,1,23,,11080,48,,,1,70,,11081,48,,,1,30,,11082,48,,,1,69,,11083,48,,,1,45,,11084,48,,,1,70,,11085,48,,,1,30,,11086,48,,,1,70,,11087,48,,,1,30,,11088,48,,,1,70,,11089,48,,,1
90001,'Weekday',515,,11200,48,,,1,36,,11131,48,,,1,70,,11132,48,,,1,24,,11120,48,,,1,64,,11133,48,,,1,24,,11137,48,,,1,24,,11138,48,,,1,64,,11139,48,,,1,24,,11122,48,,,1,64,,11140,48,,,1,29,,11141,48,,,1,64,,11142,48,,,1,24,,11143,48,,,1,24,,11144,48,,,1,64,,11145,48,,,1,24,,11123,48,,,1,18,,11146,48,,,1,65,,11147,48,,,1,24,,11148,48,,,1,64,,11124,48,,,1,24,,11149,48,,,1,24,,11150,48,,,1,64,,11151,48,,,1,24,,11125,48,,,1,64,,11152,48,,,1,24,,11153,48,,,1,24,,11154,48,,,1,64,,11155,48,,,1,24,,11156,48,,,1,64,,11126,48,,,1,24,,11157,48,,,1,24,,11158,48,,,1,64,,11159,48,,,1,24,,11127,48,,,1,58,,11160,48,,,1,24,,11161,48,,,1,24,,11162,48,,,1,64,,11130,48,,,1,24,,11163,48,,,1,64,,11164,48,,,1,24,,11134,48,,,1,24,,11135,48,,,1,64,,11128,48,,,1,24,,11136,48,,,1
91701,'Canada Day',817,,12901,60,0,55 56 57,1,30,,12902,60,0,55 56 57,1,70,,12903,60,0,55 56 57,1,30,,12904,60,0,55 56 57,1,70,,12905,60,0,55 56 57,1,30,,12906,60,0,55 56 57,1,70,,12907,60,0,55 56 57,1,30,,12908,60,0,55 56 57,1,70,,12909,60,0,55 56 57,1,30,,12910,60,0,55 56 57,1,70,,12911,60,0,55 56 57,1,30,,12912,60,0,55 56 57,1,70,,12913,60,0,55 56 57,1,33,,12914,60,0,55 56 57,1,70,,12915,60,0,55 56 57,1,33,,12916,60,0,55 56 57,1,70,,12917,60,0,55 56 57,1,30,,12918,60,0,55 56 57,1,70,,12919,60,0,55 56 57,1,30,,12920,60,0,55 56 57,1,70,,12921,60,0,55 56 57,1,27,,12922,60,0,55 56 57,1,72,,12923,60,0,55 56 57,1,30,,12924,60,0,55 56 57,1
91701,'SatSun',817,,12942,60,0,55 56 57,1,30,,12943,60,0,55 56 57,1,70,,12944,60,0,55 56 57,1,30,,12945,60,0,55 56 57,1,70,,12946,60,0,55 56 57,1,30,,12947,60,0,55 56 57,1,70,,12948,60,0,55 56 57,1,30,,12949,60,0,55 56 57,1,70,,12950,60,0,55 56 57,1,30,,12951,60,0,55 56 57,1,70,,12952,60,0,55 56 57,1,30,,12953,60,0,55 56 57,1,70,,12954,60,0,55 56 57,1,33,,12955,60,0,55 56 57,1,70,,12956,60,0,55 56 57,1,33,,12957,60,0,55 56 57,1,70,,12958,60,0,55 56 57,1,30,,12959,60,0,55 56 57,1,70,,12960,60,0,55 56 57,1,30,,12961,60,0,55 56 57,1,70,,12962,60,0,55 56 57,1,27,,12963,60,0,55 56 57,1,72,,12964,60,0,55 56 57,1,30,,12965,60,0,55 56 57,1
92001,'Weekday',959,,13084,49,,,1,60,,13085,49,,,1,20,,13086,49,,,1,20,,13087,49,,,1,60,,13088,49,,,1,20,,13089,49,,,1,20,,13090,49,,,1,60,,13091,49,,,1,20,,13092,49,,,1,20,,13093,49,,,1,60,,13094,49,,,1,20,,13095,49,,,1,20,,13096,49,,,1,60,,13097,49,,,1,20,,13098,49,,,1,20,,13099,49,,,1,60,,13101,49,,,1,20,,13100,49,,,1,66,,13105,49,,,1,20,,13103,49,,,1,20,,13102,49,,,1,60,,13104,49,,,1,252,,13081,49,,,1,64,,13106,49,,,1,25,,13063,49,,,1,75,,13064,49,,,1,30,,13065,49,,,1,70,,13066,49,,,1,30,,13067,49,,,1,70,,13068,49,,,1
92101,'Weekday',556,,13131,16,,,1,60,,13126,16,,,1,20,,13134,16,,,1,20,,13130,16,,,1,68,,13142,16,,,1,20,,13127,16,,,1,60,,13141,16,,,1,20,,13129,16,,,1,10,,13145,16,,,1,10,,13133,16,,,1,60,,13144,16,,,1,20,,13143,16,,,1,20,,13136,16,,,1,770,,13128,16,,,1,20,,13140,16,,,1,20,,13139,16,,,1,60,,13137,16,,,1,20,,13132,16,,,1,20,,13138,16,,,1,60,,13135,16,,,1,25,,13125,16,,,1
1400000101,'Overnight',350,,13163,68,,,1,70,,13164,68,,,1,27,,13165,68,,,1,1912,,13168,68,,,1,70,,13166,68,,,1,28,,13167,68,,,1,72,,13170,68,,,1,28,,13172,68,,,1,70,,13169,68,,,1,30,,13174,68,,,1,63,,13175,68,,,1,30,,13173,68,,,1,70,,13176,68,,,1,27,,13171,68,,,1
