10000,'Canada Day',1227,,7756,10,,,1,20,,7757,10,,,1,60,,7758,10,,,1,20,,7759,10,,,1,20,,7760,10,,,1,60,,7761,10,,,1,20,,7762,10,,,1,23,,7763,10,,,1,57,,7764,10,,,1,20,,7765,10,,,1,20,,7766,10,,,1,60,,7767,10,,,1,20,,7768,10,,,1,20,,7769,10,,,1,60,,7770,10,,,1,20,,7771,10,,,1,20,,7772,10,,,1,60,,7773,10,,,1,20,,7774,10,,,1,20,,7775,10,,,1,60,,7776,10,,,1,20,,7777,10,,,1,20,,7778,10,,,1,60,,7779,10,,,1,20,,7780,10,,,1,20,,7781,10,,,1,60,,7782,10,,,1
10000,'SatSun',1227,,7783,10,,,1,20,,7784,10,,,1,60,,7785,10,,,1,20,,7786,10,,,1,20,,7787,10,,,1,60,,7788,10,,,1,20,,7789,10,,,1,20,,7790,10,,,1,60,,7791,10,,,1,20,,7792,10,,,1,20,,7793,10,,,1,60,,7794,10,,,1,20,,7795,10,,,1,20,,7796,10,,,1,60,,7797,10,,,1,20,,7798,10,,,1,20,,7799,10,,,1,60,,7800,10,,,1,20,,7801,10,,,1,20,,7802,10,,,1,60,,7803,10,,,1,20,,7804,10,,,1,20,,7805,10,,,1,60,,7806,10,,,1,20,,7807,10,,,1,20,,7808,10,,,1,60,,7809,10,,,1
10000,'Thursday',1915,,7810,10,,,1,20,,7811,10,,,1,20,,7812,10,,,1,60,,7813,10,,,1,20,,7814,10,,,1,20,,7815,10,,,1,65,,7816,10,,,1,20,,7817,10,,,1
11201,'Canada Day',808,,7978,21,0,7 11 12,1,30,,7979,21,0,7 11 12,1,70,,7980,21,0,7 11 12,1,30,,7981,21,0,7 11 12,1,70,,7982,21,0,7 11 12,1,30,,7983,21,0,7 11 12,1,70,,7984,21,0,7 11 12,1,30,,7985,21,0,7 11 12,1,70,,7986,21,0,7 11 12,1,30,,7987,21,0,7 11 12,1,70,,7988,21,0,7 11 12,1,30,,7989,21,0,7 11 12,1,70,,7990,21,0,7 11 12,1,30,,7991,21,0,7 11 12,1,70,,7992,21,0,7 11 12,1,30,,7993,21,0,7 11 12,1,70,,7994,21,0,7 11 12,1,30,,7995,21,0,7 11 12,1,70,,7996,21,0,7 11 12,1,30,,7997,21,0,7 11 12,1,70,,7998,21,0,7 11 12,1,30,,7999,21,0,7 11 12,1,70,,8000,21,0,7 11 12,1,30,,8001,21,0,7 11 12,1,70,,8002,21,0,7 11 12,1,30,,8003,21,0,7 11 12,1,70,,8004,21,0,7 11 12,1,30,,8005,21,0,7 11 12,1
11201,'SatSun',808,,8006,21,0,7 11 12,1,30,,8020,21,0,7 11 12,1,70,,8007,21,0,7 11 12,1,30,,8021,21,0,7 11 12,1,70,,8008,21,0,7 11 12,1,30,,8022,21,0,7 11 12,1,70,,8009,21,0,7 11 12,1,30,,8023,21,0,7 11 12,1,70,,8010,21,0,7 11 12,1,30,,8024,21,0,7 11 12,1,70,,8011,21,0,7 11 12,1,30,,8025,21,0,7 11 12,1,70,,8012,21,0,7 11 12,1,30,,8026,21,0,7 11 12,1,70,,8013,21,0,7 11 12,1,30,,8027,21,0,7 11 12,1,70,,8014,21,0,7 11 12,1,30,,8028,21,0,7 11 12,1,70,,8015,21,0,7 11 12,1,30,,8029,21,0,7 11 12,1,70,,8016,21,0,7 11 12,1,30,,8030,21,0,7 11 12,1,70,,8017,21,0,7 11 12,1,30,,8031,21,0,7 11 12,1,70,,8018,21,0,7 11 12,1,30,,8032,21,0,7 11 12,1,70,,8019,21,0,7 11 12,1,30,,8033,21,0,7 11 12,1
11201,'Weekday',543,,8063,28,,,1,70,,8035,28,,,1,30,,8054,28,,,1,70,,8049,28,,,1,30,,8040,28,,,1,70,,8058,28,,,1,30,,8056,28,,,1,70,,8062,28,,,1,30,,8034,28,,,1,70,,8051,28,,,1,30,,8050,28,,,1,70,,8041,28,,,1,30,,8046,28,,,1,64,,8042,28,,,1,27,,8060,28,,,1,66,,8061,28,,,1,30,,8045,28,,,1,70,,8047,28,,,1,33,,8038,28,,,1,70,,8037,28,,,1,30,,8055,28,,,1,70,,8039,28,,,1,33,,8057,28,,,1,70,,8044,28,,,1,30,,8053,28,,,1,70,,8043,28,,,1,36,,8059,28,,,1,72,,8048,28,,,1,24,,8052,28,,,1,66,,8036,28,,,1
11801,'Weekday',614,,8105,16,,,1,32,,8106,16,,,1,68,,8091,16,,,1,30,,8112,16,,,1,70,,8117,16,,,1,30,,8095,16,,,1,70,,8100,16,,,1,30,,8116,16,,,1,70,,8115,16,,,1,30,,8099,16,,,1,70,,8094,16,,,1,30,,8096,16,,,1,70,,8118,16,,,1,30,,8108,16,,,1,73,,8111,16,,,1,24,,8092,16,,,1,71,,8114,16,,,1,23,,8102,16,,,1,76,,8093,16,,,1,25,,8097,16,,,1,71,,8104,16,,,1,30,,8101,16,,,1,73,,8110,16,,,1,35,,8109,16,,,1,70,,8113,16,,,1,25,,8107,16,,,1,70,,8098,16,,,1,30,,8103,16,,,1
12100,'Canada Day',716,,8119,32,,,1,30,,8120,32,,,1,70,,8121,33,,,1,25,,8122,33,,,1,65,,8123,33,,,1,30,,8124,33,,,1,70,,8125,33,,,1,38,,8126,33,,,1,70,,8127,33,,,1,30,,8128,33,,,1,65,,8129,33,,,1,35,,8130,33,,,1,70,,8131,33,,,1,30,,8132,33,,,1,70,,8133,33,,,1,30,,8134,33,,,1,70,,8135,33,,,1,33,,8136,33,,,1,70,,8137,33,,,1,30,,8138,33,,,1,70,,8139,33,,,1,30,,8140,33,,,1,70,,8141,33,,,1,30,,8142,33,,,1,66,,8143,33,,,1,30,,8144,33,,,1,70,,8145,33,,,1
12100,'SatSun',716,,8146,32,,,1,30,,8147,32,,,1,70,,8148,33,,,1,25,,8149,33,,,1,65,,8150,33,,,1,30,,8151,33,,,1,70,,8152,33,,,1,38,,8153,33,,,1,70,,8154,33,,,1,30,,8155,33,,,1,65,,8156,33,,,1,35,,8157,33,,,1,70,,8158,33,,,1,30,,8159,33,,,1,70,,8160,33,,,1,30,,8161,33,,,1,70,,8162,33,,,1,33,,8163,33,,,1,70,,8164,33,,,1,30,,8165,33,,,1,70,,8166,33,,,1,30,,8167,33,,,1,70,,8168,33,,,1,30,,8169,33,,,1,66,,8170,33,,,1,30,,8171,33,,,1,70,,8172,33,,,1
12100,'Weekday',500,,8206,34,,,1,35,,8174,34,,,1,88,,8175,34,,,1,35,,8176,34,,,1,73,,8177,34,,,1,70,,8178,34,,,1,30,,8179,34,,,1,70,,8180,34,,,1,30,,8181,34,,,1,27,,8182,34,,,1,70,,8183,34,,,1,30,,8184,34,,,1,67,,8185,34,,,1,30,,8186,34,,,1,66,,8187,34,,,1,23,,8188,34,,,1,70,,8189,34,,,1,30,,8190,34,,,1,70,,8191,34,,,1,33,,8192,34,,,1,70,,8193,34,,,1,33,,8194,35,0,7 11 12,1,70,,8195,35,0,7 11 12,1,30,,8196,35,0,7 11 12,1,70,,8197,35,0,7 11 12,1,30,,8198,35,0,7 11 12,1,70,,8199,35,0,7 11 12,1,27,,8200,34,,,1,70,,8201,34,,,1,25,,8202,34,,,1,70,,8203,34,,,1,30,,8204,34,,,1,70,,8205,34,,,1,30,,8173,34,,,1
21100,'Weekday',620,,8291,5,,,1,30,,8292,5,,,1,70,,8293,5,,,1,30,,8294,5,,,1,70,,8295,5,,,1,30,,8296,5,,,1,567,,8302,5,,,1,229,,8297,5,,,1,70,,8298,5,,,1,30,,8299,5,,,1,70,,8300,5,,,1,30,,8301,5,,,1
90001,'Canada Day',710,,10986,44,0,10 11 12 13,1,35,,10988,44,0,10 11 12 13,1,61,,10990,44,0,10 11 12 13,1,30,,10992,44,0,10 11 12 13,1,70,,10994,44,0,10 11 12 13,1,44,,10996,44,0,10 11 12 13,1,70,,10998,44,0,10 11 12 13,1,22,,11000,44,0,10 11 12 13,1,68,,11002,44,0,10 11 12 13,1,30,,11004,44,0,10 11 12 13,1,75,,11006,44,0,10 11 12 13,1,30,,11008,44,0,10 11 12 13,1,70,,11010,44,0,10 11 12 13,1,30,,11012,44,0,10 11 12 13,1,65,,11014,44,0,10 11 12 13,1,30,,11016,44,0,10 11 12 13,1,72,,11018,44,0,10 11 12 13,1,28,,11020,44,0,10 11 12 13,1,70,,11022,44,0,10 11 12 13,1,15,,11023,44,0,10 11 12 13,1,25,,11025,44,0,10 11 12 13,1,70,,11027,44,0,10 11 12 13,1,30,,11029,44,0,10 11 12 13,1,70,,11031,44,0,10 11 12 13,1,30,,11033,44,0,10 11 12 13,1,64,,11035,44,0,10 11 12 13,1,30,,11037,44,0,10 11 12 13,1,70,,11039,44,0,10 11 12 13,1,29,,11041,44,0,10 11 12 13,1,70,,11043,44,0,10 11 12 13,1
90001,'SatSun',710,,11090,44,0,10 11 12 13,1,35,,11091,44,0,10 11 12 13,1,61,,11092,44,0,10 11 12 13,1,30,,11093,44,0,10 11 12 13,1,70,,11094,44,0,10 11 12 13,1,44,,11095,44,0,10 11 12 13,1,70,,11096,44,0,10 11 12 13,1,22,,11097,44,0,10 11 12 13,1,68,,11098,44,0,10 11 12 13,1,30,,11099,44,0,10 11 12 13,1,75,,11100,44,0,10 11 12 13,1,30,,11101,44,0,10 11 12 13,1,70,,11102,44,0,10 11 12 13,1,30,,11103,44,0,10 11 12 13,1,65,,11104,44,0,10 11 12 13,1,30,,11105,44,0,10 11 12 13,1,72,,11106,44,0,10 11 12 13,1,28,,11107,44,0,10 11 12 13,1,70,,11108,44,0,10 11 12 13,1,15,,11109,44,0,10 11 12 13,1,25,,11110,44,0,10 11 12 13,1,70,,11111,44,0,10 11 12 13,1,30,,11112,44,0,10 11 12 13,1,70,,11113,44,0,10 11 12 13,1,30,,11114,44,0,10 11 12 13,1,64,,11115,44,0,10 11 12 13,1,30,,11116,44,0,10 11 12 13,1,70,,11117,44,0,10 11 12 13,1,29,,11118,44,0,10 11 12 13,1,70,,11119,44,0,10 11 12 13,1
90001,'Weekday',647,,11165,44,0,10 11 12 13,1,64,,11166,44,0,10 11 12 13,1,24,,11167,44,0,10 11 12 13,1,24,,11168,44,0,10 11 12 13,1,64,,11121,44,0,10 11 12 13,1,24,,11169,44,0,10 11 12 13,1,67,,11170,44,0,10 11 12 13,1,24,,11171,44,0,10 11 12 13,1,64,,11172,44,0,10 11 12 13,1,24,,11173,44,0,10 11 12 13,1,24,,11174,44,0,10 11 12 13,1,64,,11175,44,0,10 11 12 13,1,24,,11176,44,0,10 11 12 13,1,18,,11177,44,0,10 11 12 13,1,65,,11178,44,0,10 11 12 13,1,24,,11179,44,0,10 11 12 13,1,64,,11180,44,0,10 11 12 13,1,24,,11181,44,0,10 11 12 13,1,24,,11182,44,0,10 11 12 13,1,64,,11183,44,0,10 11 12 13,1,24,,11184,44,0,10 11 12 13,1,64,,11185,44,0,10 11 12 13,1,24,,11186,44,0,10 11 12 13,1,24,,11187,44,0,10 11 12 13,1,64,,11188,44,0,10 11 12 13,1,24,,11189,44,0,10 11 12 13,1,64,,11190,44,0,10 11 12 13,1,24,,11191,44,0,10 11 12 13,1,24,,11192,44,0,10 11 12 13,1,64,,11193,44,0,10 11 12 13,1,24,,11201,44,0,10 11 12 13,1,60,,11194,44,0,10 11 12 13,1,24,,11195,44,0,10 11 12 13,1,24,,11196,44,0,10 11 12 13,1,64,,11197,44,0,10 11 12 13,1,24,,11198,44,0,10 11 12 13,1,64,,11129,44,0,10 11 12 13,1,24,,11199,44,0,10 11 12 13,1
91601,'Canada Day',616,,12639,64,,,1,30,,12640,64,,,1,65,,12641,64,,,1,25,,12642,64,,,1,65,,12643,64,,,1,30,,12644,64,,,1,71,,12645,64,,,1,30,,12646,64,,,1,70,,12647,64,,,1,30,,12648,64,,,1,25,,12649,64,,,1,75,,12650,64,,,1,70,,12651,64,,,1,30,,12652,64,,,1,70,,12653,64,,,1,30,,12654,64,,,1,70,,12655,64,,,1,33,,12656,64,,,1,70,,12657,64,,,1,30,,12658,64,,,1,70,,12659,64,,,1,30,,12660,64,,,1,70,,12661,64,,,1,30,,12662,64,,,1,72,,12663,64,,,1,30,,12664,64,,,1,70,,12665,64,,,1,30,,12666,64,,,1,70,,12667,64,,,1,26,,12668,64,,,1,68,,12669,64,,,1,27,,12670,64,,,1,30,,12671,64,,,1,70,,12672,64,,,1,25,,12673,64,,,1,70,,12674,64,,,1,27,,12675,64,,,1,70,,12676,64,,,1,31,,12677,64,,,1
91601,'Overnight',518,,12678,64,,,1,30,,12680,64,,,1,2370,,12679,64,,,1,30,,12681,64,,,1
91601,'SatSun',616,,12682,64,,,1,30,,12683,64,,,1,65,,12684,64,,,1,25,,12685,64,,,1,65,,12686,64,,,1,30,,12687,64,,,1,71,,12688,64,,,1,30,,12689,64,,,1,70,,12690,64,,,1,30,,12691,64,,,1,25,,12692,64,,,1,75,,12693,64,,,1,70,,12694,64,,,1,30,,12695,64,,,1,70,,12696,64,,,1,30,,12697,64,,,1,70,,12698,64,,,1,33,,12699,64,,,1,70,,12700,64,,,1,30,,12701,64,,,1,70,,12702,64,,,1,30,,12703,64,,,1,70,,12704,64,,,1,30,,12705,64,,,1,72,,12706,64,,,1,30,,12707,64,,,1,70,,12708,64,,,1,30,,12709,64,,,1,70,,12710,64,,,1,26,,12711,64,,,1,68,,12712,64,,,1,27,,12713,64,,,1,30,,12714,64,,,1,70,,12715,64,,,1,25,,12716,64,,,1,70,,12717,64,,,1,27,,12718,64,,,1,70,,12719,64,,,1,31,,12720,64,,,1
91601,'Weekday',609,,12721,64,,,1,28,,12722,64,,,1,76,,12723,64,,,1,30,,12724,64,,,1,75,,12725,64,,,1,20,,12726,64,,,1,20,,12727,64,,,1,60,,12728,64,,,1,20,,12729,64,,,1,20,,12730,64,,,1,56,,12731,64,,,1,20,,12732,64,,,1,20,,12733,64,,,1,60,,12734,64,,,1,20,,12735,64,,,1,20,,12736,64,,,1,60,,12737,64,,,1,20,,12738,64,,,1,20,,12739,64,,,1,60,,12740,64,,,1,20,,12741,64,,,1,20,,12742,64,,,1,60,,12743,64,,,1,20,,12744,64,,,1,20,,12745,64,,,1,66,,12746,64,,,1,20,,12747,64,,,1,60,,12748,64,,,1,20,,12749,64,,,1,25,,12750,64,,,1,60,,12751,64,,,1,20,,12752,64,,,1,20,,12753,64,,,1,60,,12754,64,,,1,23,,12755,64,,,1,20,,12756,64,,,1,56,,12757,64,,,1,22,,12758,64,,,1,20,,12759,64,,,1,60,,12760,64,,,1,20,,12761,64,,,1,12,,12762,64,,,1,19,,12763,64,,,1,61,,12764,64,,,1,25,,12765,64,,,1,70,,12766,64,,,1,30,,12767,64,,,1,70,,12768,64,,,1,27,,12769,64,,,1,70,,12770,64,,,1,34,,12771,64,,,1
91700,'Canada Day',852,,12780,14,,,1,70,,12781,14,,,1,30,,12782,14,,,1,70,,12783,14,,,1,30,,12784,14,,,1,70,,12785,14,,,1,27,,12786,14,,,1,73,,12787,14,,,1,30,,12788,14,,,1,67,,12789,14,,,1,33,,12790,14,,,1,68,,12791,14,,,1,32,,12792,14,,,1,70,,12793,14,,,1,30,,12794,14,,,1,70,,12795,14,,,1,30,,12796,14,,,1,70,,12797,14,,,1,30,,12798,14,,,1,70,,12799,14,,,1,30,,12800,14,,,1,70,,12801,14,,,1,30,,12802,14,,,1,70,,12803,14,,,1
91700,'SatSun',852,,12824,14,,,1,70,,12825,14,,,1,30,,12826,14,,,1,70,,12827,14,,,1,30,,12828,14,,,1,70,,12829,14,,,1,27,,12830,14,,,1,73,,12831,14,,,1,30,,12832,14,,,1,67,,12833,14,,,1,33,,12834,14,,,1,68,,12835,14,,,1,32,,12836,14,,,1,70,,12837,14,,,1,30,,12838,14,,,1,70,,12839,14,,,1,30,,12840,14,,,1,70,,12841,14,,,1,30,,12842,14,,,1,70,,12843,14,,,1,30,,12844,14,,,1,70,,12845,14,,,1,30,,12846,14,,,1,70,,12847,14,,,1
91701,'Canada Day',514,,12896,16,,,1,98,,12897,54,,,1,36,,12899,16,,,1,64,,12898,54,,,1,30,,12900,54,,,1,68,,12901,54,0,55 56 57,1,30,,12902,54,0,55 56 57,1,70,,12903,54,0,55 56 57,1,30,,12904,54,0,55 56 57,1,70,,12905,54,0,55 56 57,1,30,,12906,54,0,55 56 57,1,70,,12907,54,0,55 56 57,1,30,,12908,54,0,55 56 57,1,70,,12909,54,0,55 56 57,1,30,,12910,54,0,55 56 57,1,70,,12911,54,0,55 56 57,1,30,,12912,54,0,55 56 57,1,70,,12913,54,0,55 56 57,1,33,,12914,54,0,55 56 57,1,70,,12915,54,0,55 56 57,1,33,,12916,54,0,55 56 57,1,70,,12917,54,0,55 56 57,1,30,,12918,54,0,55 56 57,1,70,,12919,54,0,55 56 57,1,30,,12920,54,0,55 56 57,1,70,,12921,54,0,55 56 57,1,27,,12922,54,0,55 56 57,1,72,,12923,54,0,55 56 57,1,30,,12924,54,0,55 56 57,1,75,,12925,54,,,1,30,,12926,54,,,1,70,,12927,54,,,1,25,,12928,54,,,1,70,,12929,54,,,1,24,,12930,54,,,1,67,,12931,54,,,1,28,,12932,54,,,1
91701,'Overnight',2231,,12934,16,,,1,70,,12935,16,,,1
91701,'SatSun',514,,12936,16,,,1,30,,12937,16,,,1,68,,12939,54,,,1,36,,12938,16,,,1,64,,12940,54,,,1,30,,12941,54,,,1,68,,12942,54,0,55 56 57,1,30,,12943,54,0,55 56 57,1,70,,12944,54,0,55 56 57,1,30,,12945,54,0,55 56 57,1,70,,12946,54,0,55 56 57,1,30,,12947,54,0,55 56 57,1,70,,12948,54,0,55 56 57,1,30,,12949,54,0,55 56 57,1,70,,12950,54,0,55 56 57,1,30,,12951,54,0,55 56 57,1,70,,12952,54,0,55 56 57,1,30,,12953,54,0,55 56 57,1,70,,12954,54,0,55 56 57,1,33,,12955,54,0,55 56 57,1,70,,12956,54,0,55 56 57,1,33,,12957,54,0,55 56 57,1,70,,12958,54,0,55 56 57,1,30,,12959,54,0,55 56 57,1,70,,12960,54,0,55 56 57,1,30,,12961,54,0,55 56 57,1,70,,12962,54,0,55 56 57,1,27,,12963,54,0,55 56 57,1,72,,12964,54,0,55 56 57,1,30,,12965,54,0,55 56 57,1,75,,12966,54,,,1,30,,12967,54,,,1,70,,12968,54,,,1,25,,12969,54,,,1,70,,12970,54,,,1,24,,12971,54,,,1,67,,12972,54,,,1,28,,12973,54,,,1
91701,'Weekday',448,,13004,39,,,1,70,,12997,39,,,1,30,,12987,54,,,1,76,,13009,54,,,1,30,,12999,54,,,1,70,,13014,54,,,1,34,,12980,54,,,1,70,,12991,54,,,1,30,,12976,54,,,1,79,,13008,54,,,1,70,,13002,54,,,1,30,,12975,54,,,1,70,,12978,54,,,1,33,,13013,54,,,1,75,,13006,54,,,1,30,,12995,54,,,1,66,,12993,54,,,1,40,,12982,54,,,1,75,,12989,54,,,1,25,,13001,54,,,1,70,,12998,54,,,1,28,,12983,54,,,1,70,,13005,54,,,1,30,,12977,54,,,1,70,,12992,54,,,1,25,,13000,54,,,1,75,,12979,54,,,1,30,,13010,54,,,1,70,,13011,54,,,1,30,,13003,54,,,1,70,,12996,54,,,1,30,,12981,54,,,1,70,,12994,54,,,1,30,,12984,54,,,1,70,,12985,54,,,1,30,,12986,54,,,1,61,,13007,54,,,1,30,,12988,54,,,1
92001,'Weekday',605,,13082,45,0,10 11 12 13,1,28,,13083,45,0,10 11 12 13,1,70,,13069,45,0,10 11 12 13,1,30,,13070,45,0,10 11 12 13,1,70,,13071,45,0,10 11 12 13,1,30,,13072,45,0,10 11 12 13,1,70,,13073,45,0,10 11 12 13,1,30,,13074,45,0,10 11 12 13,1,768,,13075,45,0,10 11 12 13,1,30,,13076,45,0,10 11 12 13,1,70,,13077,45,0,10 11 12 13,1,30,,13078,45,0,10 11 12 13,1,70,,13079,45,0,10 11 12 13,1,30,,13080,45,0,10 11 12 13,1
