40500,'Canada Day',653,,9402,35,,,1,70,,9403,35,,,1,31,,9404,35,,,1,71,,9405,35,,,1,75,,9406,35,,,1,30,,9407,35,,,1,72,,9408,35,,,1,30,,9409,35,,,1,70,,9410,35,,,1,30,,9411,35,,,1,70,,9412,35,,,1,30,,9413,35,,,1,70,,9414,35,,,1,30,,9415,35,,,1,70,,9416,35,,,1,30,,9417,35,,,1,70,,9418,35,,,1,30,,9419,35,,,1,70,,9420,35,,,1,30,,9421,35,,,1,70,,9422,35,,,1,30,,9423,35,,,1,70,,9424,35,,,1,30,,9425,35,,,1,70,,9426,35,,,1,30,,9427,35,,,1,70,,9428,35,,,1,30,,9429,35,,,1,70,,9430,35,,,1,30,,9431,35,,,1,70,,9432,35,,,1,30,,9433,35,,,1
40500,'SatSun',700,,9434,35,,,1,30,,9435,35,,,1,70,,9436,35,,,1,30,,9437,35,,,1,70,,9438,35,,,1,30,,9439,35,,,1,72,,9440,35,,,1,30,,9441,35,,,1,70,,9442,35,,,1,30,,9443,35,,,1,70,,9444,35,,,1,30,,9445,35,,,1,70,,9446,35,,,1,30,,9447,35,,,1,70,,9448,35,,,1,30,,9449,35,,,1,70,,9450,35,,,1,30,,9451,35,,,1,70,,9452,35,,,1,30,,9453,35,,,1,70,,9454,35,,,1,30,,9455,35,,,1,70,,9456,35,,,1,30,,9457,35,,,1,70,,9458,35,,,1,30,,9459,35,,,1,70,,9460,35,,,1,30,,9461,35,,,1,70,,9462,35,,,1,30,,9463,35,,,1,70,,9464,35,,,1,30,,9465,35,,,1
40500,'Weekday',623,,9482,35,,,1,80,,9483,35,,,1,37,,9484,35,,,1,70,,9485,35,,,1,30,,9486,35,,,1,70,,9487,35,,,1,30,,9488,35,,,1,70,,9489,35,,,1,30,,9490,35,,,1,70,,9491,35,,,1,30,,9492,35,,,1,70,,9493,35,,,1,30,,9494,35,,,1,65,,9495,35,,,1,30,,9496,35,,,1,75,,9497,35,,,1,30,,9466,35,,,1,70,,9467,35,,,1,30,,9468,35,,,1,65,,9469,35,,,1,30,,9470,35,,,1,70,,9471,35,,,1,30,,9472,35,,,1,70,,9473,35,,,1,26,,9474,35,,,1,69,,9475,35,,,1,30,,9476,35,,,1,72,,9477,35,,,1,30,,9478,35,,,1,70,,9479,35,,,1,30,,9480,35,,,1,70,,9481,35,,,1
40701,'Weekday',822,,9770,9,,,1,22,,9771,9,0,7 26,1,78,,9772,9,,,1,22,,9773,9,0,7 26,1,66,,9774,9,,,1,20,,9775,9,0,7 26,1,80,,9776,9,,,1,20,,9777,9,0,7 26,1,88,,9778,9,,,1,22,,9779,9,0,7 26,1,78,,9780,9,,,1,22,,9781,9,0,7 26,1,78,,9782,9,,,1,32,,9783,9,0,7 26,1,68,,9784,9,,,1,33,,9785,9,0,7 26,1,67,,9786,9,,,1,33,,9787,9,0,7 26,1,77,,9788,9,,,1,23,,9789,9,0,7 26,1,77,,9790,9,,,1,72,,9791,9,0,7 26,1,32,,9792,9,,,1,22,,9793,9,0,7 26,1,82,,9794,9,,,1,73,,9795,9,,,1,27,,9796,9,,,1
41900,'Canada Day',734,,10184,13,,,1,70,,10185,13,,,1,31,,10186,13,,,1,70,,10187,13,,,1,30,,10188,13,,,1,70,,10189,13,,,1,30,,10190,13,,,1,70,,10191,13,,,1,30,,10192,13,,,1,70,,10193,13,,,1,30,,10194,13,,,1,70,,10195,13,,,1,30,,10196,13,,,1,70,,10197,13,,,1,30,,10198,13,,,1,70,,10199,13,,,1,30,,10200,13,,,1,70,,10201,13,,,1,30,,10202,13,,,1,69,,10203,13,,,1,30,,10204,13,,,1,70,,10205,13,,,1,30,,10206,13,,,1,70,,10207,13,,,1,30,,10208,13,,,1,70,,10209,13,,,1
41900,'SatSun',734,,10210,13,,,1,70,,10211,13,,,1,31,,10212,13,,,1,70,,10213,13,,,1,30,,10214,13,,,1,70,,10215,13,,,1,30,,10216,13,,,1,70,,10217,13,,,1,30,,10218,13,,,1,70,,10219,13,,,1,30,,10220,13,,,1,70,,10221,13,,,1,30,,10222,13,,,1,70,,10223,13,,,1,30,,10224,13,,,1,70,,10225,13,,,1,30,,10226,13,,,1,70,,10227,13,,,1,30,,10228,13,,,1,69,,10229,13,,,1,30,,10230,13,,,1,70,,10231,13,,,1,30,,10232,13,,,1,70,,10233,13,,,1,30,,10234,13,,,1,70,,10235,13,,,1
41900,'Weekday',714,,10242,13,,,1,31,,10243,13,,,1,73,,10244,13,,,1,30,,10245,13,,,1,70,,10246,13,,,1,29,,10247,13,,,1,67,,10248,13,,,1,32,,10249,13,,,1,68,,10250,13,,,1,30,,10251,13,,,1,70,,10252,13,,,1,32,,10253,13,,,1,68,,10254,13,,,1,31,,10255,13,,,1,70,,10256,13,,,1,32,,10257,13,,,1,71,,10258,13,,,1,30,,10259,13,,,1,70,,10260,13,,,1,33,,10261,13,,,1,67,,10262,13,,,1,30,,10263,13,,,1,70,,10264,13,,,1,30,,10265,13,,,1,70,,10267,13,,,1,30,,10266,13,,,1,70,,10236,13,,,1,30,,10237,13,,,1,70,,10238,13,,,1,30,,10239,13,,,1,70,,10240,13,,,1,82,,10241,13,,,1
91500,'Canada Day',514,,12239,57,,,1,30,,12240,57,,,1,65,,12241,57,,,1,25,,12242,57,,,1,25,,12243,57,,,1,70,,12244,57,,,1,30,,12245,57,,,1,70,,12246,57,,,1,30,,12247,57,,,1,70,,12248,57,,,1,25,,12249,57,,,1,81,,12250,57,,,1,70,,12251,57,,,1,30,,12252,57,,,1,70,,12253,57,,,1,30,,12254,57,,,1,70,,12255,57,,,1,33,,12256,57,,,1,70,,12257,57,,,1,30,,12258,57,,,1,70,,12259,57,,,1,30,,12260,57,,,1,70,,12261,57,,,1,30,,12262,57,,,1,70,,12263,57,,,1,30,,12264,57,,,1,70,,12265,57,,,1,30,,12266,57,,,1,70,,12267,57,,,1,26,,12268,57,,,1,70,,12269,57,,,1,27,,12270,57,,,1,70,,12271,57,,,1,30,,12272,57,,,1,20,,12273,57,,,1,70,,12274,57,,,1,27,,12275,57,,,1,70,,12276,57,,,1,30,,12277,57,,,1,70,,12278,57,,,1,30,,12279,57,,,1,70,,12280,57,,,1
91500,'SatSun',514,,12321,57,,,1,30,,12281,57,,,1,65,,12282,57,,,1,25,,12283,57,,,1,25,,12284,57,,,1,70,,12285,57,,,1,30,,12286,57,,,1,70,,12287,57,,,1,30,,12288,57,,,1,70,,12289,57,,,1,25,,12290,57,,,1,81,,12291,57,,,1,70,,12292,57,,,1,30,,12293,57,,,1,70,,12294,57,,,1,30,,12295,57,,,1,70,,12296,57,,,1,33,,12297,57,,,1,70,,12298,57,,,1,30,,12299,57,,,1,70,,12300,57,,,1,30,,12301,57,,,1,70,,12302,57,,,1,30,,12303,57,,,1,70,,12304,57,,,1,30,,12305,57,,,1,70,,12306,57,,,1,30,,12307,57,,,1,70,,12308,57,,,1,26,,12309,57,,,1,70,,12310,57,,,1,27,,12311,57,,,1,70,,12312,57,,,1,30,,12313,57,,,1,20,,12314,57,,,1,70,,12315,57,,,1,27,,12316,57,,,1,70,,12317,57,,,1,30,,12318,57,,,1,70,,12319,57,,,1,30,,12320,57,,,1,70,,12322,57,,,1
91500,'Weekday',431,,12323,57,,,1,80,,12324,57,,,1,30,,12325,57,,,1,70,,12326,57,,,1,33,,12327,57,,,1,70,,12328,57,,,1,15,,12329,57,,,1,20,,12330,57,,,1,64,,12331,57,,,1,16,,12332,57,,,1,20,,12333,57,,,1,60,,12334,57,,,1,20,,12335,57,,,1,20,,12336,57,,,1,60,,12337,57,,,1,20,,12338,57,,,1,20,,12339,57,,,1,59,,12340,57,,,1,20,,12341,57,,,1,20,,12342,57,,,1,60,,12343,57,,,1,20,,12344,57,,,1,20,,12345,57,,,1,60,,12346,57,,,1,20,,12347,57,,,1,20,,12348,57,,,1,60,,12349,57,,,1,20,,12350,57,,,1,20,,12351,57,,,1,60,,12352,57,,,1,26,,12353,57,,,1,22,,12354,57,,,1,63,,12355,57,,,1,19,,12356,57,,,1,20,,12357,57,,,1,66,,12358,57,,,1,20,,12359,57,,,1,60,,12360,57,,,1,22,,12361,57,,,1,20,,12362,57,,,1,57,,12363,57,,,1,23,,12364,57,,,1,17,,12365,57,,,1,16,,12366,57,,,1,63,,12367,57,,,1,25,,12368,57,,,1,70,,12369,57,,,1,30,,12370,57,,,1,70,,12371,57,,,1,28,,12372,57,,,1,68,,12373,57,,,1,30,,12374,57,,,1,70,,12375,57,,,1,30,,12376,57,,,1,70,,12377,57,,,1,30,,12378,57,,,1
