40300,'Canada Day',652,,9187,26,,,1,70,,9188,26,,,1,30,,9189,26,,,1,70,,9190,26,,,1,30,,9191,26,,,1,70,,9192,26,,,1,30,,9193,26,,,1,71,,9194,26,,,1,30,,9195,26,,,1,66,,9196,26,,,1,30,,9197,26,,,1,74,,9198,26,,,1,30,,9199,26,,,1,70,,9200,26,,,1,30,,9201,26,,,1,70,,9202,26,,,1,30,,9203,26,,,1,70,,9204,26,,,1,29,,9205,26,,,1,67,,9206,26,,,1,34,,9207,26,,,1,70,,9208,26,,,1,33,,9209,26,,,1,67,,9210,26,,,1,30,,9211,26,,,1,70,,9212,26,,,1,30,,9213,26,,,1,70,,9214,26,,,1,30,,9215,26,,,1,70,,9216,26,,,1,30,,9217,26,,,1
40300,'SatSun',652,,9218,26,,,1,70,,9219,26,,,1,30,,9220,26,,,1,70,,9221,26,,,1,30,,9222,26,,,1,70,,9223,26,,,1,30,,9224,26,,,1,71,,9225,26,,,1,30,,9226,26,,,1,66,,9227,26,,,1,30,,9228,26,,,1,74,,9229,26,,,1,30,,9230,26,,,1,70,,9231,26,,,1,30,,9232,26,,,1,70,,9233,26,,,1,30,,9234,26,,,1,70,,9235,26,,,1,30,,9236,26,,,1,66,,9237,26,,,1,34,,9238,26,,,1,70,,9239,26,,,1,33,,9240,26,,,1,67,,9241,26,,,1,30,,9242,26,,,1,70,,9243,26,,,1,30,,9244,26,,,1,70,,9245,26,,,1,30,,9246,26,,,1,70,,9247,26,,,1,30,,9248,26,,,1
40300,'Weekday',628,,9269,26,,,1,15,,9253,13,,,1,15,,9285,26,,,1,55,,9254,13,,,1,15,,9280,26,,,1,15,,9255,13,,,1,15,,9286,26,,,1,55,,9256,13,,,1,15,,9287,26,,,1,30,,9288,26,,,1,70,,9289,26,,,1,31,,9290,26,,,1,70,,9291,26,,,1,30,,9292,26,,,1,70,,9249,26,,,1,30,,9250,26,,,1,70,,9251,26,,,1,30,,9252,26,,,1,70,,9263,26,,,1,30,,9264,26,,,1,70,,9265,26,,,1,73,,9266,26,,,1,22,,9267,26,,,1,15,,9257,13,,,1,15,,9268,26,,,1,55,,9258,13,,,1,15,,9270,26,,,1,15,,9259,13,,,1,15,,9271,26,,,1,55,,9260,13,,,1,15,,9272,26,,,1,15,,9261,13,,,1,15,,9273,26,,,1,55,,9262,13,,,1,15,,9274,26,,,1,30,,9275,26,,,1,70,,9276,26,,,1,30,,9277,26,,,1,70,,9278,26,,,1,30,,9279,26,,,1,70,,9281,26,,,1,30,,9282,26,,,1,70,,9283,26,,,1,30,,9284,26,,,1
41001,'Canada Day',642,,10079,39,,,1,70,,10080,39,,,1,30,,10081,39,,,1,70,,10082,39,,,1,30,,10083,39,,,1,70,,10084,39,,,1,30,,10085,39,,,1,71,,10086,39,,,1,30,,10087,39,,,1,70,,10088,39,,,1,30,,10089,39,,,1,70,,10090,39,,,1,30,,10091,39,,,1,70,,10092,39,,,1,30,,10093,39,,,1,70,,10094,39,,,1,30,,10095,39,,,1,70,,10096,39,,,1,30,,10097,39,,,1,70,,10098,39,,,1,30,,10099,39,,,1,70,,10100,39,,,1,29,,10101,39,,,1,74,,10102,39,,,1,26,,10103,39,,,1,70,,10104,39,,,1,30,,10105,39,,,1,68,,10106,39,,,1,30,,10107,39,,,1,70,,10108,39,,,1,25,,10109,39,,,1,75,,10110,39,,,1,30,,10111,39,,,1
41001,'SatSun',642,,10112,39,,,1,70,,10113,39,,,1,30,,10114,39,,,1,70,,10115,39,,,1,30,,10116,39,,,1,70,,10117,39,,,1,30,,10118,39,,,1,71,,10119,39,,,1,30,,10120,39,,,1,70,,10121,39,,,1,30,,10122,39,,,1,70,,10123,39,,,1,30,,10124,39,,,1,70,,10125,39,,,1,30,,10126,39,,,1,70,,10127,39,,,1,30,,10128,39,,,1,70,,10129,39,,,1,30,,10130,39,,,1,70,,10131,39,,,1,30,,10132,39,,,1,70,,10133,39,,,1,29,,10134,39,,,1,70,,10135,39,,,1,30,,10136,39,,,1,70,,10137,39,,,1,30,,10138,39,,,1,68,,10139,39,,,1,30,,10140,39,,,1,70,,10141,39,,,1,25,,10142,39,,,1,75,,10143,39,,,1,30,,10144,39,,,1
41001,'Weekday',603,,10178,39,,,1,40,,10145,39,,,1,65,,10146,39,,,1,32,,10147,39,,,1,70,,10148,39,,,1,30,,10149,39,,,1,70,,10150,39,,,1,30,,10151,39,,,1,70,,10152,39,,,1,30,,10153,39,,,1,70,,10154,39,,,1,30,,10155,39,,,1,70,,10156,39,,,1,30,,10157,39,,,1,70,,10158,39,,,1,30,,10159,39,,,1,70,,10160,39,,,1,30,,10161,39,,,1,73,,10162,39,,,1,30,,10163,39,,,1,70,,10164,39,,,1,30,,10165,39,,,1,70,,10166,39,,,1,30,,10167,39,,,1,70,,10168,39,,,1,30,,10169,39,,,1,70,,10170,39,,,1,25,,10171,39,,,1,65,,10172,39,,,1,29,,10173,39,,,1,70,,10174,39,,,1,30,,10175,39,,,1,70,,10176,39,,,1,30,,10177,39,,,1,70,,10180,39,,,1,30,,10179,39,,,1,70,,10181,39,,,1,19,,10182,39,,,1,100,,10183,39,,,1
42101,'Canada Day',954,,10424,14,0,54 22 23 13,1,70,,10425,14,0,54 22 23 13,1,33,,10426,43,0,54 22 23 13,1,70,,10427,43,0,54 22 23 13,1,30,,10428,43,0,54 22 23 13,1,70,,10429,43,0,54 22 23 13,1,30,,10430,43,0,54 22 23 13,1,70,,10431,43,0,54 22 23 13,1,30,,10432,43,0,54 22 23 13,1,70,,10433,43,0,54 22 23 13,1,30,,10434,43,0,54 22 23 13,1,70,,10435,43,0,54 22 23 13,1,30,,10436,43,0,54 22 23 13,1,70,,10437,43,0,54 22 23 13,1,30,,10438,43,0,54 22 23 13,1,70,,10439,43,0,54 22 23 13,1,30,,10440,43,0,54 22 23 13,1,70,,10441,43,0,54 22 23 13,1,30,,10442,43,0,54 22 23 13,1
42101,'SatSun',954,,10443,14,0,54 22 23 13,1,70,,10444,14,0,54 22 23 13,1,33,,10445,43,0,54 22 23 13,1,70,,10446,43,0,54 22 23 13,1,30,,10447,43,0,54 22 23 13,1,70,,10448,43,0,54 22 23 13,1,30,,10449,43,0,54 22 23 13,1,70,,10450,43,0,54 22 23 13,1,30,,10451,43,0,54 22 23 13,1,70,,10452,43,0,54 22 23 13,1,30,,10453,43,0,54 22 23 13,1,70,,10454,43,0,54 22 23 13,1,30,,10455,43,0,54 22 23 13,1,70,,10456,43,0,54 22 23 13,1,30,,10457,43,0,54 22 23 13,1,70,,10458,43,0,54 22 23 13,1,30,,10459,43,0,54 22 23 13,1,70,,10460,43,0,54 22 23 13,1,30,,10461,43,0,54 22 23 13,1
42101,'Weekday',1017,,10470,40,0,7 22 9,1,30,,10471,40,0,7 22 9,1,65,,10472,40,0,7 22 9,1,35,,10473,40,0,7 22 9,1,70,,10474,40,0,7 22 9,1,30,,10475,40,0,7 22 9,1,68,,10476,40,0,7 22 9,1,28,,10477,40,0,7 22 9,1,95,,10478,40,0,7 22 9,1,82,,10479,40,0,7 22 9,1,19,,10480,40,0,7 22 9,1,70,,10481,40,0,7 22 9,1,30,,10482,40,0,7 22 9,1,74,,10483,40,0,7 22 9,1,26,,10484,40,0,7 22 9,1,77,,10485,40,0,7 22 9,1,30,,10486,40,0,7 22 9,1,70,,10487,40,0,7 22 9,1,30,,10488,40,0,7 22 9,1,70,,10489,40,0,7 22 9,1
42301,'Weekday',632,,10517,37,,,1,70,,10518,37,,,1,32,,10519,37,,,1,21,,10527,37,,,1,70,,10528,37,,,1,30,,10529,37,,,1,70,,10537,37,,,1,30,,10538,37,,,1,70,,10539,37,,,1,30,,10540,37,,,1,70,,10541,37,,,1,30,,10531,37,,,1,70,,10532,37,,,1,30,,10533,37,,,1,70,,10534,37,,,1,30,,10536,37,,,1,70,,10542,37,,,1,30,,10535,37,,,1,70,,10543,37,,,1,30,,10530,37,,,1,70,,10520,37,,,1,30,,10521,37,,,1,75,,10522,37,,,1,25,,10523,37,,,1,70,,10524,37,,,1,28,,10525,37,,,1,70,,10526,37,,,1
90101,'Canada Day',720,,11438,19,0,5 22 23 13,1,30,,11440,19,0,5 22 23 13,1,70,,11442,19,0,5 22 23 13,1,30,,11444,19,0,5 22 23 13,1,70,,11446,19,0,5 22 23 13,1,30,,11448,19,0,5 22 23 13,1,70,,11450,19,0,5 22 23 13,1,30,,11452,19,0,5 22 23 13,1,70,,11454,19,0,5 22 23 13,1,30,,11456,19,0,5 22 23 13,1,70,,11458,19,0,5 22 23 13,1,30,,11460,19,0,5 22 23 13,1,70,,11462,19,0,5 22 23 13,1,30,,11464,19,0,5 22 23 13,1,70,,11466,19,0,5 22 23 13,1,20,,11468,19,0,5 22 23 13,1,80,,11470,19,0,5 22 23 13,1,30,,11472,19,0,5 22 23 13,1,70,,11474,19,0,5 22 23 13,1,30,,11476,19,0,5 22 23 13,1,70,,11478,19,0,5 22 23 13,1,30,,11480,19,0,5 22 23 13,1,70,,11482,19,0,5 22 23 13,1,30,,11484,19,0,5 22 23 13,1,70,,11486,19,0,5 22 23 13,1,30,,11488,19,0,5 22 23 13,1,70,,11490,19,0,5 22 23 13,1,30,,11492,19,0,5 22 23 13,1,70,,11494,19,0,5 22 23 13,1,30,,11496,19,0,5 22 23 13,1
90101,'SatSun',720,,11539,19,0,5 22 23 13,1,30,,11540,19,0,5 22 23 13,1,70,,11541,19,0,5 22 23 13,1,30,,11542,19,0,5 22 23 13,1,70,,11543,19,0,5 22 23 13,1,30,,11544,19,0,5 22 23 13,1,70,,11545,19,0,5 22 23 13,1,30,,11546,19,0,5 22 23 13,1,70,,11547,19,0,5 22 23 13,1,30,,11548,19,0,5 22 23 13,1,70,,11549,19,0,5 22 23 13,1,30,,11550,19,0,5 22 23 13,1,70,,11551,19,0,5 22 23 13,1,30,,11552,19,0,5 22 23 13,1,70,,11553,19,0,5 22 23 13,1,20,,11554,19,0,5 22 23 13,1,80,,11555,19,0,5 22 23 13,1,30,,11556,19,0,5 22 23 13,1,70,,11557,19,0,5 22 23 13,1,30,,11558,19,0,5 22 23 13,1,70,,11559,19,0,5 22 23 13,1,30,,11560,19,0,5 22 23 13,1,70,,11561,19,0,5 22 23 13,1,30,,11562,19,0,5 22 23 13,1,70,,11563,19,0,5 22 23 13,1,30,,11564,19,0,5 22 23 13,1,70,,11565,19,0,5 22 23 13,1,30,,11566,19,0,5 22 23 13,1,70,,11567,19,0,5 22 23 13,1,30,,11568,19,0,5 22 23 13,1
90101,'Weekday',634,,11606,19,0,5 22 23 13,1,70,,11607,19,0,5 22 23 13,1,25,,11608,19,0,5 22 23 13,1,10,,11609,19,0,5 22 23 13,1,20,,11610,19,0,5 22 23 13,1,50,,11611,19,0,5 22 23 13,1,20,,11612,19,0,5 22 23 13,1,10,,11613,19,0,5 22 23 13,1,20,,11614,19,0,5 22 23 13,1,51,,11615,19,0,5 22 23 13,1,20,,11616,19,0,5 22 23 13,1,10,,11617,19,0,5 22 23 13,1,60,,11618,19,0,5 22 23 13,1,13,,11619,19,0,5 22 23 13,1,20,,11620,19,0,5 22 23 13,1,10,,11621,19,0,5 22 23 13,1,60,,11622,19,0,5 22 23 13,1,10,,11623,19,0,5 22 23 13,1,20,,11624,19,0,5 22 23 13,1,10,,11625,19,0,5 22 23 13,1,60,,11626,19,0,5 22 23 13,1,10,,11627,19,0,5 22 23 13,1,20,,11628,19,0,5 22 23 13,1,10,,11629,19,0,5 22 23 13,1,60,,11630,19,0,5 22 23 13,1,10,,11631,19,0,5 22 23 13,1,20,,11632,19,0,5 22 23 13,1,10,,11633,19,0,5 22 23 13,1,60,,11634,19,0,5 22 23 13,1,10,,11635,19,0,5 22 23 13,1,22,,11636,19,0,5 22 23 13,1,10,,11637,19,0,5 22 23 13,1,60,,11638,19,0,5 22 23 13,1,10,,11639,19,0,5 22 23 13,1,20,,11640,19,0,5 22 23 13,1,10,,11641,19,0,5 22 23 13,1,57,,11642,19,0,5 22 23 13,1,10,,11643,19,0,5 22 23 13,1,20,,11644,19,0,5 22 23 13,1,10,,11645,19,0,5 22 23 13,1,60,,11646,19,0,5 22 23 13,1,10,,11647,19,0,5 22 23 13,1,20,,11648,19,0,5 22 23 13,1,10,,11649,19,0,5 22 23 13,1,60,,11650,19,0,5 22 23 13,1,10,,11651,19,0,5 22 23 13,1,18,,11652,19,0,5 22 23 13,1,10,,11653,19,0,5 22 23 13,1,60,,11654,19,0,5 22 23 13,1,10,,11655,19,0,5 22 23 13,1,25,,11656,19,0,5 22 23 13,1,70,,11657,19,0,5 22 23 13,1,30,,11658,19,0,5 22 23 13,1,69,,11659,19,0,5 22 23 13,1,30,,11660,19,0,5 22 23 13,1,70,,11661,19,0,5 22 23 13,1,30,,11662,19,0,5 22 23 13,1
90201,'Canada Day',607,,11818,37,,,1,30,,11819,37,,,1,70,,11820,37,,,1,30,,11821,37,,,1,70,,11822,37,,,1,30,,11823,37,,,1,70,,11824,37,,,1,30,,11825,37,,,1,71,,11826,37,,,1,26,,11827,31,,,1,18,,11828,21,0,5 22 23 13,1,52,,11829,31,,,1,18,,11830,21,0,5 22 23 13,1,14,,11831,31,,,1,16,,11832,21,0,5 22 23 13,1,54,,11833,31,,,1,16,,11834,21,0,5 22 23 13,1,14,,11835,31,,,1,16,,11836,21,0,5 22 23 13,1,54,,11837,31,,,1,16,,11838,21,0,5 22 23 13,1,14,,11839,31,,,1,16,,11840,21,0,5 22 23 13,1,54,,11841,31,,,1,16,,11842,21,0,5 22 23 13,1,14,,11843,31,,,1,16,,11844,21,0,5 22 23 13,1,54,,11845,31,,,1,14,,11846,21,0,5 22 23 13,1,16,,11847,31,,,1,14,,11848,21,0,5 22 23 13,1,56,,11849,31,,,1,14,,11850,21,0,5 22 23 13,1,16,,11851,31,,,1,14,,11852,21,0,5 22 23 13,1,56,,11853,31,,,1,14,,11854,21,0,5 22 23 13,1,16,,11855,31,,,1,14,,11856,21,0,5 22 23 13,1,54,,11857,31,,,1,16,,11858,21,0,5 22 23 13,1,14,,11859,31,,,1,16,,11860,21,0,5 22 23 13,1,54,,11861,31,,,1,30,,11862,31,,,1,70,,11863,31,,,1,31,,11864,37,,,1,70,,11865,37,,,1,30,,11866,37,,,1,70,,11867,37,,,1,30,,11868,37,,,1,70,,11869,37,,,1
90201,'SatSun',607,,11870,37,,,1,30,,11871,37,,,1,70,,11872,37,,,1,30,,11873,37,,,1,70,,11874,37,,,1,30,,11875,37,,,1,70,,11876,37,,,1,30,,11877,37,,,1,71,,11878,37,,,1,26,,11879,31,,,1,18,,11905,21,0,5 22 23 13,1,52,,11880,31,,,1,18,,11906,21,0,5 22 23 13,1,14,,11881,31,,,1,16,,11907,21,0,5 22 23 13,1,54,,11882,31,,,1,16,,11908,21,0,5 22 23 13,1,14,,11883,31,,,1,16,,11909,21,0,5 22 23 13,1,54,,11884,31,,,1,16,,11910,21,0,5 22 23 13,1,14,,11885,31,,,1,16,,11911,21,0,5 22 23 13,1,54,,11886,31,,,1,16,,11912,21,0,5 22 23 13,1,14,,11887,31,,,1,16,,11913,21,0,5 22 23 13,1,54,,11888,31,,,1,14,,11914,21,0,5 22 23 13,1,16,,11889,31,,,1,14,,11915,21,0,5 22 23 13,1,56,,11890,31,,,1,14,,11916,21,0,5 22 23 13,1,16,,11891,31,,,1,14,,11917,21,0,5 22 23 13,1,56,,11892,31,,,1,14,,11918,21,0,5 22 23 13,1,16,,11893,31,,,1,14,,11919,21,0,5 22 23 13,1,54,,11894,31,,,1,16,,11920,21,0,5 22 23 13,1,14,,11895,31,,,1,16,,11921,21,0,5 22 23 13,1,54,,11896,31,,,1,30,,11897,31,,,1,70,,11898,31,,,1,31,,11899,37,,,1,70,,11900,37,,,1,30,,11901,37,,,1,70,,11902,37,,,1,30,,11903,37,,,1,70,,11904,37,,,1
90201,'Weekday',541,,11922,37,,,1,70,,11923,37,,,1,20,,11924,37,,,1,70,,11925,37,,,1,10,,11926,37,,,1,30,,11927,37,,,1,60,,11928,37,,,1,20,,11929,37,,,1,20,,11930,37,,,1,60,,11931,37,,,1,20,,11932,37,,,1,20,,11933,37,,,1,60,,11934,37,,,1,20,,11935,37,,,1,20,,11936,37,,,1,60,,11937,37,,,1,20,,11938,37,,,1,20,,11939,37,,,1,60,,11940,37,,,1,20,,11941,37,,,1,20,,11942,37,,,1,60,,11943,37,,,1,20,,11944,37,,,1,20,,11945,37,,,1,60,,11946,37,,,1,20,,11947,37,,,1,20,,11948,37,,,1,60,,11949,37,,,1,20,,11950,37,,,1,23,,11951,37,,,1,60,,11952,37,,,1,20,,11953,37,,,1,20,,11954,37,,,1,70,,11955,37,,,1,10,,11956,37,,,1,22,,11967,37,,,1,58,,11968,37,,,1,20,,11969,37,,,1,22,,11957,37,,,1,58,,11958,37,,,1,20,,11959,37,,,1,22,,11960,37,,,1,54,,11961,31,,,1,44,,11962,31,,,1,70,,11963,31,,,1,30,,11964,31,,,1,70,,11965,31,,,1,30,,11966,31,,,1
1400000200,'Overnight',307,,13190,11,,,1,30,,13185,11,,,1,70,,13179,11,,,1,27,,13189,11,,,1,70,,13183,11,,,1,1902,,13182,11,,,1,30,,13178,11,,,1,68,,13191,11,,,1,30,,13177,11,,,1,70,,13180,11,,,1,33,,13184,11,,,1,70,,13181,11,,,1,30,,13187,11,,,1,70,,13186,11,,,1,27,,13188,11,,,1,70,,13192,11,,,1
