11200,'SatSun',718,,3896,,,1,30,,3910,,,1,70,,3897,,,1,30,,3911,,,1,70,,3898,,,1,30,,3912,,,1,70,,3899,,,1,30,,3913,,,1,70,,3900,,,1,30,,3914,,,1,70,,3901,,,1,30,,3915,,,1,70,,3902,,,1,30,,3916,,,1,70,,3903,,,1,30,,3917,,,1,70,,3904,,,1,30,,3918,,,1,70,,3905,,,1,30,,3919,,,1,70,,3906,,,1,30,,3920,,,1,70,,3907,,,1,30,,3921,,,1,70,,3908,,,1,30,,3922,,,1,70,,3909,,,1,30,,3923,,,1
11200,'Weekday',653,,3926,,,1,70,,3948,,,1,30,,3949,,,1,70,,3944,,,1,30,,3936,,,1,72,,3933,,,1,30,,3942,,,1,70,,3939,,,1,30,,3925,,,1,70,,3930,,,1,30,,3927,,,1,70,,3935,,,1,24,,3947,,,1,71,,3934,,,1,23,,3931,,,1,74,,3929,,,1,25,,3928,,,1,67,,3932,,,1,30,,3945,,,1,73,,3941,,,1,35,,3943,,,1,70,,3946,,,1,25,,3937,,,1,70,,3938,,,1,34,,3940,,,1,72,,3924,,,1
11800,'Weekday',625,,4012,,,1,30,,4031,,,1,70,,4023,,,1,30,,4021,,,1,70,,4034,,,1,30,,4019,,,1,70,,4020,,,1,30,,4026,,,1,70,,4013,,,1,30,,4029,,,1,64,,4015,,,1,27,,4032,,,1,66,,4016,,,1,30,,4009,,,1,70,,4030,,,1,30,,4008,,,1,70,,4024,,,1,30,,4011,,,1,70,,4017,,,1,30,,4033,,,1,70,,4027,,,1,30,,4014,,,1,70,,4025,,,1,36,,4018,,,1,75,,4028,,,1,24,,4010,,,1,69,,4022,,,1
12101,'SatSun',721,,4124,0,10 40 41,1,25,,4125,0,10 40 41,1,65,,4126,0,10 40 41,1,30,,4127,0,10 40 41,1,70,,4128,0,10 40 41,1,38,,4129,0,10 40 41,1,70,,4130,0,10 40 41,1,30,,4131,0,10 40 41,1,65,,4132,0,10 40 41,1,35,,4133,0,10 40 41,1,70,,4134,0,10 40 41,1,30,,4135,0,10 40 41,1,70,,4136,0,10 40 41,1,30,,4137,0,10 40 41,1,70,,4138,0,10 40 41,1,33,,4139,0,10 40 41,1,70,,4140,0,10 40 41,1,30,,4141,0,10 40 41,1,70,,4142,0,10 40 41,1,30,,4143,0,10 40 41,1,70,,4144,0,10 40 41,1,30,,4145,0,10 40 41,1,66,,4146,0,10 40 41,1,30,,4147,0,10 40 41,1,70,,4148,0,10 40 41,1
12101,'Weekday',507,,4149,,,1,35,,4150,,,1,67,,4153,0,7 11 9,1,27,,4154,0,7 11 9,1,70,,4155,0,7 11 9,1,30,,4156,0,7 11 9,1,70,,4157,0,7 11 9,1,30,,4158,0,7 11 9,1,75,,4159,0,7 11 9,1,31,,4160,,,1,70,,4161,,,1,30,,4162,,,1,63,,4182,,,1,25,,4163,,,1,70,,4164,,,1,25,,4165,,,1,30,,4166,,,1,70,,4167,,,1,31,,4168,,,1,70,,4169,,,1,30,,4170,,,1,70,,4171,,,1,30,,4172,,,1,70,,4173,,,1,30,,4174,,,1,70,,4175,,,1,30,,4176,,,1,70,,4177,,,1,30,,4178,,,1,69,,4179,,,1,30,,4180,,,1,70,,4181,,,1,30,,4151,,,1,100,,4152,,,1
21100,'Weekday',618,,4183,,,1,30,,4184,,,1,70,,4185,,,1,30,,4186,,,1,70,,4187,,,1,30,,4188,,,1,567,,4194,,,1,229,,4189,,,1,70,,4190,,,1,30,,4191,,,1,70,,4192,,,1,30,,4193,,,1
90000,'SatSun',715,,6035,,,1,33,,6036,,,1,62,,6037,,,1,18,,6038,,,1,31,,6039,,,1,70,,6040,,,1,30,,6041,,,1,60,,6042,,,1,28,,6043,,,1,70,,6044,,,1,30,,6045,,,1,75,,6046,,,1,35,,6047,,,1,65,,6048,,,1,30,,6049,,,1,65,,6050,,,1,30,,6051,,,1,70,,6052,,,1,30,,6053,,,1,75,,6054,,,1,25,,6055,,,1,70,,6056,,,1,15,,6057,,,1,22,,6058,,,1,70,,6059,,,1,89,,6060,,,1,30,,6061,,,1,87,,6062,,,1,70,,6063,,,1,30,,6064,,,1
90000,'Weekday',550,,6112,,,1,57,,6147,,,1,24,,6113,,,1,24,,6114,,,1,65,,6115,,,1,23,,6116,,,1,64,,6117,,,1,24,,6118,,,1,24,,6119,,,1,64,,6120,,,1,32,,6121,,,1,59,,6122,,,1,24,,6123,,,1,24,,6124,,,1,64,,6125,,,1,24,,6126,,,1,68,,6127,,,1,24,,6128,,,1,20,,6129,,,1,64,,6130,,,1,25,,6131,,,1,64,,6132,,,1,24,,6133,,,1,24,,6134,,,1,64,,6135,,,1,24,,6136,,,1,64,,6137,,,1,24,,6138,,,1,24,,6139,,,1,64,,6140,,,1,24,,6141,,,1,64,,6073,,,1,24,,6142,,,1,24,,6143,,,1,64,,6144,,,1,24,,6074,,,1,64,,6145,,,1,24,,6146,,,1
91600,'Overnight',2206,,7199,,,1,30,,7200,,,1,70,,7201,,,1
91600,'SatSun',759,,7209,,,1,70,,7210,,,1,25,,7211,,,1,65,,7212,,,1,30,,7213,,,1,70,,7214,,,1,38,,7215,,,1,70,,7216,,,1,30,,7217,,,1,65,,7218,,,1,35,,7219,,,1,70,,7220,,,1,30,,7221,,,1,70,,7222,,,1,30,,7223,,,1,70,,7224,,,1,73,,7225,,,1,30,,7226,,,1,70,,7227,,,1,30,,7228,,,1,70,,7229,,,1,30,,7230,,,1,70,,7231,,,1,26,,7232,,,1,30,,7233,,,1,70,,7234,,,1,30,,7235,,,1,80,,7236,,,1
91600,'Weekday',413,,7237,,,1,30,,7238,,,1,70,,7239,,,1,30,,7240,,,1,70,,7241,,,1,20,,7242,,,1,20,,7243,,,1,60,,7244,,,1,20,,7245,,,1,20,,7246,,,1,60,,7247,,,1,20,,7248,,,1,20,,7249,,,1,60,,7250,,,1,20,,7251,,,1,20,,7252,,,1,60,,7253,,,1,20,,7254,,,1,20,,7255,,,1,60,,7256,,,1,20,,7257,,,1,20,,7258,,,1,60,,7259,,,1,20,,7260,,,1,20,,7261,,,1,60,,7262,,,1,20,,7263,,,1,20,,7264,,,1,60,,7265,,,1,20,,7266,,,1,20,,7267,,,1,62,,7268,,,1,18,,7269,,,1,20,,7270,,,1,60,,7271,,,1,20,,7272,,,1,25,,7273,,,1,60,,7274,,,1,20,,7275,,,1,20,,7276,,,1,60,,7277,,,1,20,,7278,,,1,20,,7279,,,1,65,,7280,,,1,25,,7281,,,1,70,,7282,,,1,30,,7283,,,1,70,,7284,,,1,30,,7285,,,1
92000,'Weekday',650,,7556,,,1,65,,7557,,,1,15,,7558,,,1,20,,7559,,,1,60,,7560,,,1,20,,7561,,,1,25,,7562,,,1,55,,7563,,,1,20,,7564,,,1,680,,7565,,,1,30,,7566,,,1,70,,7568,,,1,15,,7567,,,1,5,,7569,,,1,20,,7570,,,1,60,,7571,,,1
