40900,'Canada Day',720,,9797,25,4,,1,30,,9798,25,4,,1,70,,9799,25,4,,1,30,,9800,25,4,,1,70,,9801,25,4,,1,30,,9802,25,4,,1,70,,9803,25,4,,1,30,,9804,25,4,,1,70,,9805,25,4,,1,30,,9806,25,4,,1,70,,9807,25,4,,1,30,,9808,25,4,,1,70,,9809,25,4,,1,30,,9810,25,4,,1,70,,9811,25,4,,1,30,,9812,25,4,,1,70,,9813,25,4,,1,30,,9814,25,4,,1,70,,9815,25,4,,1,30,,9816,25,4,,1,70,,9817,25,4,,1,30,,9818,25,4,,1,70,,9819,25,4,,1,30,,9820,25,4,,1,70,,9821,25,4,,1,30,,9822,25,4,,1,260,,9823,25,4,,1,110,,9824,25,4,,1
40900,'SatSun',720,,9825,25,4,,1,30,,9826,25,4,,1,70,,9827,25,4,,1,30,,9828,25,4,,1,70,,9829,25,4,,1,30,,9830,25,4,,1,70,,9831,25,4,,1,30,,9832,25,4,,1,70,,9833,25,4,,1,30,,9834,25,4,,1,70,,9835,25,4,,1,30,,9836,25,4,,1,70,,9837,25,4,,1,30,,9838,25,4,,1,70,,9839,25,4,,1,30,,9840,25,4,,1,70,,9841,25,4,,1,30,,9842,25,4,,1,70,,9843,25,4,,1,30,,9844,25,4,,1,70,,9845,25,4,,1,30,,9846,25,4,,1,70,,9847,25,4,,1,30,,9848,25,4,,1,70,,9849,25,4,,1,30,,9850,25,4,,1,260,,9851,25,4,,1,110,,9852,25,4,,1
40900,'Weekday',700,,9859,25,4,,1,30,,9860,25,4,,1,73,,9861,25,4,,1,30,,9862,25,4,,1,70,,9863,25,4,,1,30,,9864,25,4,,1,67,,9865,25,4,,1,32,,9866,32,4,,1,68,,9867,25,4,,1,30,,9868,25,4,,1,70,,9869,25,4,,1,32,,9870,32,4,,1,68,,9871,25,4,,1,30,,9872,25,4,,1,70,,9873,25,4,,1,32,,9874,32,4,,1,71,,9875,25,4,,1,30,,9876,25,4,,1,70,,9877,25,4,,1,33,,9878,32,4,,1,67,,9879,25,4,,1,30,,9880,25,4,,1,70,,9881,25,4,,1,30,,9882,25,4,,1,70,,9883,25,4,,1,30,,9884,25,4,,1,70,,9853,25,4,,1,30,,9854,25,4,,1,70,,9855,25,4,,1,30,,9856,25,4,,1,70,,9857,25,4,,1,42,,9858,25,4,,1
41900,'Canada Day',720,,10184,1,,,1,30,,10185,1,,,1,71,,10186,1,,,1,30,,10187,1,,,1,70,,10188,1,,,1,30,,10189,1,,,1,70,,10190,1,,,1,30,,10191,1,,,1,70,,10192,1,,,1,30,,10193,1,,,1,70,,10194,1,,,1,30,,10195,1,,,1,70,,10196,1,,,1,30,,10197,1,,,1,70,,10198,1,,,1,30,,10199,1,,,1,70,,10200,1,,,1,30,,10201,1,,,1,70,,10202,1,,,1,29,,10203,1,,,1,70,,10204,1,,,1,30,,10205,1,,,1,70,,10206,1,,,1,30,,10207,1,,,1,70,,10208,1,,,1,30,,10209,1,,,1
41900,'SatSun',720,,10210,1,,,1,30,,10211,1,,,1,71,,10212,1,,,1,30,,10213,1,,,1,70,,10214,1,,,1,30,,10215,1,,,1,70,,10216,1,,,1,30,,10217,1,,,1,70,,10218,1,,,1,30,,10219,1,,,1,70,,10220,1,,,1,30,,10221,1,,,1,70,,10222,1,,,1,30,,10223,1,,,1,70,,10224,1,,,1,30,,10225,1,,,1,70,,10226,1,,,1,30,,10227,1,,,1,70,,10228,1,,,1,29,,10229,1,,,1,70,,10230,1,,,1,30,,10231,1,,,1,70,,10232,1,,,1,30,,10233,1,,,1,70,,10234,1,,,1,30,,10235,1,,,1
41900,'Weekday',700,,10242,1,,,1,30,,10243,1,,,1,73,,10244,1,,,1,30,,10245,1,,,1,70,,10246,1,,,1,30,,10247,1,,,1,67,,10248,1,,,1,32,,10249,1,,,1,68,,10250,1,,,1,30,,10251,1,,,1,70,,10252,1,,,1,32,,10253,1,,,1,68,,10254,1,,,1,30,,10255,1,,,1,70,,10256,1,,,1,32,,10257,1,,,1,71,,10258,1,,,1,30,,10259,1,,,1,70,,10260,1,,,1,33,,10261,1,,,1,67,,10262,1,,,1,30,,10263,1,,,1,70,,10264,1,,,1,30,,10265,1,,,1,70,,10267,1,,,1,30,,10266,1,,,1,70,,10236,1,,,1,30,,10237,1,,,1,70,,10238,1,,,1,30,,10239,1,,,1,70,,10240,1,,,1,42,,10241,1,,,1
90100,'Canada Day',2208,,11261,40,,,1,44,,11264,40,,,1
90100,'Overnight',2325,,11271,40,,,1,30,,11270,40,,,1
90100,'SatSun',2208,,11303,40,,,1,44,,11336,40,,,1
90100,'Weekday',2252,,11433,40,,,1
1400000200,'Overnight',331,,13190,39,,,1,70,,13185,39,,,1,30,,13179,39,,,1,27,,13189,39,,,1,70,,13183,39,,,1,1902,,13182,39,,,1,70,,13178,39,,,1,28,,13191,39,,,1,30,,13177,39,,,1,70,,13180,39,,,1,73,,13184,39,,,1,30,,13181,39,,,1,70,,13187,39,,,1,30,,13186,39,,,1,27,,13188,39,,,1,70,,13192,39,,,1
