30200,'Canada Day',713,,8824,45,,,1,30,,8825,45,,,1,70,,8826,45,,,1,30,,8827,45,,,1,70,,8828,45,,,1,30,,8829,45,,,1,70,,8830,45,,,1,30,,8831,45,,,1,70,,8832,45,,,1,30,,8833,45,,,1,70,,8834,45,,,1,30,,8835,45,,,1,70,,8836,45,,,1,30,,8837,45,,,1,70,,8838,45,,,1,30,,8839,45,,,1,70,,8840,45,,,1,30,,8841,45,,,1,70,,8842,45,,,1,30,,8843,45,,,1,70,,8844,45,,,1,30,,8845,45,,,1,70,,8846,45,,,1,30,,8847,45,,,1,70,,8848,45,,,1,30,,8849,45,,,1,70,,8850,45,,,1,30,,8851,45,,,1,70,,8852,45,,,1,30,,8853,45,,,1,70,,8854,45,,,1,30,,8855,45,,,1,80,,8856,45,,,1,20,,8857,45,,,1
30200,'SatSun',713,,8858,45,,,1,30,,8859,45,,,1,70,,8860,45,,,1,30,,8861,45,,,1,70,,8862,45,,,1,30,,8863,45,,,1,70,,8864,45,,,1,30,,8865,45,,,1,70,,8866,45,,,1,30,,8867,45,,,1,70,,8868,45,,,1,30,,8869,45,,,1,70,,8870,45,,,1,30,,8871,45,,,1,70,,8872,45,,,1,30,,8873,45,,,1,70,,8874,45,,,1,30,,8875,45,,,1,70,,8876,45,,,1,30,,8877,45,,,1,70,,8878,45,,,1,30,,8879,45,,,1,70,,8880,45,,,1,30,,8881,45,,,1,70,,8882,45,,,1,30,,8883,45,,,1,70,,8884,45,,,1,30,,8885,45,,,1,70,,8886,45,,,1,30,,8887,45,,,1,70,,8888,45,,,1,30,,8889,45,,,1,80,,8890,45,,,1,20,,8891,45,,,1
30200,'Weekday',514,,8892,19,,,1,30,,8893,19,,,1,64,,8894,45,,,1,30,,8895,45,,,1,70,,8896,45,,,1,30,,8897,45,,,1,70,,8898,45,,,1,32,,8899,45,,,1,68,,8900,45,,,1,30,,8901,45,,,1,70,,8902,45,,,1,30,,8903,45,,,1,70,,8904,45,,,1,30,,8905,45,,,1,70,,8906,45,,,1,30,,8907,45,,,1,70,,8908,45,,,1,30,,8909,45,,,1,70,,8910,45,,,1,32,,8911,45,,,1,70,,8912,45,,,1,30,,8913,45,,,1,70,,8914,45,,,1,30,,8915,45,,,1,70,,8916,45,,,1,30,,8917,45,,,1,64,,8918,45,,,1,30,,8919,45,,,1,70,,8920,45,,,1,33,,8921,45,,,1,70,,8922,45,,,1,30,,8923,45,,,1,70,,8924,45,,,1,30,,8925,45,,,1,70,,8926,45,,,1,30,,8927,45,,,1,70,,8928,45,,,1,30,,8929,45,,,1
40901,'Canada Day',646,,9885,3,,,1,70,,9886,3,,,1,30,,9887,3,,,1,70,,9888,3,,,1,30,,9889,3,,,1,70,,9890,3,,,1,30,,9891,3,,,1,70,,9892,3,,,1,30,,9893,3,,,1,70,,9894,3,,,1,30,,9895,3,,,1,70,,9896,3,,,1,30,,9897,3,,,1,70,,9898,3,,,1,27,,9899,3,,,1,73,,9900,3,,,1,30,,9901,3,,,1,70,,9902,3,,,1,30,,9903,3,,,1,70,,9904,3,,,1,30,,9905,3,,,1,70,,9906,3,,,1,30,,9907,3,,,1,70,,9908,3,,,1,30,,9909,3,,,1,70,,9910,3,,,1,30,,9911,3,,,1,70,,9912,3,,,1,202,,9913,3,,,1,106,,9914,3,,,1
40901,'SatSun',646,,9915,3,,,1,70,,9916,3,,,1,30,,9917,3,,,1,70,,9918,3,,,1,30,,9919,3,,,1,70,,9920,3,,,1,30,,9921,3,,,1,70,,9922,3,,,1,30,,9923,3,,,1,70,,9924,3,,,1,30,,9925,3,,,1,70,,9926,3,,,1,30,,9927,3,,,1,70,,9928,3,,,1,27,,9929,3,,,1,73,,9930,3,,,1,30,,9931,3,,,1,70,,9932,3,,,1,30,,9933,3,,,1,70,,9934,3,,,1,30,,9935,3,,,1,70,,9936,3,,,1,30,,9937,3,,,1,70,,9938,3,,,1,30,,9939,3,,,1,70,,9940,3,,,1,30,,9941,3,,,1,70,,9942,3,,,1,202,,9943,3,,,1,106,,9944,3,,,1
40901,'Weekday',632,,9977,3,,,1,70,,9951,3,,,1,30,,9952,3,,,1,70,,9953,3,,,1,30,,9954,3,,,1,70,,9955,3,,,1,30,,9956,3,,,1,70,,9957,3,0,5 22 23 13,1,30,,9958,3,,,1,70,,9959,3,,,1,30,,9960,3,,,1,69,,9961,3,0,5 22 23 13,1,31,,9962,3,,,1,70,,9963,3,,,1,30,,9964,3,,,1,70,,9965,3,0,5 22 23 13,1,30,,9966,3,,,1,70,,9967,3,,,1,30,,9968,3,0,7 22 23 13,1,70,,9969,3,,,1,30,,9970,3,,,1,70,,9971,3,,,1,30,,9972,3,,,1,70,,9973,3,,,1,30,,9974,3,,,1,70,,9975,3,,,1,30,,9976,3,,,1,70,,9945,3,,,1,30,,9946,3,,,1,70,,9947,3,,,1,30,,9948,3,,,1,70,,9949,3,,,1,43,,9950,3,,,1
61801,'Weekday',1057,,10759,36,0,10 53,1,168,,10766,36,0,10 53,1,579,,10761,36,0,7 44,1,129,,10762,36,0,7 44,1,186,,10763,36,0,10 53,1
90101,'Canada Day',2213,,11499,3,0,7 24 25,1,41,,11500,3,0,7 24 25,1
90101,'SatSun',2213,,11538,3,0,7 24 25,1,41,,11571,3,0,7 24 25,1
90101,'Weekday',2254,,11667,3,0,7 24 25,1
90501,'Canada Day',550,,12103,4,,,1,70,,12104,4,,,1,28,,12105,40,,,1,70,,12106,4,,,1,30,,12107,4,,,1,70,,12108,40,,,1,30,,12109,4,,,1,70,,12110,4,,,1,30,,12111,40,,,1,72,,12112,4,,,1,30,,12113,4,,,1,68,,12114,40,,,1,32,,12115,4,,,1,70,,12116,4,,,1,28,,12117,40,,,1,72,,12118,4,,,1,30,,12119,4,,,1,68,,12120,40,,,1,32,,12121,4,,,1,70,,12122,4,,,1,28,,12123,40,,,1,72,,12124,4,,,1,30,,12125,4,,,1,68,,12126,40,,,1,30,,12127,4,,,1,70,,12128,4,,,1,30,,12129,40,,,1,70,,12130,4,,,1,30,,12131,4,,,1,70,,12132,40,,,1,30,,12133,4,,,1,70,,12134,4,,,1,41,,12135,40,,,1,59,,12137,4,,,1,30,,12136,4,,,1,152,,12138,4,,,1
90501,'SatSun',550,,12150,4,,,1,70,,12151,4,,,1,28,,12139,40,,,1,70,,12152,4,,,1,30,,12153,4,,,1,70,,12140,40,,,1,30,,12154,4,,,1,70,,12155,4,,,1,30,,12141,40,,,1,72,,12156,4,,,1,30,,12157,4,,,1,68,,12142,40,,,1,32,,12158,4,,,1,70,,12159,4,,,1,28,,12143,40,,,1,72,,12166,4,,,1,30,,12167,4,,,1,68,,12144,40,,,1,32,,12168,4,,,1,70,,12169,4,,,1,28,,12145,40,,,1,72,,12170,4,,,1,30,,12171,4,,,1,68,,12146,40,,,1,30,,12172,4,,,1,70,,12160,4,,,1,30,,12147,40,,,1,70,,12161,4,,,1,30,,12162,4,,,1,70,,12148,40,,,1,30,,12163,4,,,1,70,,12164,4,,,1,85,,12149,40,,,1,15,,12165,4,,,1,30,,12173,4,,,1,72,,12174,4,,,1,80,,12175,4,,,1,20,,12176,4,,,1
90501,'Weekday',535,,12188,4,,,1,70,,12189,4,,,1,29,,12177,40,,,1,11,,12213,4,0,54 18 9,1,55,,12190,4,,,1,17,,12214,4,0,54 18 9,1,13,,12191,4,,,1,15,,12215,4,0,54 18 9,1,59,,12178,40,,,1,11,,12216,4,0,54 18 9,1,15,,12192,4,,,1,15,,12217,4,0,54 18 9,1,55,,12193,4,,,1,15,,12218,4,0,54 18 9,1,19,,12179,40,,,1,11,,12219,4,0,54 18 9,1,55,,12194,4,,,1,15,,12220,4,0,54 18 9,1,15,,12195,4,,,1,15,,12221,4,0,54 18 9,1,55,,12180,40,,,1,15,,12222,4,0,54 18 9,1,15,,12196,4,,,1,15,,12223,4,0,54 18 9,1,55,,12197,4,,,1,15,,12224,4,0,54 18 9,1,15,,12181,40,,,1,14,,12225,4,0,54 18 9,1,14,,12198,4,,,1,56,,12226,4,0,54 18 9,1,14,,12199,4,,,1,16,,12227,4,0,54 18 9,1,63,,12182,40,,,1,14,,12228,4,0,54 18 9,1,15,,12200,4,,,1,15,,12229,4,0,54 18 9,1,55,,12201,4,,,1,15,,12230,4,0,54 18 9,1,15,,12183,40,,,1,19,,12231,4,0,54 18 9,1,55,,12202,4,,,1,15,,12232,4,0,54 18 9,1,15,,12203,4,,,1,15,,12238,4,0,54 18 9,1,55,,12184,40,,,1,15,,12233,4,0,54 18 9,1,15,,12204,4,,,1,15,,12234,4,0,54 18 9,1,55,,12205,4,,,1,15,,12235,4,0,54 18 9,1,15,,12185,40,,,1,70,,12206,4,,,1,30,,12207,4,,,1,70,,12186,40,,,1,30,,12208,4,,,1,70,,12209,4,,,1,30,,12187,40,,,1,70,,12210,4,,,1,30,,12211,4,,,1,19,,12212,40,,,1,81,,12236,4,,,1,70,,12237,4,,,1
