40300,'Canada Day',630,,9187,1,,,1,70,,9188,1,,,1,30,,9189,1,,,1,70,,9190,1,,,1,30,,9191,1,,,1,70,,9192,1,,,1,30,,9193,1,,,1,70,,9194,1,,,1,30,,9195,1,,,1,26,,9196,1,,,1,70,,9197,1,,,1,74,,9198,1,,,1,30,,9199,1,,,1,70,,9200,1,,,1,30,,9201,1,,,1,70,,9202,1,,,1,30,,9203,1,,,1,70,,9204,1,,,1,29,,9205,1,,,1,27,,9206,1,,,1,74,,9207,1,,,1,70,,9208,1,,,1,33,,9209,1,,,1,67,,9210,1,,,1,30,,9211,1,,,1,70,,9212,1,,,1,30,,9213,1,,,1,70,,9214,1,,,1,30,,9215,1,,,1,70,,9216,1,,,1,30,,9217,1,,,1
40300,'SatSun',630,,9218,1,,,1,70,,9219,1,,,1,30,,9220,1,,,1,70,,9221,1,,,1,30,,9222,1,,,1,70,,9223,1,,,1,30,,9224,1,,,1,70,,9225,1,,,1,30,,9226,1,,,1,26,,9227,1,,,1,70,,9228,1,,,1,74,,9229,1,,,1,30,,9230,1,,,1,70,,9231,1,,,1,30,,9232,1,,,1,70,,9233,1,,,1,30,,9234,1,,,1,70,,9235,1,,,1,30,,9236,1,,,1,26,,9237,1,,,1,74,,9238,1,,,1,70,,9239,1,,,1,33,,9240,1,,,1,67,,9241,1,,,1,30,,9242,1,,,1,70,,9243,1,,,1,30,,9244,1,,,1,70,,9245,1,,,1,30,,9246,1,,,1,70,,9247,1,,,1,30,,9248,1,,,1
40300,'Weekday',605,,9269,1,,,1,30,,9285,1,,,1,70,,9280,1,,,1,30,,9286,1,,,1,70,,9287,1,,,1,30,,9288,1,,,1,70,,9289,1,,,1,30,,9290,1,,,1,70,,9291,1,,,1,30,,9292,1,,,1,70,,9249,1,,,1,30,,9250,1,,,1,70,,9251,1,,,1,30,,9252,1,,,1,70,,9263,1,,,1,30,,9264,1,,,1,70,,9265,1,,,1,33,,9266,1,,,1,62,,9267,1,,,1,30,,9268,1,,,1,70,,9270,1,,,1,30,,9271,1,,,1,70,,9272,1,,,1,30,,9273,1,,,1,70,,9274,1,,,1,30,,9275,1,,,1,70,,9276,1,,,1,30,,9277,1,,,1,70,,9278,1,,,1,30,,9279,1,,,1,70,,9281,1,,,1,30,,9282,1,,,1,70,,9283,1,,,1,30,,9284,1,,,1
40301,'Canada Day',624,,9293,33,4,,1,30,,9294,33,4,,1,70,,9295,33,4,,1,30,,9296,33,4,,1,70,,9297,33,4,,1,30,,9298,33,4,,1,70,,9299,33,4,,1,32,,9300,33,4,,1,70,,9301,33,4,,1,30,,9302,33,4,,1,70,,9303,33,4,,1,30,,9304,33,4,,1,70,,9305,33,4,,1,30,,9306,33,4,,1,70,,9307,33,4,,1,30,,9308,33,4,,1,70,,9309,33,4,,1,30,,9310,33,4,,1,70,,9311,33,4,,1,30,,9312,33,4,,1,70,,9313,33,4,,1,30,,9314,33,4,,1,73,,9315,33,4,,1,27,,9316,33,4,,1,70,,9317,33,4,,1,30,,9318,33,4,,1,70,,9319,33,4,,1,30,,9320,33,4,,1,70,,9321,33,4,,1,30,,9322,33,4,,1,70,,9323,33,4,,1,30,,9324,33,4,,1,70,,9325,33,4,,1
40301,'SatSun',624,,9326,33,4,,1,30,,9327,33,4,,1,70,,9328,33,4,,1,30,,9329,33,4,,1,70,,9330,33,4,,1,30,,9331,33,4,,1,70,,9332,33,4,,1,32,,9333,33,4,,1,70,,9334,33,4,,1,30,,9335,33,4,,1,70,,9336,33,4,,1,30,,9337,33,4,,1,70,,9338,33,4,,1,30,,9339,33,4,,1,70,,9340,33,4,,1,30,,9341,33,4,,1,70,,9342,33,4,,1,30,,9343,33,4,,1,70,,9344,33,4,,1,30,,9345,33,4,,1,70,,9346,33,4,,1,30,,9347,33,4,,1,73,,9348,33,4,,1,27,,9349,33,4,,1,70,,9350,33,4,,1,30,,9351,33,4,,1,70,,9352,33,4,,1,30,,9353,33,4,,1,70,,9354,33,4,,1,30,,9355,33,4,,1,70,,9356,33,4,,1,30,,9357,33,4,,1,70,,9358,33,4,,1
40301,'Weekday',630,,9369,33,4,,1,70,,9368,33,4,,1,30,,9370,33,4,,1,70,,9371,33,4,,1,30,,9372,33,4,,1,70,,9373,33,4,,1,30,,9374,33,4,,1,70,,9375,33,4,,1,30,,9376,33,4,,1,70,,9377,33,4,,1,30,,9378,33,4,,1,70,,9379,33,4,,1,30,,9380,33,4,,1,70,,9381,33,4,,1,30,,9382,33,4,,1,70,,9383,33,4,,1,30,,9384,33,4,,1,25,,9385,33,4,,1,70,,9386,33,4,,1,30,,9387,33,4,,1,70,,9388,33,4,,1,30,,9389,33,4,,1,70,,9390,33,4,,1,30,,9391,33,4,,1,70,,9392,33,4,,1,30,,9393,33,4,,1,70,,9394,33,4,,1,30,,9395,33,4,,1,70,,9396,33,4,,1,30,,9397,33,4,,1,70,,9398,33,4,,1,30,,9399,33,4,,1,72,,9400,33,4,,1,32,,9401,33,4,,1
42100,'Weekday',552,,10395,1,0,7 30,1,70,,10396,1,0,7 30,1,30,,10397,1,0,7 30,1,70,,10398,1,0,7 30,1,82,,10399,1,0,7 30,1,30,,10400,1,0,7 30,1,70,,10401,1,0,7 30,1,25,,10402,1,0,7 30,1,75,,10403,1,0,7 30,1,31,,10404,1,0,7 30,1,70,,10405,1,0,7 30,1,30,,10406,1,0,7 30,1,70,,10407,1,0,7 30,1,54,,10408,1,0,7 30,1,70,,10409,1,0,5 30,1,30,,10410,1,0,7 30,1,70,,10411,1,0,7 30,1,30,,10412,1,0,7 30,1,81,,10421,1,0,7 30,1,19,,10423,1,0,7 30,1,70,,10422,1,0,7 30,1,30,,10413,1,,,1,70,,10414,1,,,1,30,,10415,1,,,1,70,,10416,1,,,1,30,,10417,1,,,1,70,,10418,1,,,1,30,,10419,1,0,10 26,1,70,,10420,1,0,10 26,1
42101,'Weekday',559,,10462,33,4,,1,70,,10463,33,4,,1,30,,10464,33,4,,1,70,,10465,33,4,,1,30,,10466,33,4,,1,70,,10467,33,4,,1,30,,10468,33,4,,1,82,,10469,33,4,,1,89,,10470,46,4,,1,70,,10471,46,4,,1,25,,10472,46,4,,1,75,,10473,46,4,,1,30,,10474,46,4,,1,70,,10475,46,4,,1,28,,10476,46,4,,1,28,,10477,46,4,,1,95,,10478,46,4,,1,81,,10479,46,4,,1,19,,10480,46,4,,1,70,,10481,46,4,,1,30,,10482,46,4,,1,74,,10483,46,4,,1,26,,10484,46,4,,1,77,,10485,46,4,,1,30,,10486,46,4,,1,70,,10487,46,4,,1,30,,10488,46,4,,1,70,,10489,46,4,,1
90200,'Canada Day',630,,11668,1,,,1,70,,11669,1,,,1,30,,11670,1,,,1,70,,11671,1,,,1,30,,11672,1,,,1,70,,11673,1,,,1,30,,11674,1,,,1,70,,11675,1,,,1,30,,11677,1,,,1,70,,11679,1,,,1,30,,11681,1,,,1,70,,11683,1,,,1,30,,11685,1,,,1,70,,11687,1,,,1,30,,11689,1,,,1,70,,11691,1,,,1,30,,11693,1,,,1,70,,11695,1,,,1,30,,11697,1,,,1,70,,11699,1,,,1,30,,11701,1,,,1,70,,11703,1,,,1,30,,11705,1,,,1,70,,11707,1,,,1,30,,11709,1,,,1,70,,11710,1,,,1,30,,11711,1,,,1,70,,11712,1,,,1,30,,11713,1,,,1,70,,11714,1,,,1,30,,11715,1,,,1,70,,11716,1,,,1,30,,11717,1,,,1,70,,11718,1,,,1
90200,'SatSun',630,,11736,1,,,1,70,,11737,1,,,1,30,,11738,1,,,1,70,,11739,1,,,1,30,,11740,1,,,1,70,,11741,1,,,1,30,,11742,1,,,1,70,,11743,1,,,1,30,,11744,1,,,1,70,,11745,1,,,1,30,,11746,1,,,1,70,,11747,1,,,1,30,,11748,1,,,1,70,,11749,1,,,1,30,,11750,1,,,1,70,,11751,1,,,1,30,,11752,1,,,1,70,,11753,1,,,1,30,,11754,1,,,1,70,,11755,1,,,1,30,,11756,1,,,1,70,,11757,1,,,1,30,,11758,1,,,1,70,,11759,1,,,1,30,,11760,1,,,1,70,,11761,1,,,1,30,,11762,1,,,1,70,,11763,1,,,1,30,,11764,1,,,1,70,,11765,1,,,1,30,,11766,1,,,1,70,,11767,1,,,1,30,,11768,1,,,1,70,,11769,1,,,1
90200,'Weekday',600,,11770,1,,,1,20,,11771,1,,,1,20,,11772,1,,,1,60,,11773,1,,,1,20,,11774,1,,,1,20,,11775,1,,,1,65,,11776,1,,,1,15,,11777,1,,,1,20,,11778,1,,,1,60,,11779,1,,,1,20,,11780,1,,,1,20,,11781,1,,,1,60,,11782,1,,,1,20,,11783,1,,,1,20,,11784,1,,,1,60,,11785,1,,,1,20,,11786,1,,,1,20,,11787,1,,,1,65,,11788,1,,,1,20,,11789,1,,,1,15,,11790,1,,,1,65,,11791,1,,,1,15,,11792,1,,,1,20,,11793,1,,,1,60,,11794,1,,,1,20,,11795,1,,,1,20,,11796,1,,,1,60,,11797,1,,,1,30,,11798,1,,,1,10,,11799,1,,,1,60,,11800,1,,,1,20,,11801,1,,,1,20,,11802,1,,,1,60,,11803,1,,,1,20,,11804,1,,,1,20,,11805,1,,,1,60,,11806,1,,,1,20,,11807,1,,,1,20,,11808,1,,,1,60,,11809,1,,,1,30,,11810,1,,,1,70,,11811,1,,,1,30,,11812,1,,,1,73,,11813,1,,,1,27,,11814,1,,,1,70,,11815,1,,,1,30,,11816,1,,,1,70,,11817,1,,,1
90201,'Canada Day',622,,11818,43,4,,1,30,,11819,43,4,,1,70,,11820,43,4,,1,30,,11821,43,4,,1,73,,11822,43,4,,1,30,,11823,43,4,,1,70,,11824,43,4,,1,30,,11825,43,4,,1,67,,11826,43,4,,1,30,,11827,37,4,,1,70,,11829,37,4,,1,30,,11831,37,4,,1,70,,11833,37,4,,1,30,,11835,37,4,,1,70,,11837,37,4,,1,30,,11839,37,4,,1,70,,11841,37,4,,1,30,,11843,37,4,,1,70,,11845,37,4,,1,30,,11847,37,4,,1,70,,11849,37,4,,1,30,,11851,37,4,,1,70,,11853,37,4,,1,30,,11855,37,4,,1,70,,11857,37,4,,1,30,,11859,37,4,,1,70,,11861,37,4,,1,30,,11862,37,4,,1,70,,11863,37,4,,1,30,,11864,43,4,,1,70,,11865,43,4,,1,30,,11866,43,4,,1,70,,11867,43,4,,1,30,,11868,43,4,,1,70,,11869,43,4,,1
90201,'SatSun',622,,11870,43,4,,1,30,,11871,43,4,,1,70,,11872,43,4,,1,30,,11873,43,4,,1,73,,11874,43,4,,1,30,,11875,43,4,,1,70,,11876,43,4,,1,30,,11877,43,4,,1,67,,11878,43,4,,1,30,,11879,37,4,,1,70,,11880,37,4,,1,30,,11881,37,4,,1,70,,11882,37,4,,1,30,,11883,37,4,,1,70,,11884,37,4,,1,30,,11885,37,4,,1,70,,11886,37,4,,1,30,,11887,37,4,,1,70,,11888,37,4,,1,30,,11889,37,4,,1,70,,11890,37,4,,1,30,,11891,37,4,,1,70,,11892,37,4,,1,30,,11893,37,4,,1,70,,11894,37,4,,1,30,,11895,37,4,,1,70,,11896,37,4,,1,30,,11897,37,4,,1,70,,11898,37,4,,1,30,,11899,43,4,,1,70,,11900,43,4,,1,30,,11901,43,4,,1,70,,11902,43,4,,1,30,,11903,43,4,,1,70,,11904,43,4,,1
90201,'Weekday',559,,11922,43,4,,1,70,,11923,43,4,,1,20,,11924,43,4,,1,70,,11925,43,4,,1,10,,11926,43,4,,1,30,,11927,43,4,,1,60,,11928,43,4,,1,20,,11929,43,4,,1,20,,11930,43,4,,1,60,,11931,43,4,,1,20,,11932,43,4,,1,20,,11933,43,4,,1,60,,11934,43,4,,1,20,,11935,43,4,,1,20,,11936,43,4,,1,60,,11937,43,4,,1,20,,11938,43,4,,1,20,,11939,43,4,,1,60,,11940,43,4,,1,20,,11941,43,4,,1,20,,11942,43,4,,1,60,,11943,43,4,,1,20,,11944,43,4,,1,20,,11945,43,4,,1,60,,11946,43,4,,1,20,,11947,43,4,,1,20,,11948,43,4,,1,60,,11949,43,4,,1,20,,11950,43,4,,1,63,,11951,43,4,,1,20,,11952,43,4,,1,20,,11953,43,4,,1,60,,11954,43,4,,1,30,,11955,43,4,,1,10,,11956,43,4,,1,62,,11967,43,4,,1,18,,11968,43,4,,1,20,,11969,43,4,,1,62,,11957,43,4,,1,18,,11958,43,4,,1,20,,11959,43,4,,1,62,,11960,43,4,,1,9,,11961,37,4,,1,44,,11962,37,4,,1,70,,11963,37,4,,1,30,,11964,37,4,,1,70,,11965,37,4,,1,30,,11966,37,4,,1
