30200,'SatSun',709,,706,4,,1,30,,707,4,,1,70,,708,4,,1,30,,709,4,,1,70,,710,4,,1,30,,711,4,,1,70,,712,4,,1,30,,713,4,,1,70,,714,4,,1,30,,715,4,,1,70,,716,4,,1,30,,717,4,,1,70,,718,4,,1,30,,719,4,,1,70,,720,4,,1,30,,721,4,,1,70,,722,4,,1,30,,723,4,,1,70,,724,4,,1,30,,725,4,,1,70,,726,4,,1,30,,727,4,,1,70,,728,4,,1,30,,729,4,,1,70,,730,4,,1,30,,731,4,,1,70,,732,4,,1,30,,733,4,,1,70,,734,4,,1,30,,735,4,,1,70,,736,4,,1,30,,737,4,,1,80,,738,4,,1,20,,739,4,,1
30200,'Weekday',508,,754,4,,1,30,,769,4,,1,76,,742,4,,1,30,,759,4,,1,67,,767,4,,1,30,,766,4,,1,70,,743,4,,1,30,,756,4,,1,70,,771,4,,1,30,,751,4,,1,70,,747,4,,1,30,,741,4,,1,70,,762,4,,1,30,,776,4,,1,70,,768,4,,1,30,,757,4,,1,70,,750,4,,1,30,,752,4,,1,70,,748,4,,1,34,,779,4,,1,70,,746,4,,1,30,,758,4,,1,70,,753,4,,1,30,,755,4,,1,60,,773,4,,1,20,,744,4,,1,25,,765,4,,1,70,,764,4,,1,1,,763,4,,1,20,,745,4,,1,9,,770,4,,1,61,,761,4,,1,3,,740,4,,1,30,,772,4,,1,70,,781,4,,1,30,,749,4,,1,70,,774,4,,1,30,,778,4,,1,70,,780,4,,1,30,,777,4,,1,83,,775,4,,1
30201,'SatSun',545,,782,,,1,70,,783,,,1,30,,784,,,1,70,,785,,,1,30,,786,,,1,70,,787,,,1,30,,788,,,1,70,,789,,,1,30,,798,,,1,70,,799,,,1,30,,800,,,1,70,,801,,,1,30,,802,,,1,70,,803,,,1,30,,804,,,1,70,,805,,,1,30,,806,,,1,70,,807,,,1,30,,808,,,1,70,,809,,,1,30,,810,,,1,70,,811,,,1,30,,812,,,1,70,,813,,,1,30,,814,,,1,70,,790,,,1,30,,791,,,1,70,,792,,,1,30,,793,,,1,70,,794,,,1,30,,795,,,1,70,,796,,,1,30,,797,,,1
30201,'Weekday',429,,849,0,5 18 9,1,30,,852,0,5 18 9,1,61,,819,,,1,7,,836,0,5 18 9,1,28,,857,,,1,49,,842,0,5 18 9,1,21,,821,,,1,9,,827,0,5 18 9,1,66,,839,,,1,25,,840,,,1,30,,831,,,1,70,,832,,,1,30,,856,,,1,70,,830,,,1,30,,838,,,1,70,,843,,,1,30,,833,,,1,70,,834,,,1,30,,826,,,1,60,,846,,,1,30,,822,,,1,70,,815,,,1,30,,817,,,1,70,,853,,,1,35,,844,,,1,70,,818,,,1,15,,848,,,1,15,,845,,,1,55,,851,,,1,20,,824,,,1,15,,816,,,1,15,,841,,,1,55,,823,,,1,15,,829,,,1,30,,837,,,1,70,,820,,,1,30,,855,,,1,70,,835,,,1,30,,850,,,1,70,,854,,,1,30,,828,,,1,70,,847,,,1,30,,825,,,1
40700,'Weekday',617,,1307,4,,1,22,,1308,4,,1,78,,1309,4,,1,13,,1310,4,,1,84,,1311,4,,1,30,,1312,4,,1,69,,1313,4,,1,27,,1314,4,,1,73,,1315,4,,1,27,,1316,4,,1,73,,1317,4,,1,14,,1318,4,,1,32,,1319,4,,1,67,,1320,4,,1,33,,1321,4,,1,77,,1322,4,,1,73,,1323,4,,1,27,,1324,4,,1,73,,1325,4,,1,27,,1326,4,,1,83,,1327,4,,1,17,,1328,4,,1,84,,1329,4,,1,16,,1330,4,,1,84,,1331,4,,1,26,,1332,4,,1,74,,1333,4,,1,26,,1334,4,,1,80,,1335,4,,1,20,,1336,4,,1,70,,1337,4,,1,29,,1338,4,,1,70,,1306,4,,1,30,,1339,4,,1
40701,'Weekday',815,,1379,,,1,22,,1380,0,7 26,1,78,,1381,,,1,22,,1382,0,7 26,1,66,,1383,,,1,20,,1384,0,7 26,1,80,,1385,,,1,20,,1386,0,7 26,1,88,,1387,,,1,22,,1388,0,7 26,1,78,,1389,,,1,22,,1390,0,7 26,1,78,,1391,,,1,32,,1392,0,7 26,1,68,,1393,,,1,33,,1394,0,7 26,1,67,,1395,,,1,33,,1396,0,7 26,1,77,,1397,,,1,23,,1398,0,7 26,1,77,,1399,,,1,32,,1400,0,7 26,1,72,,1401,,,1,22,,1402,0,7 26,1,82,,1403,,,1,73,,1404,,,1,27,,1405,,,1
90100,'Overnight',2246,,2422,,,1,78,,2423,,,1,30,,2421,,,1
90100,'SatSun',554,,2424,,,1,70,,2425,,,1,30,,2426,,,1,61,3,2460,,,1,14,5,2427,,,1,13,,2461,,,1,58,43,2428,,,1,15,3,2462,,,1,15,3,2429,,,1,15,3,2463,,,1,55,43,2430,,,1,15,3,2464,,,1,15,3,2431,,,1,15,3,2465,,,1,55,43,2432,,,1,15,3,2466,,,1,15,3,2433,,,1,15,3,2467,,,1,55,43,2434,,,1,15,3,2468,,,1,15,,2435,,,1,15,,2469,,,1,55,,2436,,,1,15,,2470,,,1,15,,2437,,,1,14,,2471,,,1,56,,2438,,,1,14,,2472,,,1,16,,2439,,,1,14,,2473,,,1,56,,2440,,,1,14,,2474,,,1,16,,2441,,,1,16,,2475,,,1,56,,2442,,,1,15,,2476,,,1,15,,2443,,,1,15,,2477,,,1,55,,2444,,,1,15,,2478,,,1,15,,2445,,,1,15,,2479,,,1,55,,2446,,,1,15,,2480,,,1,15,,2447,,,1,15,,2481,,,1,55,,2448,,,1,15,,2482,,,1,15,,2449,,,1,15,,2483,,,1,54,,2450,,,1,14,,2484,,,1,15,3,2451,,,1,14,,2485,,,1,14,,2452,,,1,56,2,2486,,,1,14,,2453,,,1,15,,2487,,,1,15,,2454,,,1,55,3,2488,,,1,13,3,2455,,,1,15,3,2489,,,1,15,3,2456,,,1,70,3,2457,,,1
90100,'Weekday',607,,2524,4,,1,30,,2525,4,,1,15,,2495,4,,1,55,,2526,4,,1,15,,2496,4,,1,5,,2493,4,,1,12,,2492,4,,1,13,,2497,4,,1,7,,2494,4,,1,45,,2527,4,,1,13,,2528,4,,1,5,,2498,4,,1,17,,2535,4,,1,11,,2531,4,,1,53,,2499,4,,1,6,,2529,4,,1,19,,2532,4,,1,10,,2500,4,,1,5,,2530,4,,1,15,,2533,4,,1,50,,2501,4,,1,9,,2536,4,,1,13,,2534,4,,1,8,,2502,4,,1,9,,2537,4,,1,55,,2540,4,,1,8,,2503,4,,1,7,,2538,4,,1,15,,2539,4,,1,8,,2504,4,,1,7,,2547,4,,1,55,,2541,4,,1,8,,2505,4,,1,7,,2548,4,,1,15,,2542,4,,1,8,,2506,4,,1,8,,2549,4,,1,54,,2543,4,,1,8,,2507,4,,1,9,,2550,4,,1,13,,2544,4,,1,8,,2508,4,,1,9,,2551,4,,1,53,,2545,4,,1,8,,2509,4,,1,5,,2552,4,,1,17,,2546,4,,1,6,,2510,4,,1,10,,2553,4,,1,55,,2555,4,,1,6,,2511,4,,1,9,,2554,4,,1,15,,2556,4,,1,6,,2512,4,,1,9,,2558,4,,1,55,,2557,4,,1,6,,2513,4,,1,9,,2560,4,,1,15,,2559,4,,1,6,,2514,4,,1,11,,2561,4,,1,53,,2562,4,,1,6,,2515,4,,1,6,,2566,4,,1,15,,2563,4,,1,9,,2516,4,,1,6,,2567,4,,1,55,,2564,4,,1,9,,2517,4,,1,4,,2571,4,,1,17,,2565,4,,1,9,,2518,4,,1,4,,2572,4,,1,58,,2568,4,,1,8,,2519,4,,1,7,,2573,4,,1,15,,2569,4,,1,8,,2520,4,,1,7,,2574,4,,1,55,,2570,4,,1,8,,2521,4,,1,6,,2576,4,,1,15,,2575,4,,1,8,,2522,4,,1,7,,2577,4,,1,55,,2578,4,,1,7,,2523,4,,1,8,,2582,4,,1,15,,2579,4,,1,15,,2583,4,,1,13,,2580,4,,1,57,,2491,4,,1,12,,2581,4,,1
90101,'Overnight',2258,2,2586,0,7 24 25,1
90101,'SatSun',605,2,2590,0,7 24 25,1,30,2,2591,0,7 24 25,1,70,2,2592,0,7 24 25,1,25,6,2593,0,7 24 25,1,15,6,2624,0,5 22 23 13,1,55,46,2594,0,7 24 25,1,15,6,2625,0,5 22 23 13,1,15,6,2595,0,7 24 25,1,15,6,2626,0,5 22 23 13,1,55,46,2596,0,7 24 25,1,15,6,2627,0,5 22 23 13,1,15,6,2597,0,7 24 25,1,15,6,2628,0,5 22 23 13,1,55,46,2598,0,7 24 25,1,15,6,2629,0,5 22 23 13,1,15,6,2599,0,7 24 25,1,15,6,2630,0,5 22 23 13,1,55,46,2600,0,7 24 25,1,15,6,2631,0,5 22 23 13,1,15,5,2601,0,7 24 25,1,15,4,2632,0,5 22 23 13,1,55,44,2602,0,7 24 25,1,15,4,2633,0,5 22 23 13,1,15,4,2603,0,7 24 25,1,15,4,2634,0,5 22 23 13,1,55,44,2604,0,7 24 25,1,15,4,2635,0,5 22 23 13,1,15,4,2605,0,7 24 25,1,15,4,2636,0,5 22 23 13,1,57,46,2606,0,7 24 25,1,11,2,2637,0,5 22 23 13,1,17,4,2607,0,7 24 25,1,13,2,2638,0,5 22 23 13,1,57,44,2608,0,7 24 25,1,15,2,2639,0,5 22 23 13,1,15,2,2609,0,7 24 25,1,15,2,2640,0,5 22 23 13,1,55,42,2610,0,7 24 25,1,15,2,2641,0,5 22 23 13,1,15,2,2611,0,7 24 25,1,15,2,2642,0,5 22 23 13,1,55,42,2612,0,7 24 25,1,15,2,2643,0,5 22 23 13,1,15,2,2613,0,7 24 25,1,16,5,2644,0,5 22 23 13,1,55,45,2614,0,7 24 25,1,15,5,2645,0,5 22 23 13,1,15,5,2615,0,7 24 25,1,15,5,2646,0,5 22 23 13,1,55,45,2616,0,7 24 25,1,15,6,2647,0,5 22 23 13,1,14,6,2617,0,7 24 25,1,15,6,2648,0,5 22 23 13,1,55,46,2618,0,7 24 25,1,15,6,2649,0,5 22 23 13,1,13,5,2619,0,7 24 25,1,15,6,2650,0,5 22 23 13,1,15,6,2620,0,7 24 25,1,55,6,2651,0,5 22 23 13,1,15,6,2621,0,7 24 25,1,13,6,2652,0,5 22 23 13,1,11,2,2622,0,7 24 25,1,59,6,2653,0,5 22 23 13,1,26,2,2623,0,7 24 25,1
90101,'Weekday',608,,2735,0,7 24 25,1,17,,2700,0,5 22 23 13,1,15,,2697,0,7 24 25,1,8,,2699,0,5 22 23 13,1,7,,2702,0,7 24 25,1,50,,2736,0,7 24 25,1,13,,2698,0,5 22 23 13,1,7,,2703,0,7 24 25,1,15,,2737,0,7 24 25,1,15,,2740,0,5 22 23 13,1,50,,2738,0,7 24 25,1,8,,2706,0,5 22 23 13,1,12,,2741,0,5 22 23 13,1,15,,2739,0,7 24 25,1,3,,2707,0,5 22 23 13,1,12,,2742,0,5 22 23 13,1,55,,2743,0,7 24 25,1,3,,2708,0,5 22 23 13,1,12,,2746,0,5 22 23 13,1,15,,2744,0,7 24 25,1,3,,2709,0,5 22 23 13,1,12,,2747,0,5 22 23 13,1,54,,2745,0,7 24 25,1,4,,2710,0,5 22 23 13,1,12,,2748,0,5 22 23 13,1,15,,2749,0,7 24 25,1,3,,2711,0,5 22 23 13,1,12,,2658,0,5 22 23 13,1,52,,2750,0,7 24 25,1,6,,2712,0,5 22 23 13,1,12,,2659,0,5 22 23 13,1,15,,2751,0,7 24 25,1,3,,2713,0,5 22 23 13,1,12,,2660,0,5 22 23 13,1,55,,2752,0,7 24 25,1,3,,2714,0,5 22 23 13,1,12,,2661,0,5 22 23 13,1,15,,2654,0,7 24 25,1,3,,2715,0,5 22 23 13,1,12,,2662,0,5 22 23 13,1,52,,2655,0,7 24 25,1,3,,2716,0,5 22 23 13,1,15,,2663,0,5 22 23 13,1,12,,2656,0,7 24 25,1,3,,2717,0,5 22 23 13,1,15,,2664,0,5 22 23 13,1,52,,2657,0,7 24 25,1,3,,2718,0,5 22 23 13,1,15,,2665,0,5 22 23 13,1,12,,2667,0,7 24 25,1,3,,2719,0,5 22 23 13,1,15,,2666,0,5 22 23 13,1,52,,2668,0,7 24 25,1,3,,2720,0,5 22 23 13,1,15,,2670,0,5 22 23 13,1,12,,2669,0,7 24 25,1,6,,2721,0,5 22 23 13,1,12,,2671,0,5 22 23 13,1,53,,2676,0,7 24 25,1,5,,2722,0,5 22 23 13,1,12,,2672,0,5 22 23 13,1,13,,2677,0,7 24 25,1,5,,2723,0,5 22 23 13,1,12,,2673,0,5 22 23 13,1,53,,2678,0,7 24 25,1,5,,2724,0,5 22 23 13,1,12,,2674,0,5 22 23 13,1,13,,2679,0,7 24 25,1,5,,2725,0,5 22 23 13,1,12,,2675,0,5 22 23 13,1,55,,2680,0,7 24 25,1,3,,2726,0,5 22 23 13,1,12,,2681,0,5 22 23 13,1,15,,2685,0,7 24 25,1,3,,2727,0,5 22 23 13,1,12,,2701,0,5 22 23 13,1,55,,2686,0,7 24 25,1,3,,2728,0,5 22 23 13,1,12,,2682,0,5 22 23 13,1,15,,2687,0,7 24 25,1,3,,2729,0,5 22 23 13,1,12,,2683,0,5 22 23 13,1,55,,2688,0,7 24 25,1,3,,2730,0,5 22 23 13,1,12,,2684,0,5 22 23 13,1,15,,2689,0,7 24 25,1,3,,2731,0,5 22 23 13,1,12,,2693,0,5 22 23 13,1,55,,2732,0,5 22 23 13,1,3,,2690,0,7 24 25,1,12,,2694,0,5 22 23 13,1,15,,2691,0,7 24 25,1,15,,2695,0,5 22 23 13,1,55,,2692,0,7 24 25,1,19,,2696,0,5 22 23 13,1
92000,'Weekday',746,,3683,4,,1,65,,3684,4,,1,15,,3685,4,,1,20,,3686,4,,1,60,,3687,4,,1,15,,3688,4,,1,25,,3689,4,,1,55,,3690,4,,1,20,,3691,4,,1,15,,3699,4,,1,20,,3700,4,,1,60,,3701,4,,1,20,,3702,4,,1,20,,3703,4,,1,50,,3721,4,,1,10,,3704,4,,1,15,,3705,4,,1,20,,3706,4,,1,60,,3707,4,,1,20,,3708,4,,1,20,,3709,4,,1,60,,3710,4,,1,34,,3711,4,,1,60,,3712,4,,1,20,,3713,4,,1,20,,3714,4,,1,60,,3715,4,,1,16,,3716,4,,1,20,,3717,4,,1,60,,3718,4,,1,2,,3692,4,,1,18,,3719,4,,1,12,,3693,4,,1,70,,3695,4,,1,15,,3694,4,,1,5,,3696,4,,1,20,,3697,4,,1,60,,3698,4,,1,117,,3720,4,,1,20,,3672,4,,1,15,,3673,4,,1,65,,3674,4,,1,35,,3675,4,,1,65,,3676,4,,1,30,,3677,4,,1,70,,3678,4,,1,30,,3679,4,,1,70,,3680,4,,1,25,,3681,4,,1,75,,3682,4,,1
92001,'Weekday',511,,3747,0,10 11 12 13,1,38,,3748,0,10 11 12 13,1,60,,3728,0,10 11 12 13,1,20,,3729,0,10 11 12 13,1,20,,3730,0,10 11 12 13,1,60,,3731,0,10 11 12 13,1,20,,3732,0,10 11 12 13,1,20,,3733,0,10 11 12 13,1,60,,3734,0,10 11 12 13,1,20,,3735,0,10 11 12 13,1,25,,3736,0,10 11 12 13,1,48,,3749,,,1,6,,3772,,,1,15,,3750,,,1,20,,3751,,,1,60,,3752,,,1,20,,3753,,,1,20,,3754,,,1,60,,3755,,,1,20,,3756,,,1,20,,3757,,,1,60,,3758,,,1,20,,3759,,,1,20,,3760,,,1,60,,3761,,,1,20,,3762,,,1,20,,3763,,,1,60,,3764,,,1,20,,3766,,,1,20,,3765,,,1,60,,3770,,,1,20,,3768,,,1,20,,3767,,,1,60,,3769,,,1,6,,3737,0,10 11 12 13,1,20,,3738,0,10 11 12 13,1,20,,3739,0,10 11 12 13,1,60,,3740,0,10 11 12 13,1,20,,3741,0,10 11 12 13,1,20,,3743,0,10 11 12 13,1,60,,3742,0,10 11 12 13,1,20,,3744,0,10 11 12 13,1,20,,3745,0,10 11 12 13,1,59,,3746,,,1,24,,3771,,,1,25,,3722,,,1,75,,3723,,,1,70,,3724,,,1,30,,3725,,,1,70,,3726,,,1,30,,3727,,,1
92100,'Weekday',734,,3790,4,,1,10,,3778,4,,1,60,,3783,4,,1,20,,3774,4,,1,20,,3787,4,,1,60,,3781,4,,1,20,,3785,4,,1,20,,3779,4,,1,12,,3780,4,,1,782,,3776,4,,1,15,,3786,4,,1,60,,3773,4,,1,20,,3784,4,,1,22,,3782,4,,1,60,,3775,4,,1,20,,3777,4,,1,20,,3788,4,,1,46,,3789,4,,1
92101,'Weekday',514,,3797,,,1,20,,3792,,,1,20,,3800,,,1,60,,3796,,,1,20,,3808,,,1,20,,3793,,,1,60,,3807,,,1,20,,3795,,,1,10,,3811,,,1,10,,3799,,,1,60,,3810,,,1,20,,3809,,,1,20,,3802,,,1,770,,3794,,,1,20,,3806,,,1,60,,3805,,,1,20,,3803,,,1,20,,3798,,,1,60,,3804,,,1,20,,3801,,,1,20,,3791,,,1
1400000200,'Overnight',327,,3856,,,1,30,,3851,,,1,70,,3845,,,1,27,,3855,,,1,70,,3849,,,1,1902,,3848,,,1,30,,3844,,,1,68,,3857,,,1,30,,3843,,,1,70,,3846,,,1,33,,3850,,,1,70,,3847,,,1,30,,3853,,,1,70,,3852,,,1,27,,3854,,,1,70,,3858,,,1
1400000201,'Overnight',311,5,3869,,,1,30,5,3864,,,1,67,2,3868,,,1,30,2,3862,,,1,65,,3863,,,1,30,,3865,,,1,1807,6,3859,,,1,70,6,3871,,,1,28,3,3870,,,1,70,3,3860,,,1,30,5,3861,,,1,65,,3866,4,,1,8,,3878,,,1,22,,3867,4,,1,8,,3879,,,1,70,5,3872,,,1,30,5,3873,,,1,67,2,3874,,,1,30,2,3875,,,1,65,,3876,,,1,30,,3877,,,1
