30200,'SatSun',706,,707,46,0,16 17,1,30,,708,46,0,16 17,1,70,,709,46,0,16 17,1,30,,710,46,0,16 17,1,70,,711,46,0,16 17,1,30,,712,46,0,16 17,1,70,,713,46,0,16 17,1,30,,714,46,0,16 17,1,70,,715,46,0,16 17,1,30,,716,46,0,16 17,1,70,,717,46,0,16 17,1,30,,718,46,0,16 17,1,70,,719,46,0,16 17,1,30,,720,46,0,16 17,1,70,,721,46,0,16 17,1,30,,722,46,0,16 17,1,70,,723,46,0,16 17,1,30,,724,46,0,16 17,1,70,,725,46,0,16 17,1,30,,726,46,0,16 17,1,70,,727,46,0,16 17,1,30,,728,46,0,16 17,1,70,,729,46,0,16 17,1,30,,730,46,0,16 17,1,70,,731,46,0,16 17,1,30,,732,46,0,16 17,1,70,,733,46,0,16 17,1,30,,734,46,0,16 17,1,70,,735,46,0,16 17,1,30,,736,46,0,16 17,1,70,,737,46,0,16 17,1,30,,738,46,0,16 17,1,80,,739,46,0,16 17,1,20,,740,46,0,16 17,1
30200,'Weekday',505,,755,20,0,16 17,1,30,,770,20,0,16 17,1,77,,743,46,0,16 17,1,30,,760,46,0,16 17,1,67,,768,46,0,16 17,1,30,,767,46,0,16 17,1,70,,744,46,0,16 17,1,30,,757,46,0,16 17,1,70,,772,46,0,16 17,1,30,,752,46,0,16 17,1,70,,748,46,0,16 17,1,30,,742,46,0,16 17,1,70,,763,46,0,16 17,1,30,,777,46,0,16 17,1,70,,769,46,0,16 17,1,30,,758,46,0,16 17,1,70,,751,46,0,16 17,1,30,,753,46,0,16 17,1,70,,749,46,0,16 17,1,34,,780,46,0,16 17,1,70,,747,46,0,16 17,1,30,,759,46,0,16 17,1,70,,754,46,0,16 17,1,30,,756,46,0,16 17,1,60,,774,46,0,16 17,1,20,,745,46,0,16 17,1,25,,766,46,0,16 17,1,70,,765,46,0,16 17,1,30,,771,46,0,16 17,1,64,,741,46,0,16 17,1,30,,773,46,0,16 17,1,70,,782,46,0,16 17,1,30,,750,46,0,16 17,1,70,,775,46,0,16 17,1,30,,779,46,0,16 17,1,70,,781,46,0,16 17,1,30,,778,46,0,16 17,1,83,,776,46,0,16 17,1
40901,'SatSun',646,,1466,4,0,22 23 13,1,70,,1467,4,0,22 23 13,1,30,,1468,4,0,22 23 13,1,70,,1469,4,0,22 23 13,1,30,,1470,4,0,22 23 13,1,70,,1471,4,0,22 23 13,1,30,,1472,4,0,22 23 13,1,70,,1473,4,0,22 23 13,1,30,,1474,4,0,22 23 13,1,70,,1475,4,0,22 23 13,1,30,,1476,4,0,22 23 13,1,70,,1477,4,0,22 23 13,1,30,,1478,4,0,22 23 13,1,70,,1479,4,0,22 23 13,1,27,,1480,4,0,22 23 13,1,73,,1481,4,0,22 23 13,1,30,,1482,4,0,22 23 13,1,70,,1483,4,0,22 23 13,1,30,,1484,4,0,22 23 13,1,70,,1485,4,0,22 23 13,1,30,,1486,4,0,22 23 13,1,70,,1487,4,0,22 23 13,1,30,,1488,4,0,22 23 13,1,70,,1489,4,0,22 23 13,1,30,,1490,4,0,22 23 13,1,70,,1491,4,0,22 23 13,1,30,,1492,4,0,22 23 13,1,70,,1493,4,0,22 23 13,1,202,,1494,4,0,22 23 13,1,106,,1495,4,0,22 23 13,1
40901,'Weekday',632,,1528,4,0,22 23 13,1,70,,1502,4,0,22 23 13,1,30,,1503,4,0,22 23 13,1,70,,1504,4,0,22 23 13,1,30,,1505,4,0,22 23 13,1,70,,1506,4,0,22 23 13,1,30,,1507,4,0,22 23 13,1,70,,1508,4,0,5 22 23 13,1,30,,1509,4,0,22 23 13,1,70,,1510,4,0,22 23 13,1,30,,1511,4,0,22 23 13,1,70,,1512,4,0,5 22 23 13,1,30,,1513,4,0,22 23 13,1,70,,1514,4,0,22 23 13,1,30,,1515,4,0,22 23 13,1,70,,1516,4,0,5 22 23 13,1,30,,1517,4,0,22 23 13,1,70,,1518,4,0,22 23 13,1,30,,1519,4,0,7 22 23 13,1,70,,1520,4,0,22 23 13,1,30,,1521,4,0,22 23 13,1,70,,1522,4,0,22 23 13,1,30,,1523,4,0,22 23 13,1,70,,1524,4,0,22 23 13,1,30,,1525,4,0,22 23 13,1,70,,1526,4,0,22 23 13,1,30,,1527,4,0,22 23 13,1,70,,1496,4,0,22 23 13,1,30,,1497,4,0,22 23 13,1,70,,1498,4,0,22 23 13,1,30,,1499,4,0,22 23 13,1,70,,1500,4,0,22 23 13,1,43,,1501,4,0,22 23 13,1
61801,'Weekday',1114,,2113,34,0,7 44,1,130,,2114,34,0,7 44,1,585,,2117,34,0,7 44,1,130,,2118,34,0,7 44,1,170,,2119,34,0,7 44,1
90101,'SatSun',2213,,2622,4,0,7 24 25,1,41,,2655,4,0,7 24 25,1
90101,'Weekday',2254,,2751,4,0,7 24 25,1
90501,'SatSun',551,,3054,5,,,1,70,,3055,5,,,1,28,,3043,41,,,1,72,,3056,5,,,1,30,,3057,5,,,1,68,,3044,41,,,1,32,,3058,5,,,1,70,,3059,5,,,1,28,,3045,41,,,1,72,,3060,5,,,1,30,,3061,5,,,1,68,,3046,41,,,1,32,,3062,5,,,1,70,,3063,5,,,1,28,,3047,41,,,1,72,,3070,5,,,1,30,,3071,5,,,1,68,,3048,41,,,1,32,,3072,5,,,1,70,,3073,5,,,1,28,,3049,41,,,1,72,,3074,5,,,1,30,,3075,5,,,1,68,,3050,41,,,1,32,,3076,5,,,1,70,,3064,5,,,1,28,,3051,41,,,1,72,,3065,5,,,1,30,,3066,5,,,1,68,,3052,41,,,1,32,,3067,5,,,1,70,,3068,5,,,1,83,,3053,41,,,1,17,,3069,5,,,1
90501,'Weekday',536,,3088,5,,,1,70,,3089,5,,,1,29,,3077,41,,,1,11,,3113,5,,,1,55,,3090,5,,,1,17,,3114,5,,,1,13,,3091,5,,,1,15,,3115,5,,,1,59,,3078,41,,,1,11,,3116,5,,,1,15,,3092,5,,,1,15,,3117,5,,,1,55,,3093,5,,,1,15,,3118,5,,,1,19,,3079,41,,,1,11,,3119,5,,,1,55,,3094,5,,,1,15,,3120,5,,,1,15,,3095,5,,,1,15,,3121,5,,,1,55,,3080,41,,,1,15,,3122,5,,,1,15,,3096,5,,,1,15,,3123,5,,,1,55,,3097,5,,,1,15,,3124,5,,,1,15,,3081,41,,,1,14,,3125,5,,,1,14,,3098,5,,,1,56,,3126,5,,,1,14,,3099,5,,,1,16,,3127,5,,,1,63,,3082,41,,,1,14,,3128,5,,,1,15,,3100,5,,,1,15,,3129,5,,,1,55,,3101,5,,,1,15,,3130,5,,,1,15,,3083,41,,,1,19,,3131,5,,,1,55,,3102,5,,,1,15,,3132,5,,,1,15,,3103,5,,,1,70,,3084,41,,,1,15,,3133,5,,,1,15,,3104,5,,,1,15,,3134,5,,,1,55,,3105,5,,,1,15,,3135,5,,,1,15,,3085,41,,,1,70,,3106,5,,,1,30,,3107,5,,,1,70,,3086,41,,,1,30,,3108,5,,,1,70,,3109,5,,,1,30,,3087,41,,,1,70,,3110,5,,,1,30,,3111,5,,,1,59,,3112,41,,,1
1400000201,'Overnight',304,,3863,3,,,1,30,,3858,3,,,1,70,,3862,3,,,1,30,,3856,3,,,1,67,,3857,3,,,1,30,,3859,3,,,1,1801,,3853,3,,,1,70,,3865,3,,,1,31,,3864,3,,,1,70,,3854,3,,,1,28,,3855,3,,,1,70,,3860,3,,,1,30,,3861,3,,,1,73,,3868,3,,,1,30,,3869,3,,,1,70,,3870,3,,,1,30,,3871,3,,,1,67,,3872,3,,,1,30,,3873,3,,,1
