11200,'SatSun',718,,17,1,,,1,30,,31,1,,,1,70,,18,1,,,1,30,,32,1,,,1,70,,19,1,,,1,30,,33,1,,,1,70,,20,1,,,1,30,,34,1,,,1,70,,21,1,,,1,30,,35,1,,,1,70,,22,1,,,1,30,,36,1,,,1,70,,23,1,,,1,30,,37,1,,,1,70,,24,1,,,1,30,,38,1,,,1,70,,25,1,,,1,30,,39,1,,,1,70,,26,1,,,1,30,,40,1,,,1,70,,27,1,,,1,30,,41,1,,,1,70,,28,1,,,1,30,,42,1,,,1,70,,29,1,,,1,30,,43,1,,,1,70,,30,1,,,1,30,,44,1,,,1
11200,'Weekday',653,,47,1,,,1,70,,69,1,,,1,30,,70,1,,,1,70,,65,1,,,1,30,,57,1,,,1,72,,54,1,,,1,30,,63,1,,,1,70,,60,1,,,1,30,,46,1,,,1,70,,51,1,,,1,30,,48,1,,,1,70,,56,1,,,1,24,,68,1,,,1,71,,55,1,,,1,23,,52,1,,,1,74,,50,1,,,1,25,,49,1,,,1,67,,53,1,,,1,30,,66,1,,,1,73,,62,1,,,1,35,,64,1,,,1,70,,67,1,,,1,25,,58,1,,,1,70,,59,1,,,1,34,,61,1,,,1,72,,45,1,,,1
11201,'SatSun',810,,71,22,4,,1,30,,85,22,4,,1,70,,72,22,4,,1,30,,86,22,4,,1,70,,73,22,4,,1,30,,87,22,4,,1,70,,74,22,4,,1,30,,88,22,4,,1,70,,75,22,4,,1,30,,89,22,4,,1,70,,76,22,4,,1,30,,90,22,4,,1,70,,77,22,4,,1,30,,91,22,4,,1,70,,78,22,4,,1,30,,92,22,4,,1,70,,79,22,4,,1,30,,93,22,4,,1,70,,80,22,4,,1,30,,94,22,4,,1,70,,81,22,4,,1,30,,95,22,4,,1,70,,82,22,4,,1,30,,96,22,4,,1,70,,83,22,4,,1,30,,97,22,4,,1,70,,84,22,4,,1,30,,98,22,4,,1
11201,'Weekday',545,,128,29,4,,1,70,,100,29,4,,1,30,,119,29,4,,1,70,,114,29,4,,1,30,,105,29,4,,1,70,,123,29,4,,1,30,,121,29,4,,1,70,,127,29,4,,1,30,,99,29,4,,1,70,,116,29,4,,1,30,,115,29,4,,1,70,,106,29,4,,1,30,,111,29,4,,1,64,,107,29,4,,1,27,,125,29,4,,1,66,,126,29,4,,1,30,,110,29,4,,1,70,,112,29,4,,1,33,,103,29,4,,1,70,,102,29,4,,1,30,,120,29,4,,1,70,,104,29,4,,1,33,,122,29,4,,1,70,,109,29,4,,1,30,,118,29,4,,1,70,,108,29,4,,1,36,,124,29,4,,1,72,,113,29,4,,1,24,,117,29,4,,1,66,,101,29,4,,1
11800,'Weekday',625,,133,1,,,1,30,,152,1,,,1,70,,144,1,,,1,30,,142,1,,,1,70,,155,1,,,1,30,,140,1,,,1,70,,141,1,,,1,30,,147,1,,,1,70,,134,1,,,1,30,,150,1,,,1,64,,136,1,,,1,27,,153,1,,,1,66,,137,1,,,1,30,,130,1,,,1,70,,151,1,,,1,30,,129,1,,,1,70,,145,1,,,1,30,,132,1,,,1,70,,138,1,,,1,30,,154,1,,,1,70,,148,1,,,1,30,,135,1,,,1,70,,146,1,,,1,36,,139,1,,,1,75,,149,1,,,1,24,,131,1,,,1,69,,143,1,,,1
11801,'Weekday',616,,170,17,4,,1,32,,171,17,4,,1,68,,156,17,4,,1,30,,177,17,4,,1,70,,182,17,4,,1,30,,160,17,4,,1,70,,165,17,4,,1,30,,181,17,4,,1,70,,180,17,4,,1,30,,164,17,4,,1,70,,159,17,4,,1,30,,161,17,4,,1,70,,183,17,4,,1,30,,173,17,4,,1,73,,176,17,4,,1,24,,157,17,4,,1,71,,179,17,4,,1,23,,167,17,4,,1,76,,158,17,4,,1,25,,162,17,4,,1,72,,169,17,4,,1,30,,166,17,4,,1,73,,175,17,4,,1,35,,174,17,4,,1,70,,178,17,4,,1,25,,172,17,4,,1,70,,163,17,4,,1,29,,168,17,4,,1
12100,'SatSun',718,,184,33,4,,1,30,,185,33,4,,1,70,,186,34,4,,1,25,,187,34,4,,1,65,,188,34,4,,1,30,,189,34,4,,1,70,,190,34,4,,1,38,,191,34,4,,1,70,,192,34,4,,1,30,,193,34,4,,1,65,,194,34,4,,1,35,,195,34,4,,1,70,,196,34,4,,1,30,,197,34,4,,1,70,,198,34,4,,1,30,,199,34,4,,1,70,,200,34,4,,1,33,,201,34,4,,1,70,,202,34,4,,1,30,,203,34,4,,1,70,,204,34,4,,1,30,,205,34,4,,1,70,,206,34,4,,1,30,,207,34,4,,1,66,,208,34,4,,1,30,,209,34,4,,1,70,,210,34,4,,1
12100,'Weekday',502,,244,35,4,,1,35,,212,35,4,,1,88,,213,35,4,,1,75,,214,35,4,,1,33,,215,35,4,,1,70,,216,35,4,,1,30,,217,35,4,,1,70,,218,35,4,,1,30,,219,35,4,,1,67,,220,35,4,,1,30,,221,35,4,,1,70,,222,35,4,,1,27,,223,35,4,,1,30,,224,35,4,,1,66,,225,35,4,,1,23,,226,35,4,,1,70,,227,35,4,,1,30,,228,35,4,,1,70,,229,35,4,,1,33,,230,35,4,,1,70,,231,35,4,,1,33,,232,36,4,,1,70,,233,36,4,,1,30,,234,36,4,,1,70,,235,36,4,,1,30,,236,36,4,,1,70,,237,36,4,,1,27,,238,35,4,,1,70,,239,35,4,,1,25,,240,35,4,,1,70,,241,35,4,,1,30,,242,35,4,,1,70,,243,35,4,,1,30,,211,35,4,,1
12101,'SatSun',721,,245,1,0,10 40 41,1,25,,246,1,0,10 40 41,1,65,,247,1,0,10 40 41,1,30,,248,1,0,10 40 41,1,70,,249,1,0,10 40 41,1,38,,250,1,0,10 40 41,1,70,,251,1,0,10 40 41,1,30,,252,1,0,10 40 41,1,65,,253,1,0,10 40 41,1,35,,254,1,0,10 40 41,1,70,,255,1,0,10 40 41,1,30,,256,1,0,10 40 41,1,70,,257,1,0,10 40 41,1,30,,258,1,0,10 40 41,1,70,,259,1,0,10 40 41,1,33,,260,1,0,10 40 41,1,70,,261,1,0,10 40 41,1,30,,262,1,0,10 40 41,1,70,,263,1,0,10 40 41,1,30,,264,1,0,10 40 41,1,70,,265,1,0,10 40 41,1,30,,266,1,0,10 40 41,1,66,,267,1,0,10 40 41,1,30,,268,1,0,10 40 41,1,70,,269,1,0,10 40 41,1
12101,'Weekday',507,,270,1,0,11 9,1,35,,271,1,0,11 9,1,67,,274,1,0,7 11 9,1,27,,275,1,0,7 11 9,1,70,,276,1,0,7 11 9,1,30,,277,1,0,7 11 9,1,70,,278,1,0,7 11 9,1,30,,279,1,0,7 11 9,1,75,,280,1,0,7 11 9,1,31,,281,1,0,11 9,1,70,,282,1,0,11 9,1,30,,283,1,0,11 9,1,63,,303,1,0,11 9,1,25,,284,1,0,11 9,1,70,,285,1,0,11 9,1,25,,286,1,0,11 9,1,30,,287,1,0,11 9,1,70,,288,1,0,11 9,1,30,,289,1,0,11 9,1,70,,290,1,0,11 9,1,30,,291,1,0,11 9,1,70,,292,1,0,11 9,1,30,,293,1,0,11 9,1,70,,294,1,0,11 9,1,30,,295,1,0,11 9,1,70,,296,1,0,11 9,1,30,,297,1,0,11 9,1,70,,298,1,0,11 9,1,30,,299,1,0,11 9,1,70,,300,1,0,11 9,1,30,,301,1,0,11 9,1,70,,302,1,0,11 9,1,30,,272,1,0,11 9,1,100,,273,1,0,11 9,1
21100,'Weekday',618,,304,1,,,1,30,,305,1,,,1,70,,306,1,,,1,30,,307,1,,,1,70,,308,1,,,1,30,,309,1,,,1,567,,315,1,,,1,229,,310,1,,,1,70,,311,1,,,1,30,,312,1,,,1,70,,313,1,,,1,30,,314,1,,,1
21101,'Weekday',614,,316,29,4,,1,30,,317,29,4,,1,70,,318,29,4,,1,30,,319,29,4,,1,70,,320,29,4,,1,30,,321,29,4,,1,70,,322,29,4,,1,512,,329,29,4,,1,216,,323,29,4,,1,70,,324,29,4,,1,30,,325,29,4,,1,70,,326,29,4,,1,30,,327,29,4,,1
90000,'SatSun',715,,2156,1,,,1,33,,2157,1,,,1,62,,2158,1,,,1,18,,2159,1,,,1,30,,2160,1,,,1,70,,2161,1,,,1,30,,2162,1,,,1,60,,2163,1,,,1,28,,2164,1,,,1,70,,2165,1,,,1,30,,2166,1,,,1,75,,2167,1,,,1,35,,2168,1,,,1,65,,2169,1,,,1,30,,2170,1,,,1,65,,2171,1,,,1,30,,2172,1,,,1,70,,2173,1,,,1,30,,2174,1,,,1,75,,2175,1,,,1,25,,2176,1,,,1,70,,2177,1,,,1,15,,2178,1,,,1,22,,2179,1,,,1,70,,2180,1,,,1,90,,2181,1,,,1,30,,2182,1,,,1,87,,2183,1,,,1,70,,2184,1,,,1,30,,2185,1,,,1
90000,'Weekday',550,,2233,1,,,1,57,,2268,1,,,1,24,,2234,1,,,1,24,,2235,1,,,1,65,,2236,1,,,1,23,,2237,1,,,1,64,,2238,1,,,1,24,,2239,1,,,1,24,,2240,1,,,1,64,,2241,1,,,1,32,,2242,1,,,1,59,,2243,1,,,1,24,,2244,1,,,1,24,,2245,1,,,1,64,,2246,1,,,1,24,,2247,1,,,1,68,,2248,1,,,1,24,,2249,1,,,1,20,,2250,1,,,1,64,,2251,1,,,1,25,,2252,1,,,1,64,,2253,1,,,1,24,,2254,1,,,1,24,,2255,1,,,1,64,,2256,1,,,1,24,,2257,1,,,1,64,,2258,1,,,1,24,,2259,1,,,1,24,,2260,1,,,1,64,,2261,1,,,1,24,,2262,1,,,1,64,,2194,1,,,1,24,,2263,1,,,1,24,,2264,1,,,1,64,,2265,1,,,1,24,,2195,1,,,1,64,,2266,1,,,1,24,,2267,1,,,1
90001,'SatSun',712,,2309,45,4,,1,35,,2310,45,4,,1,61,,2311,45,4,,1,30,,2312,45,4,,1,70,,2313,45,4,,1,44,,2314,45,4,,1,70,,2315,45,4,,1,22,,2316,45,4,,1,68,,2317,45,4,,1,30,,2318,45,4,,1,75,,2319,45,4,,1,30,,2320,45,4,,1,70,,2321,45,4,,1,30,,2322,45,4,,1,65,,2323,45,4,,1,30,,2324,45,4,,1,72,,2325,45,4,,1,28,,2326,45,4,,1,70,,2327,45,4,,1,15,,2328,45,4,,1,25,,2329,45,4,,1,70,,2330,45,4,,1,30,,2331,45,4,,1,70,,2332,45,4,,1,30,,2333,45,4,,1,64,,2334,45,4,,1,30,,2335,45,4,,1,70,,2336,45,4,,1,29,,2337,45,4,,1,70,,2338,45,4,,1
90001,'Weekday',649,,2384,45,4,,1,64,,2385,45,4,,1,24,,2386,45,4,,1,64,,2387,45,4,,1,24,,2340,45,4,,1,24,,2388,45,4,,1,67,,2389,45,4,,1,24,,2390,45,4,,1,64,,2391,45,4,,1,24,,2392,45,4,,1,24,,2393,45,4,,1,64,,2394,45,4,,1,24,,2395,45,4,,1,18,,2396,45,4,,1,65,,2397,45,4,,1,24,,2398,45,4,,1,64,,2399,45,4,,1,24,,2400,45,4,,1,24,,2401,45,4,,1,64,,2402,45,4,,1,24,,2403,45,4,,1,64,,2404,45,4,,1,24,,2405,45,4,,1,24,,2406,45,4,,1,64,,2407,45,4,,1,24,,2408,45,4,,1,64,,2409,45,4,,1,24,,2410,45,4,,1,24,,2411,45,4,,1,64,,2412,45,4,,1,24,,2420,45,4,,1,60,,2413,45,4,,1,24,,2414,45,4,,1,24,,2415,45,4,,1,64,,2416,45,4,,1,24,,2417,45,4,,1,64,,2348,45,4,,1,24,,2418,45,4,,1
91600,'Overnight',2205,,3320,1,,,1,30,,3321,1,,,1,70,,3322,1,,,1
91600,'SatSun',758,,3330,1,,,1,70,,3331,1,,,1,25,,3332,1,,,1,65,,3333,1,,,1,30,,3334,1,,,1,70,,3335,1,,,1,38,,3336,1,,,1,70,,3337,1,,,1,30,,3338,1,,,1,65,,3339,1,,,1,35,,3340,1,,,1,70,,3341,1,,,1,30,,3342,1,,,1,70,,3343,1,,,1,30,,3344,1,,,1,70,,3345,1,,,1,33,,3346,1,,,1,70,,3347,1,,,1,30,,3348,1,,,1,70,,3349,1,,,1,30,,3350,1,,,1,70,,3351,1,,,1,30,,3352,1,,,1,66,,3353,1,,,1,30,,3354,1,,,1,70,,3355,1,,,1,30,,3356,1,,,1,80,,3357,1,,,1
91600,'Weekday',412,,3358,1,,,1,30,,3359,1,,,1,70,,3360,1,,,1,30,,3361,1,,,1,70,,3362,1,,,1,20,,3363,1,,,1,20,,3364,1,,,1,60,,3365,1,,,1,20,,3366,1,,,1,20,,3367,1,,,1,60,,3368,1,,,1,20,,3369,1,,,1,20,,3370,1,,,1,60,,3371,1,,,1,20,,3372,1,,,1,20,,3373,1,,,1,60,,3374,1,,,1,20,,3375,1,,,1,20,,3376,1,,,1,60,,3377,1,,,1,20,,3378,1,,,1,20,,3379,1,,,1,60,,3380,1,,,1,20,,3381,1,,,1,20,,3382,1,,,1,60,,3383,1,,,1,20,,3384,1,,,1,20,,3385,1,,,1,60,,3386,1,,,1,20,,3387,1,,,1,20,,3388,1,,,1,62,,3389,1,,,1,18,,3390,1,,,1,20,,3391,1,,,1,60,,3392,1,,,1,20,,3393,1,,,1,25,,3394,1,,,1,60,,3395,1,,,1,20,,3396,1,,,1,20,,3397,1,,,1,60,,3398,1,,,1,20,,3399,1,,,1,20,,3400,1,,,1,65,,3401,1,,,1,25,,3402,1,,,1,70,,3403,1,,,1,30,,3404,1,,,1,70,,3405,1,,,1,30,,3406,1,,,1
91601,'Overnight',519,,3408,65,4,,1,30,,3410,65,4,,1,2370,,3409,65,4,,1,30,,3411,65,4,,1
91601,'SatSun',617,,3412,65,4,,1,30,,3413,65,4,,1,65,,3414,65,4,,1,25,,3415,65,4,,1,65,,3416,65,4,,1,30,,3417,65,4,,1,72,,3418,65,4,,1,30,,3419,65,4,,1,70,,3420,65,4,,1,30,,3421,65,4,,1,25,,3422,65,4,,1,75,,3423,65,4,,1,70,,3424,65,4,,1,30,,3425,65,4,,1,70,,3426,65,4,,1,30,,3427,65,4,,1,70,,3428,65,4,,1,33,,3429,65,4,,1,70,,3430,65,4,,1,30,,3431,65,4,,1,70,,3432,65,4,,1,30,,3433,65,4,,1,70,,3434,65,4,,1,30,,3435,65,4,,1,72,,3436,65,4,,1,30,,3437,65,4,,1,70,,3438,65,4,,1,30,,3439,65,4,,1,70,,3440,65,4,,1,26,,3441,65,4,,1,68,,3442,65,4,,1,27,,3443,65,4,,1,70,,3444,65,4,,1,30,,3445,65,4,,1,25,,3446,65,4,,1,70,,3447,65,4,,1,27,,3448,65,4,,1,70,,3449,65,4,,1
91601,'Weekday',611,,3450,65,4,,1,28,,3451,65,4,,1,76,,3452,65,4,,1,30,,3453,65,4,,1,75,,3454,65,4,,1,20,,3455,65,4,,1,60,,3456,65,4,,1,20,,3457,65,4,,1,20,,3458,65,4,,1,60,,3459,65,4,,1,16,,3460,65,4,,1,20,,3461,65,4,,1,20,,3462,65,4,,1,60,,3463,65,4,,1,20,,3464,65,4,,1,20,,3465,65,4,,1,60,,3466,65,4,,1,20,,3467,65,4,,1,20,,3468,65,4,,1,60,,3469,65,4,,1,20,,3470,65,4,,1,20,,3471,65,4,,1,60,,3472,65,4,,1,20,,3473,65,4,,1,20,,3474,65,4,,1,66,,3475,65,4,,1,20,,3476,65,4,,1,60,,3477,65,4,,1,20,,3478,65,4,,1,25,,3479,65,4,,1,60,,3480,65,4,,1,20,,3481,65,4,,1,20,,3482,65,4,,1,60,,3483,65,4,,1,23,,3484,65,4,,1,20,,3485,65,4,,1,56,,3486,65,4,,1,22,,3487,65,4,,1,20,,3488,65,4,,1,60,,3489,65,4,,1,20,,3490,65,4,,1,12,,3491,65,4,,1,19,,3492,65,4,,1,61,,3493,65,4,,1,25,,3494,65,4,,1,70,,3495,65,4,,1,30,,3496,65,4,,1,70,,3497,65,4,,1,27,,3498,65,4,,1,70,,3499,65,4,,1,30,,3500,65,4,,1
92000,'Weekday',650,,3677,1,,,1,65,,3678,1,,,1,15,,3679,1,,,1,20,,3680,1,,,1,60,,3681,1,,,1,20,,3682,1,,,1,25,,3683,1,,,1,55,,3684,1,,,1,20,,3685,1,,,1,680,,3686,1,,,1,30,,3687,1,,,1,70,,3689,1,,,1,15,,3688,1,,,1,5,,3690,1,,,1,20,,3691,1,,,1,60,,3692,1,,,1
92001,'Weekday',607,,3741,45,4,,1,38,,3742,45,4,,1,60,,3722,45,4,,1,20,,3723,45,4,,1,20,,3724,45,4,,1,60,,3725,45,4,,1,20,,3726,45,4,,1,20,,3727,45,4,,1,60,,3728,45,4,,1,20,,3729,45,4,,1,25,,3730,45,4,,1,753,,3731,45,4,,1,20,,3732,45,4,,1,20,,3733,45,4,,1,60,,3734,45,4,,1,20,,3735,45,4,,1,20,,3737,45,4,,1,60,,3736,45,4,,1,20,,3738,45,4,,1,20,,3739,45,4,,1
