30201,'Canada Day',551,,8939,4,,,1,70,,8940,4,,,1,30,,8941,4,,,1,70,,8942,4,,,1,30,,8943,4,,,1,70,,8944,4,,,1,30,,8945,4,,,1,70,,8946,4,,,1,30,,8947,4,,,1,70,,8948,4,,,1,30,,8949,4,,,1,70,,8950,4,,,1,30,,8951,4,,,1,70,,8952,4,,,1,30,,8953,4,,,1,70,,8954,4,,,1,30,,8955,4,,,1,70,,8956,4,,,1,30,,8957,4,,,1,70,,8958,4,,,1,30,,8959,4,,,1,70,,8960,4,,,1,30,,8961,4,,,1,70,,8962,4,,,1,30,,8963,4,,,1,70,,8964,4,,,1,30,,8965,4,,,1,70,,8966,4,,,1,30,,8967,4,,,1,70,,8968,4,,,1,30,,8969,4,,,1,70,,8970,4,,,1,30,,8971,4,,,1
30201,'SatSun',551,,8972,4,,,1,70,,8973,4,,,1,30,,8974,4,,,1,70,,8975,4,,,1,30,,8976,4,,,1,70,,8977,4,,,1,30,,8978,4,,,1,70,,8979,4,,,1,30,,8988,4,,,1,70,,8989,4,,,1,30,,8990,4,,,1,70,,8991,4,,,1,30,,8992,4,,,1,70,,8993,4,,,1,30,,8994,4,,,1,70,,8995,4,,,1,30,,8996,4,,,1,70,,8997,4,,,1,30,,8998,4,,,1,70,,8999,4,,,1,30,,9000,4,,,1,70,,9001,4,,,1,30,,9002,4,,,1,70,,9003,4,,,1,30,,9004,4,,,1,70,,8980,4,,,1,30,,8981,4,,,1,70,,8982,4,,,1,30,,8983,4,,,1,70,,8984,4,,,1,30,,8985,4,,,1,70,,8986,4,,,1,30,,8987,4,,,1
30201,'Weekday',416,,9005,4,,,1,32,,9006,4,,,1,75,,9007,4,,,1,30,,9008,4,,,1,70,,9009,4,,,1,30,,9010,4,,,1,70,,9011,4,,,1,30,,9012,4,,,1,70,,9013,4,,,1,30,,9014,4,,,1,67,,9015,4,,,1,30,,9016,4,,,1,70,,9017,4,,,1,30,,9018,4,,,1,70,,9019,4,,,1,30,,9020,4,,,1,70,,9021,4,,,1,30,,9022,4,,,1,70,,9023,4,,,1,30,,9024,4,,,1,70,,9025,4,,,1,34,,9026,4,,,1,70,,9027,4,,,1,30,,9028,4,,,1,70,,9029,4,,,1,30,,9030,4,,,1,70,,9031,4,,,1,30,,9032,4,,,1,66,,9033,4,,,1,29,,9034,4,,,1,70,,9035,4,,,1,34,,9036,4,,,1,66,,9037,4,,,1,30,,9038,4,,,1,70,,9039,4,,,1,30,,9040,4,,,1
40900,'Canada Day',717,,9797,23,,,1,30,,9798,23,,,1,70,,9799,23,,,1,30,,9800,23,,,1,70,,9801,23,,,1,30,,9802,23,,,1,70,,9803,23,,,1,30,,9804,23,,,1,70,,9805,23,,,1,30,,9806,23,,,1,70,,9807,23,,,1,30,,9808,23,,,1,70,,9809,23,,,1,30,,9810,23,,,1,70,,9811,23,,,1,30,,9812,23,,,1,70,,9813,23,,,1,30,,9814,23,,,1,70,,9815,23,,,1,30,,9816,23,,,1,70,,9817,23,,,1,30,,9818,23,,,1,70,,9819,23,,,1,30,,9820,23,,,1,70,,9821,23,,,1,30,,9822,23,,,1,260,,9823,23,,,1,110,,9824,23,,,1
40900,'SatSun',717,,9825,23,,,1,30,,9826,23,,,1,70,,9827,23,,,1,30,,9828,23,,,1,70,,9829,23,,,1,30,,9830,23,,,1,70,,9831,23,,,1,30,,9832,23,,,1,70,,9833,23,,,1,30,,9834,23,,,1,70,,9835,23,,,1,30,,9836,23,,,1,70,,9837,23,,,1,30,,9838,23,,,1,70,,9839,23,,,1,30,,9840,23,,,1,70,,9841,23,,,1,30,,9842,23,,,1,70,,9843,23,,,1,30,,9844,23,,,1,70,,9845,23,,,1,30,,9846,23,,,1,70,,9847,23,,,1,30,,9848,23,,,1,70,,9849,23,,,1,30,,9850,23,,,1,260,,9851,23,,,1,110,,9852,23,,,1
40900,'Weekday',657,,9859,23,,,1,70,,9860,23,,,1,73,,9861,23,,,1,30,,9862,23,,,1,70,,9863,23,,,1,30,,9864,23,,,1,27,,9865,23,,,1,72,,9866,30,0,5 20 21,1,28,,9867,23,,,1,70,,9868,23,,,1,30,,9869,23,,,1,72,,9870,30,0,5 20 21,1,28,,9871,23,,,1,70,,9872,23,,,1,30,,9873,23,,,1,72,,9874,30,0,5 20 21,1,71,,9875,23,,,1,30,,9876,23,,,1,70,,9877,23,,,1,33,,9878,30,0,5 20 21,1,67,,9879,23,,,1,30,,9880,23,,,1,70,,9881,23,,,1,30,,9882,23,,,1,70,,9883,23,,,1,30,,9884,23,,,1,70,,9853,23,,,1,30,,9854,23,,,1,70,,9855,23,,,1,30,,9856,23,,,1,70,,9857,23,,,1,42,,9858,23,,,1
61800,'Weekday',1111,,10754,4,,,1,130,,10755,4,,,1,484,,10756,20,,,1,130,,10757,20,,,1
90100,'Canada Day',2206,,11261,38,,,1,44,,11264,38,,,1
90100,'Overnight',2323,,11271,38,,,1,30,,11270,38,,,1
90100,'SatSun',2206,,11303,38,,,1,44,,11336,38,,,1
90100,'Weekday',2250,,11433,38,,,1
90500,'Canada Day',640,,11970,41,0,5 19,1,70,,11971,41,0,7 20 21,1,30,,11972,41,0,7 20 21,1,70,,11973,41,0,5 19,1,30,,11974,41,0,7 20 21,1,70,,11975,41,0,7 20 21,1,31,,11976,41,0,5 19,1,70,,11977,41,0,7 20 21,1,30,,11978,41,0,7 20 21,1,70,,11979,41,0,5 19,1,30,,11980,41,0,7 20 21,1,70,,11981,41,0,7 20 21,1,30,,11982,41,0,5 19,1,70,,11983,41,0,7 20 21,1,30,,11984,41,0,7 20 21,1,70,,11985,41,0,5 19,1,30,,11986,41,0,7 20 21,1,70,,11987,41,0,7 20 21,1,30,,11988,41,0,5 19,1,70,,11989,41,0,7 20 21,1,30,,11990,41,0,7 20 21,1,69,,11991,41,0,5 19,1,30,,11992,41,0,7 20 21,1,70,,11993,41,0,7 20 21,1,30,,11994,41,0,5 19,1,70,,11995,41,0,7 20 21,1,30,,11996,41,0,7 20 21,1,70,,11997,41,0,5 19,1,30,,11998,41,0,7 20 21,1,70,,11999,41,0,7 20 21,1,30,,12000,41,0,5 19,1,70,,12001,41,0,7 20 21,1,30,,12002,41,0,7 20 21,1,70,,12003,41,0,5 19,1,42,,12004,41,0,7 20 21,1
90500,'SatSun',640,,12005,41,0,5 19,1,70,,12017,41,0,7 20 21,1,30,,12018,41,0,7 20 21,1,70,,12006,41,0,5 19,1,30,,12019,41,0,7 20 21,1,70,,12020,41,0,7 20 21,1,31,,12007,41,0,5 19,1,70,,12021,41,0,7 20 21,1,30,,12022,41,0,7 20 21,1,70,,12008,41,0,5 19,1,30,,12023,41,0,7 20 21,1,70,,12024,41,0,7 20 21,1,30,,12009,41,0,5 19,1,70,,12025,41,0,7 20 21,1,30,,12026,41,0,7 20 21,1,70,,12010,41,0,5 19,1,30,,12027,41,0,7 20 21,1,70,,12028,41,0,7 20 21,1,30,,12011,41,0,5 19,1,70,,12029,41,0,7 20 21,1,30,,12030,41,0,7 20 21,1,69,,12012,41,0,5 19,1,30,,12031,41,0,7 20 21,1,70,,12032,41,0,7 20 21,1,30,,12013,41,0,5 19,1,70,,12033,41,0,7 20 21,1,30,,12034,41,0,7 20 21,1,70,,12014,41,0,5 19,1,30,,12035,41,0,7 20 21,1,70,,12036,41,0,7 20 21,1,30,,12015,41,0,5 19,1,70,,12037,41,0,7 20 21,1,30,,12038,41,0,7 20 21,1,70,,12016,41,0,5 19,1,42,,12039,41,0,7 20 21,1,58,,12040,41,0,7 20 21,1,30,,12041,41,0,7 20 21,1
90500,'Weekday',622,,12065,41,0,5 19,1,30,,12042,41,0,7 20 21,1,70,,12043,41,0,7 20 21,1,11,,12077,31,0,54 20 21,1,19,,12066,41,0,5 19,1,51,,12078,31,0,54 20 21,1,19,,12044,41,0,7 20 21,1,11,,12079,31,0,54 20 21,1,19,,12045,41,0,7 20 21,1,51,,12080,31,0,54 20 21,1,19,,12067,41,0,5 19,1,11,,12081,31,0,54 20 21,1,19,,12046,41,0,7 20 21,1,51,,12082,31,0,54 20 21,1,19,,12047,41,0,7 20 21,1,11,,12083,31,0,54 20 21,1,19,,12068,41,0,5 19,1,51,,12084,31,0,54 20 21,1,19,,12048,41,0,7 20 21,1,11,,12085,31,0,54 20 21,1,19,,12049,41,0,7 20 21,1,51,,12086,31,0,54 20 21,1,19,,12069,41,0,5 19,1,10,,12087,31,0,54 20 21,1,18,,12050,41,0,7 20 21,1,52,,12088,31,0,54 20 21,1,18,,12051,41,0,7 20 21,1,12,,12089,31,0,54 20 21,1,27,,12070,41,0,5 19,1,50,,12090,31,0,54 20 21,1,19,,12052,41,0,7 20 21,1,11,,12091,31,0,54 20 21,1,19,,12053,41,0,7 20 21,1,50,,12092,31,0,54 20 21,1,24,,12071,41,0,5 19,1,10,,12093,31,0,54 20 21,1,60,,12054,41,0,7 20 21,1,10,,12094,31,0,54 20 21,1,20,,12055,41,0,7 20 21,1,10,,12095,31,0,54 20 21,1,60,,12072,41,0,5 19,1,10,,12096,31,0,54 20 21,1,20,,12056,41,0,7 20 21,1,10,,12097,31,0,54 20 21,1,60,,12057,41,0,7 20 21,1,10,,12098,31,0,54 20 21,1,20,,12073,41,0,5 19,1,8,,12099,31,0,54 20 21,1,62,,12058,41,0,7 20 21,1,30,,12059,41,0,7 20 21,1,70,,12074,41,0,5 19,1,30,,12060,41,0,7 20 21,1,70,,12061,41,0,7 20 21,1,26,,12075,41,0,5 19,1,74,,12062,41,0,7 20 21,1,30,,12063,41,0,7 20 21,1,26,,12076,41,0,5 19,1,74,,12064,41,0,7 20 21,1,70,,12100,41,0,7 20 21,1,30,,12101,41,0,7 20 21,1,70,,12102,41,0,7 20 21,1
1400000200,'Overnight',329,,13190,37,,,1,30,,13185,37,,,1,70,,13179,37,,,1,27,,13189,37,,,1,70,,13183,37,,,1,1902,,13182,37,,,1,30,,13178,37,,,1,68,,13191,37,,,1,30,,13177,37,,,1,70,,13180,37,,,1,33,,13184,37,,,1,70,,13181,37,,,1,30,,13187,37,,,1,70,,13186,37,,,1,27,,13188,37,,,1,70,,13192,37,,,1
