11200,'Canada Day',718,,7896,2,,,1,30,,7897,2,,,1,70,,7898,2,,,1,30,,7899,2,,,1,70,,7900,2,,,1,30,,7901,2,,,1,70,,7902,2,,,1,30,,7903,2,,,1,70,,7904,2,,,1,30,,7905,2,,,1,70,,7906,2,,,1,30,,7907,2,,,1,70,,7908,2,,,1,30,,7909,2,,,1,70,,7910,2,,,1,30,,7911,2,,,1,70,,7912,2,,,1,30,,7913,2,,,1,70,,7914,2,,,1,30,,7915,2,,,1,70,,7916,2,,,1,30,,7917,2,,,1,70,,7918,2,,,1,30,,7919,2,,,1,70,,7920,2,,,1,30,,7921,2,,,1,70,,7922,2,,,1,30,,7923,2,,,1
11200,'SatSun',718,,7924,2,,,1,30,,7938,2,,,1,70,,7925,2,,,1,30,,7939,2,,,1,70,,7926,2,,,1,30,,7940,2,,,1,70,,7927,2,,,1,30,,7941,2,,,1,70,,7928,2,,,1,30,,7942,2,,,1,70,,7929,2,,,1,30,,7943,2,,,1,70,,7930,2,,,1,30,,7944,2,,,1,70,,7931,2,,,1,30,,7945,2,,,1,70,,7932,2,,,1,30,,7946,2,,,1,70,,7933,2,,,1,30,,7947,2,,,1,70,,7934,2,,,1,30,,7948,2,,,1,70,,7935,2,,,1,30,,7949,2,,,1,70,,7936,2,,,1,30,,7950,2,,,1,70,,7937,2,,,1,30,,7951,2,,,1
11200,'Weekday',653,,7954,2,,,1,70,,7976,2,,,1,30,,7977,2,,,1,70,,7972,2,,,1,30,,7964,2,,,1,72,,7961,2,,,1,30,,7970,2,,,1,70,,7967,2,,,1,30,,7953,2,,,1,70,,7958,2,,,1,30,,7955,2,,,1,70,,7963,2,,,1,24,,7975,2,,,1,71,,7962,2,,,1,23,,7959,2,,,1,74,,7957,2,,,1,25,,7956,2,,,1,67,,7960,2,,,1,30,,7973,2,,,1,73,,7969,2,,,1,35,,7971,2,,,1,70,,7974,2,,,1,25,,7965,2,,,1,70,,7966,2,,,1,34,,7968,2,,,1,72,,7952,2,,,1
11800,'Weekday',625,,8068,2,,,1,30,,8087,2,,,1,70,,8079,2,,,1,30,,8077,2,,,1,70,,8090,2,,,1,30,,8075,2,,,1,70,,8076,2,,,1,30,,8082,2,,,1,70,,8069,2,,,1,30,,8085,2,,,1,64,,8071,2,,,1,27,,8088,2,,,1,66,,8072,2,,,1,30,,8065,2,,,1,70,,8086,2,,,1,30,,8064,2,,,1,70,,8080,2,,,1,30,,8067,2,,,1,70,,8073,2,,,1,30,,8089,2,,,1,70,,8083,2,,,1,30,,8070,2,,,1,70,,8081,2,,,1,36,,8074,2,,,1,75,,8084,2,,,1,24,,8066,2,,,1,69,,8078,2,,,1
12101,'Canada Day',721,,8207,2,0,10 40 41,1,25,,8208,2,0,10 40 41,1,65,,8209,2,0,10 40 41,1,30,,8210,2,0,10 40 41,1,70,,8211,2,0,10 40 41,1,38,,8212,2,0,10 40 41,1,70,,8213,2,0,10 40 41,1,30,,8214,2,0,10 40 41,1,65,,8215,2,0,10 40 41,1,35,,8216,2,0,10 40 41,1,70,,8217,2,0,10 40 41,1,30,,8218,2,0,10 40 41,1,70,,8219,2,0,10 40 41,1,30,,8220,2,0,10 40 41,1,70,,8221,2,0,10 40 41,1,33,,8222,2,0,10 40 41,1,70,,8223,2,0,10 40 41,1,30,,8224,2,0,10 40 41,1,70,,8225,2,0,10 40 41,1,30,,8226,2,0,10 40 41,1,70,,8227,2,0,10 40 41,1,30,,8228,2,0,10 40 41,1,66,,8229,2,0,10 40 41,1,30,,8230,2,0,10 40 41,1,70,,8231,2,0,10 40 41,1
12101,'SatSun',721,,8232,2,0,10 40 41,1,25,,8233,2,0,10 40 41,1,65,,8234,2,0,10 40 41,1,30,,8235,2,0,10 40 41,1,70,,8236,2,0,10 40 41,1,38,,8237,2,0,10 40 41,1,70,,8238,2,0,10 40 41,1,30,,8239,2,0,10 40 41,1,65,,8240,2,0,10 40 41,1,35,,8241,2,0,10 40 41,1,70,,8242,2,0,10 40 41,1,30,,8243,2,0,10 40 41,1,70,,8244,2,0,10 40 41,1,30,,8245,2,0,10 40 41,1,70,,8246,2,0,10 40 41,1,33,,8247,2,0,10 40 41,1,70,,8248,2,0,10 40 41,1,30,,8249,2,0,10 40 41,1,70,,8250,2,0,10 40 41,1,30,,8251,2,0,10 40 41,1,70,,8252,2,0,10 40 41,1,30,,8253,2,0,10 40 41,1,66,,8254,2,0,10 40 41,1,30,,8255,2,0,10 40 41,1,70,,8256,2,0,10 40 41,1
12101,'Weekday',507,,8257,2,,,1,35,,8258,2,,,1,67,,8261,2,0,7 11 9,1,27,,8262,2,0,7 11 9,1,70,,8263,2,0,7 11 9,1,30,,8264,2,0,7 11 9,1,70,,8265,2,0,7 11 9,1,30,,8266,2,0,7 11 9,1,75,,8267,2,0,7 11 9,1,31,,8268,2,,,1,70,,8269,2,,,1,30,,8270,2,,,1,63,,8290,2,,,1,25,,8271,2,,,1,70,,8272,2,,,1,25,,8273,2,,,1,30,,8274,2,,,1,70,,8275,2,,,1,31,,8276,2,,,1,70,,8277,2,,,1,30,,8278,2,,,1,70,,8279,2,,,1,30,,8280,2,,,1,70,,8281,2,,,1,30,,8282,2,,,1,70,,8283,2,,,1,30,,8284,2,,,1,70,,8285,2,,,1,30,,8286,2,,,1,69,,8287,2,,,1,30,,8288,2,,,1,70,,8289,2,,,1,30,,8259,2,,,1,100,,8260,2,,,1
21100,'Weekday',618,,8291,2,,,1,30,,8292,2,,,1,70,,8293,2,,,1,30,,8294,2,,,1,70,,8295,2,,,1,30,,8296,2,,,1,567,,8302,2,,,1,229,,8297,2,,,1,70,,8298,2,,,1,30,,8299,2,,,1,70,,8300,2,,,1,30,,8301,2,,,1
90000,'Canada Day',715,,10772,2,,,1,33,,10774,2,,,1,62,,10776,2,,,1,18,,10777,2,,,1,31,,10780,2,,,1,67,,10782,2,,,1,33,,10783,2,,,1,65,,10785,2,,,1,23,,10787,2,,,1,70,,10789,2,,,1,30,,10791,2,,,1,75,,10793,2,,,1,35,,10795,2,,,1,65,,10797,2,,,1,30,,10799,2,,,1,65,,10801,2,,,1,30,,10803,2,,,1,70,,10805,2,,,1,30,,10807,2,,,1,75,,10809,2,,,1,25,,10811,2,,,1,70,,10813,2,,,1,15,,10814,2,,,1,22,,10816,2,,,1,70,,10818,2,,,1,89,,10821,2,,,1,35,,10823,2,,,1,82,,10826,2,,,1,70,,10828,2,,,1,30,,10829,2,,,1
90000,'SatSun',715,,10869,2,,,1,33,,10870,2,,,1,62,,10871,2,,,1,18,,10872,2,,,1,31,,10873,2,,,1,70,,10874,2,,,1,30,,10875,2,,,1,60,,10876,2,,,1,28,,10877,2,,,1,70,,10878,2,,,1,30,,10879,2,,,1,75,,10880,2,,,1,35,,10881,2,,,1,65,,10882,2,,,1,30,,10883,2,,,1,65,,10884,2,,,1,30,,10885,2,,,1,70,,10886,2,,,1,30,,10887,2,,,1,75,,10888,2,,,1,25,,10889,2,,,1,70,,10890,2,,,1,15,,10891,2,,,1,22,,10892,2,,,1,70,,10893,2,,,1,89,,10894,2,,,1,30,,10895,2,,,1,87,,10896,2,,,1,70,,10897,2,,,1,30,,10898,2,,,1
90000,'Weekday',550,,10946,2,,,1,57,,10981,2,,,1,24,,10947,2,,,1,24,,10948,2,,,1,65,,10949,2,,,1,23,,10950,2,,,1,64,,10951,2,,,1,24,,10952,2,,,1,24,,10953,2,,,1,64,,10954,2,,,1,32,,10955,2,,,1,59,,10956,2,,,1,24,,10957,2,,,1,24,,10958,2,,,1,64,,10959,2,,,1,24,,10960,2,,,1,68,,10961,2,,,1,24,,10962,2,,,1,20,,10963,2,,,1,64,,10964,2,,,1,25,,10965,2,,,1,64,,10966,2,,,1,24,,10967,2,,,1,24,,10968,2,,,1,64,,10969,2,,,1,24,,10970,2,,,1,64,,10971,2,,,1,24,,10972,2,,,1,24,,10973,2,,,1,64,,10974,2,,,1,24,,10975,2,,,1,64,,10907,2,,,1,24,,10976,2,,,1,24,,10977,2,,,1,64,,10978,2,,,1,24,,10908,2,,,1,64,,10979,2,,,1,24,,10980,2,,,1
91600,'Canada Day',519,,12509,2,,,1,30,,12510,2,,,1,77,,12511,2,,,1,30,,12512,2,,,1,73,,12513,2,,,1,30,,12514,2,,,1,70,,12515,2,,,1,25,,12516,2,,,1,65,,12517,2,,,1,30,,12518,2,,,1,70,,12519,2,,,1,38,,12520,2,,,1,70,,12521,2,,,1,30,,12522,2,,,1,65,,12523,2,,,1,35,,12524,2,,,1,70,,12525,2,,,1,30,,12526,2,,,1,70,,12527,2,,,1,30,,12528,2,,,1,70,,12529,2,,,1,73,,12530,2,,,1,30,,12531,2,,,1,70,,12532,2,,,1,30,,12533,2,,,1,70,,12534,2,,,1,30,,12535,2,,,1,70,,12536,2,,,1,26,,12537,2,,,1,30,,12538,2,,,1,70,,12539,2,,,1,30,,12540,2,,,1,80,,12541,2,,,1,70,,12542,2,,,1,30,,12543,2,,,1,70,,12544,2,,,1,30,,12545,2,,,1,70,,12546,2,,,1
91600,'Overnight',2206,,12547,2,,,1,30,,12548,2,,,1,70,,12549,2,,,1
91600,'SatSun',519,,12552,2,,,1,30,,12553,2,,,1,77,,12554,2,,,1,30,,12555,2,,,1,73,,12556,2,,,1,30,,12557,2,,,1,70,,12558,2,,,1,25,,12559,2,,,1,65,,12560,2,,,1,30,,12561,2,,,1,70,,12562,2,,,1,38,,12563,2,,,1,70,,12564,2,,,1,30,,12565,2,,,1,65,,12566,2,,,1,35,,12567,2,,,1,70,,12568,2,,,1,30,,12569,2,,,1,70,,12570,2,,,1,30,,12571,2,,,1,70,,12572,2,,,1,73,,12573,2,,,1,30,,12574,2,,,1,70,,12575,2,,,1,30,,12576,2,,,1,70,,12577,2,,,1,30,,12578,2,,,1,70,,12579,2,,,1,26,,12580,2,,,1,30,,12581,2,,,1,70,,12582,2,,,1,30,,12583,2,,,1,80,,12584,2,,,1,200,,12585,2,,,1,70,,12586,2,,,1
91600,'Weekday',413,,12587,2,,,1,30,,12588,2,,,1,70,,12589,2,,,1,30,,12590,2,,,1,70,,12591,2,,,1,20,,12592,2,,,1,20,,12593,2,,,1,60,,12594,2,,,1,20,,12595,2,,,1,20,,12596,2,,,1,60,,12597,2,,,1,20,,12598,2,,,1,20,,12599,2,,,1,60,,12600,2,,,1,20,,12601,2,,,1,20,,12602,2,,,1,60,,12603,2,,,1,20,,12604,2,,,1,20,,12605,2,,,1,60,,12606,2,,,1,20,,12607,2,,,1,20,,12608,2,,,1,60,,12609,2,,,1,20,,12610,2,,,1,20,,12611,2,,,1,60,,12612,2,,,1,20,,12613,2,,,1,20,,12614,2,,,1,60,,12615,2,,,1,20,,12616,2,,,1,20,,12617,2,,,1,62,,12618,2,,,1,18,,12619,2,,,1,20,,12620,2,,,1,60,,12621,2,,,1,20,,12622,2,,,1,25,,12623,2,,,1,60,,12624,2,,,1,20,,12625,2,,,1,20,,12626,2,,,1,60,,12627,2,,,1,20,,12628,2,,,1,20,,12629,2,,,1,65,,12630,2,,,1,25,,12631,2,,,1,70,,12632,2,,,1,30,,12633,2,,,1,70,,12634,2,,,1,30,,12635,2,,,1,188,,12637,2,,,1,64,,12638,2,,,1
91701,'Canada Day',812,,12901,56,0,55 56 57,1,30,,12902,56,0,55 56 57,1,70,,12903,56,0,55 56 57,1,30,,12904,56,0,55 56 57,1,70,,12905,56,0,55 56 57,1,30,,12906,56,0,55 56 57,1,70,,12907,56,0,55 56 57,1,30,,12908,56,0,55 56 57,1,70,,12909,56,0,55 56 57,1,30,,12910,56,0,55 56 57,1,70,,12911,56,0,55 56 57,1,30,,12912,56,0,55 56 57,1,70,,12913,56,0,55 56 57,1,33,,12914,56,0,55 56 57,1,70,,12915,56,0,55 56 57,1,33,,12916,56,0,55 56 57,1,70,,12917,56,0,55 56 57,1,30,,12918,56,0,55 56 57,1,70,,12919,56,0,55 56 57,1,30,,12920,56,0,55 56 57,1,70,,12921,56,0,55 56 57,1,27,,12922,56,0,55 56 57,1,72,,12923,56,0,55 56 57,1,30,,12924,56,0,55 56 57,1
91701,'SatSun',812,,12942,56,0,55 56 57,1,30,,12943,56,0,55 56 57,1,70,,12944,56,0,55 56 57,1,30,,12945,56,0,55 56 57,1,70,,12946,56,0,55 56 57,1,30,,12947,56,0,55 56 57,1,70,,12948,56,0,55 56 57,1,30,,12949,56,0,55 56 57,1,70,,12950,56,0,55 56 57,1,30,,12951,56,0,55 56 57,1,70,,12952,56,0,55 56 57,1,30,,12953,56,0,55 56 57,1,70,,12954,56,0,55 56 57,1,33,,12955,56,0,55 56 57,1,70,,12956,56,0,55 56 57,1,33,,12957,56,0,55 56 57,1,70,,12958,56,0,55 56 57,1,30,,12959,56,0,55 56 57,1,70,,12960,56,0,55 56 57,1,30,,12961,56,0,55 56 57,1,70,,12962,56,0,55 56 57,1,27,,12963,56,0,55 56 57,1,72,,12964,56,0,55 56 57,1,30,,12965,56,0,55 56 57,1
92000,'Weekday',640,,13026,2,,,1,70,,13027,2,,,1,30,,13028,2,,,1,70,,13029,2,,,1,30,,13030,2,,,1,70,,13031,2,,,1,30,,13032,2,,,1,670,,13033,2,,,1,30,,13034,2,,,1,70,,13035,2,,,1,30,,13036,2,,,1,70,,13037,2,,,1,30,,13061,2,,,1,70,,13062,2,,,1
