11201,'SatSun',808,,71,21,,,1,30,,85,21,,,1,70,,72,21,,,1,30,,86,21,,,1,70,,73,21,,,1,30,,87,21,,,1,70,,74,21,,,1,30,,88,21,,,1,70,,75,21,,,1,30,,89,21,,,1,70,,76,21,,,1,30,,90,21,,,1,70,,77,21,,,1,30,,91,21,,,1,70,,78,21,,,1,30,,92,21,,,1,70,,79,21,,,1,30,,93,21,,,1,70,,80,21,,,1,30,,94,21,,,1,70,,81,21,,,1,30,,95,21,,,1,70,,82,21,,,1,30,,96,21,,,1,70,,83,21,,,1,30,,97,21,,,1,70,,84,21,,,1,30,,98,21,,,1
11201,'Weekday',543,,128,28,0,11 12,1,70,,100,28,0,11 12,1,30,,119,28,0,11 12,1,70,,114,28,0,11 12,1,30,,105,28,0,11 12,1,70,,123,28,0,11 12,1,30,,121,28,0,11 12,1,70,,127,28,0,11 12,1,30,,99,28,0,11 12,1,70,,116,28,0,11 12,1,30,,115,28,0,11 12,1,70,,106,28,0,11 12,1,30,,111,28,0,11 12,1,64,,107,28,0,11 12,1,27,,125,28,0,11 12,1,66,,126,28,0,11 12,1,30,,110,28,0,11 12,1,70,,112,28,0,11 12,1,33,,103,28,0,11 12,1,70,,102,28,0,11 12,1,30,,120,28,0,11 12,1,70,,104,28,0,11 12,1,33,,122,28,0,11 12,1,70,,109,28,0,11 12,1,30,,118,28,0,11 12,1,70,,108,28,0,11 12,1,36,,124,28,0,11 12,1,72,,113,28,0,11 12,1,24,,117,28,0,11 12,1,66,,101,28,0,11 12,1
11801,'Weekday',614,,170,16,,,1,32,,171,16,,,1,68,,156,16,,,1,30,,177,16,,,1,70,,182,16,,,1,30,,160,16,,,1,70,,165,16,,,1,30,,181,16,,,1,70,,180,16,,,1,30,,164,16,,,1,70,,159,16,,,1,30,,161,16,,,1,70,,183,16,,,1,30,,173,16,,,1,73,,176,16,,,1,24,,157,16,,,1,71,,179,16,,,1,23,,167,16,,,1,76,,158,16,,,1,25,,162,16,,,1,71,,169,16,,,1,30,,166,16,,,1,73,,175,16,,,1,35,,174,16,,,1,70,,178,16,,,1,25,,172,16,,,1,70,,163,16,,,1,30,,168,16,,,1
12100,'SatSun',716,,184,32,0,11 12 13,1,30,,185,32,0,11 12 13,1,70,,186,33,0,11 12 13,1,25,,187,33,0,11 12 13,1,65,,188,33,0,11 12 13,1,30,,189,33,0,11 12 13,1,70,,190,33,0,11 12 13,1,38,,191,33,0,11 12 13,1,70,,192,33,0,11 12 13,1,30,,193,33,0,11 12 13,1,65,,194,33,0,11 12 13,1,35,,195,33,0,11 12 13,1,70,,196,33,0,11 12 13,1,30,,197,33,0,11 12 13,1,70,,198,33,0,11 12 13,1,30,,199,33,0,11 12 13,1,70,,200,33,0,11 12 13,1,33,,201,33,0,11 12 13,1,70,,202,33,0,11 12 13,1,30,,203,33,0,11 12 13,1,70,,204,33,0,11 12 13,1,30,,205,33,0,11 12 13,1,70,,206,33,0,11 12 13,1,30,,207,33,0,11 12 13,1,66,,208,33,0,11 12 13,1,30,,209,33,0,11 12 13,1,70,,210,33,0,11 12 13,1
12100,'Weekday',500,,244,34,0,11 12 13,1,35,,212,34,0,11 12 13,1,88,,213,34,0,11 12 13,1,35,,214,34,0,11 12 13,1,73,,215,34,0,11 12 13,1,70,,216,34,0,11 12 13,1,30,,217,34,0,11 12 13,1,70,,218,34,0,11 12 13,1,30,,219,34,0,11 12 13,1,27,,220,34,0,11 12 13,1,70,,221,34,0,11 12 13,1,30,,222,34,0,11 12 13,1,67,,223,34,0,11 12 13,1,30,,224,34,0,11 12 13,1,66,,225,34,0,11 12 13,1,23,,226,34,0,11 12 13,1,70,,227,34,0,11 12 13,1,30,,228,34,0,11 12 13,1,70,,229,34,0,11 12 13,1,33,,230,34,0,11 12 13,1,70,,231,34,0,11 12 13,1,33,,232,35,0,7 11 12,1,70,,233,35,0,7 11 12,1,30,,234,35,0,7 11 12,1,70,,235,35,0,7 11 12,1,30,,236,35,0,7 11 12,1,70,,237,35,0,7 11 12,1,27,,238,34,0,11 12 13,1,70,,239,34,0,11 12 13,1,25,,240,34,0,11 12 13,1,70,,241,34,0,11 12 13,1,30,,242,34,0,11 12 13,1,70,,243,34,0,11 12 13,1,30,,211,34,0,11 12 13,1
21100,'Weekday',620,,304,5,,,1,30,,305,5,,,1,70,,306,5,,,1,30,,307,5,,,1,70,,308,5,,,1,30,,309,5,,,1,567,,315,5,,,1,229,,310,5,,,1,70,,311,5,,,1,30,,312,5,,,1,70,,313,5,,,1,30,,314,5,,,1
90001,'SatSun',710,,2309,44,0,10 11 12 13,1,35,,2310,44,0,10 11 12 13,1,61,,2311,44,0,10 11 12 13,1,30,,2312,44,0,10 11 12 13,1,70,,2313,44,0,10 11 12 13,1,44,,2314,44,0,10 11 12 13,1,70,,2315,44,0,10 11 12 13,1,22,,2316,44,0,10 11 12 13,1,68,,2317,44,0,10 11 12 13,1,30,,2318,44,0,10 11 12 13,1,75,,2319,44,0,10 11 12 13,1,30,,2320,44,0,10 11 12 13,1,70,,2321,44,0,10 11 12 13,1,30,,2322,44,0,10 11 12 13,1,65,,2323,44,0,10 11 12 13,1,30,,2324,44,0,10 11 12 13,1,72,,2325,44,0,10 11 12 13,1,28,,2326,44,0,10 11 12 13,1,70,,2327,44,0,10 11 12 13,1,15,,2328,44,0,10 11 12 13,1,25,,2329,44,0,10 11 12 13,1,70,,2330,44,0,10 11 12 13,1,30,,2331,44,0,10 11 12 13,1,70,,2332,44,0,10 11 12 13,1,30,,2333,44,0,10 11 12 13,1,64,,2334,44,0,10 11 12 13,1,30,,2335,44,0,10 11 12 13,1,70,,2336,44,0,10 11 12 13,1,29,,2337,44,0,10 11 12 13,1,70,,2338,44,0,10 11 12 13,1
90001,'Weekday',647,,2384,44,0,10 11 12 13,1,64,,2385,44,0,10 11 12 13,1,24,,2386,44,0,10 11 12 13,1,24,,2387,44,0,10 11 12 13,1,64,,2340,44,0,10 11 12 13,1,24,,2388,44,0,10 11 12 13,1,67,,2389,44,0,10 11 12 13,1,24,,2390,44,0,10 11 12 13,1,64,,2391,44,0,10 11 12 13,1,24,,2392,44,0,10 11 12 13,1,24,,2393,44,0,10 11 12 13,1,64,,2394,44,0,10 11 12 13,1,24,,2395,44,0,10 11 12 13,1,18,,2396,44,0,10 11 12 13,1,65,,2397,44,0,10 11 12 13,1,24,,2398,44,0,10 11 12 13,1,64,,2399,44,0,10 11 12 13,1,24,,2400,44,0,10 11 12 13,1,24,,2401,44,0,10 11 12 13,1,64,,2402,44,0,10 11 12 13,1,24,,2403,44,0,10 11 12 13,1,64,,2404,44,0,10 11 12 13,1,24,,2405,44,0,10 11 12 13,1,24,,2406,44,0,10 11 12 13,1,64,,2407,44,0,10 11 12 13,1,24,,2408,44,0,10 11 12 13,1,64,,2409,44,0,10 11 12 13,1,24,,2410,44,0,10 11 12 13,1,24,,2411,44,0,10 11 12 13,1,64,,2412,44,0,10 11 12 13,1,24,,2420,44,0,10 11 12 13,1,60,,2413,44,0,10 11 12 13,1,24,,2414,44,0,10 11 12 13,1,24,,2415,44,0,10 11 12 13,1,64,,2416,44,0,10 11 12 13,1,24,,2417,44,0,10 11 12 13,1,64,,2348,44,0,10 11 12 13,1,24,,2418,44,0,10 11 12 13,1
91601,'Overnight',518,,3408,64,,,1,30,,3410,64,,,1,2370,,3409,64,,,1,30,,3411,64,,,1
91601,'SatSun',616,,3412,64,,,1,30,,3413,64,,,1,65,,3414,64,,,1,25,,3415,64,,,1,65,,3416,64,,,1,30,,3417,64,,,1,71,,3418,64,,,1,30,,3419,64,,,1,70,,3420,64,,,1,30,,3421,64,,,1,25,,3422,64,,,1,75,,3423,64,,,1,70,,3424,64,,,1,30,,3425,64,,,1,70,,3426,64,,,1,30,,3427,64,,,1,70,,3428,64,,,1,33,,3429,64,,,1,70,,3430,64,,,1,30,,3431,64,,,1,70,,3432,64,,,1,30,,3433,64,,,1,70,,3434,64,,,1,30,,3435,64,,,1,72,,3436,64,,,1,30,,3437,64,,,1,70,,3438,64,,,1,30,,3439,64,,,1,70,,3440,64,,,1,26,,3441,64,,,1,68,,3442,64,,,1,27,,3443,64,,,1,30,,3444,64,,,1,70,,3445,64,,,1,25,,3446,64,,,1,70,,3447,64,,,1,27,,3448,64,,,1,70,,3449,64,,,1
91601,'Weekday',609,,3450,64,,,1,28,,3451,64,,,1,76,,3452,64,,,1,30,,3453,64,,,1,75,,3454,64,,,1,20,,3455,64,,,1,20,,3456,64,,,1,60,,3457,64,,,1,20,,3458,64,,,1,20,,3459,64,,,1,56,,3460,64,,,1,20,,3461,64,,,1,20,,3462,64,,,1,60,,3463,64,,,1,20,,3464,64,,,1,20,,3465,64,,,1,60,,3466,64,,,1,20,,3467,64,,,1,20,,3468,64,,,1,60,,3469,64,,,1,20,,3470,64,,,1,20,,3471,64,,,1,60,,3472,64,,,1,20,,3473,64,,,1,20,,3474,64,,,1,66,,3475,64,,,1,20,,3476,64,,,1,60,,3477,64,,,1,20,,3478,64,,,1,25,,3479,64,,,1,60,,3480,64,,,1,20,,3481,64,,,1,20,,3482,64,,,1,60,,3483,64,,,1,23,,3484,64,,,1,20,,3485,64,,,1,56,,3486,64,,,1,22,,3487,64,,,1,20,,3488,64,,,1,60,,3489,64,,,1,20,,3490,64,,,1,12,,3491,64,,,1,19,,3492,64,,,1,61,,3493,64,,,1,25,,3494,64,,,1,70,,3495,64,,,1,30,,3496,64,,,1,70,,3497,64,,,1,27,,3498,64,,,1,70,,3499,64,,,1,30,,3500,64,,,1
91701,'Overnight',2231,,3585,16,0,11 12 13,1,70,,3586,16,0,11 12 13,1
91701,'SatSun',519,,3587,16,0,11 12 13,1,27,,3588,16,0,11 12 13,1,66,,3590,54,0,11 12 13,1,36,,3589,16,0,11 12 13,1,64,,3591,54,0,11 12 13,1,30,,3592,54,0,11 12 13,1,68,,3593,54,0,11 12 13,1,30,,3594,54,0,11 12 13,1,70,,3595,54,0,11 12 13,1,30,,3596,54,0,11 12 13,1,70,,3597,54,0,11 12 13,1,30,,3598,54,0,11 12 13,1,70,,3599,54,0,11 12 13,1,30,,3600,54,0,11 12 13,1,70,,3601,54,0,11 12 13,1,30,,3602,54,0,11 12 13,1,70,,3603,54,0,11 12 13,1,30,,3604,54,0,11 12 13,1,70,,3605,54,0,11 12 13,1,30,,3606,54,0,11 12 13,1,70,,3607,54,0,11 12 13,1,30,,3608,54,0,11 12 13,1,70,,3609,54,0,11 12 13,1,30,,3610,54,0,11 12 13,1,70,,3611,54,0,11 12 13,1,30,,3612,54,0,11 12 13,1,70,,3613,54,0,11 12 13,1,30,,3614,54,0,11 12 13,1,70,,3615,54,0,11 12 13,1,30,,3616,54,0,11 12 13,1,75,,3617,54,0,11 12 13,1,30,,3618,54,0,11 12 13,1,70,,3619,54,0,11 12 13,1,25,,3620,54,0,11 12 13,1,70,,3621,54,0,11 12 13,1,27,,3622,54,0,11 12 13,1,70,,3623,54,0,11 12 13,1,25,,3624,54,0,11 12 13,1
91701,'Weekday',448,,3655,39,0,11 12 13,1,70,,3648,39,0,11 12 13,1,30,,3638,54,0,11 12 13,1,76,,3660,54,0,11 12 13,1,30,,3650,54,0,11 12 13,1,70,,3665,54,0,11 12 13,1,34,,3631,54,0,11 12 13,1,70,,3642,54,0,11 12 13,1,30,,3627,54,0,11 12 13,1,79,,3659,54,0,11 12 13,1,70,,3653,54,0,11 12 13,1,30,,3626,54,0,11 12 13,1,70,,3629,54,0,11 12 13,1,33,,3664,54,0,11 12 13,1,75,,3657,54,0,11 12 13,1,30,,3646,54,0,11 12 13,1,66,,3644,54,0,11 12 13,1,40,,3633,54,0,11 12 13,1,70,,3640,54,0,11 12 13,1,30,,3652,54,0,11 12 13,1,70,,3649,54,0,11 12 13,1,28,,3634,54,0,11 12 13,1,70,,3656,54,0,11 12 13,1,30,,3628,54,0,11 12 13,1,70,,3643,54,0,11 12 13,1,25,,3651,54,0,11 12 13,1,75,,3630,54,0,11 12 13,1,30,,3661,54,0,11 12 13,1,70,,3662,54,0,11 12 13,1,30,,3654,54,0,11 12 13,1,70,,3647,54,0,11 12 13,1,30,,3632,54,0,11 12 13,1,70,,3645,54,0,11 12 13,1,30,,3635,54,0,11 12 13,1,70,,3636,54,0,11 12 13,1,30,,3637,54,0,11 12 13,1,61,,3658,54,0,11 12 13,1,30,,3639,54,0,11 12 13,1
92001,'Weekday',605,,3741,44,0,10 11 12 13,1,38,,3742,44,0,10 11 12 13,1,60,,3722,44,0,10 11 12 13,1,20,,3723,44,0,10 11 12 13,1,20,,3724,44,0,10 11 12 13,1,60,,3725,44,0,10 11 12 13,1,20,,3726,44,0,10 11 12 13,1,20,,3727,44,0,10 11 12 13,1,60,,3728,44,0,10 11 12 13,1,20,,3729,44,0,10 11 12 13,1,25,,3730,44,0,10 11 12 13,1,753,,3731,44,0,10 11 12 13,1,20,,3732,44,0,10 11 12 13,1,20,,3733,44,0,10 11 12 13,1,60,,3734,44,0,10 11 12 13,1,20,,3735,44,0,10 11 12 13,1,20,,3737,44,0,10 11 12 13,1,60,,3736,44,0,10 11 12 13,1,20,,3738,44,0,10 11 12 13,1,20,,3739,44,0,10 11 12 13,1
