40300,'Canada Day',653,,9187,28,,,1,70,,9188,28,,,1,30,,9189,28,,,1,70,,9190,28,,,1,30,,9191,28,,,1,70,,9192,28,,,1,30,,9193,28,,,1,71,,9194,28,,,1,30,,9195,28,,,1,66,,9196,28,,,1,30,,9197,28,,,1,74,,9198,28,,,1,30,,9199,28,,,1,70,,9200,28,,,1,30,,9201,28,,,1,70,,9202,28,,,1,30,,9203,28,,,1,70,,9204,28,,,1,29,,9205,28,,,1,67,,9206,28,,,1,34,,9207,28,,,1,70,,9208,28,,,1,33,,9209,28,,,1,67,,9210,28,,,1,30,,9211,28,,,1,70,,9212,28,,,1,30,,9213,28,,,1,70,,9214,28,,,1,30,,9215,28,,,1,70,,9216,28,,,1,30,,9217,28,,,1
40300,'SatSun',653,,9218,28,,,1,70,,9219,28,,,1,30,,9220,28,,,1,70,,9221,28,,,1,30,,9222,28,,,1,70,,9223,28,,,1,30,,9224,28,,,1,71,,9225,28,,,1,30,,9226,28,,,1,66,,9227,28,,,1,30,,9228,28,,,1,74,,9229,28,,,1,30,,9230,28,,,1,70,,9231,28,,,1,30,,9232,28,,,1,70,,9233,28,,,1,30,,9234,28,,,1,70,,9235,28,,,1,30,,9236,28,,,1,66,,9237,28,,,1,34,,9238,28,,,1,70,,9239,28,,,1,33,,9240,28,,,1,67,,9241,28,,,1,30,,9242,28,,,1,70,,9243,28,,,1,30,,9244,28,,,1,70,,9245,28,,,1,30,,9246,28,,,1,70,,9247,28,,,1,30,,9248,28,,,1
40300,'Weekday',629,,9269,28,,,1,15,,9253,15,,,1,15,,9285,28,,,1,55,,9254,15,,,1,15,,9280,28,,,1,15,,9255,15,,,1,15,,9286,28,,,1,55,,9256,15,,,1,15,,9287,28,,,1,30,,9288,28,,,1,70,,9289,28,,,1,71,,9290,28,,,1,30,,9291,28,,,1,70,,9292,28,,,1,30,,9249,28,,,1,70,,9250,28,,,1,30,,9251,28,,,1,70,,9252,28,,,1,30,,9263,28,,,1,70,,9264,28,,,1,30,,9265,28,,,1,73,,9266,28,,,1,22,,9267,28,,,1,15,,9257,15,,,1,15,,9268,28,,,1,55,,9258,15,,,1,15,,9270,28,,,1,15,,9259,15,,,1,15,,9271,28,,,1,55,,9260,15,,,1,15,,9272,28,,,1,15,,9261,15,,,1,15,,9273,28,,,1,55,,9262,15,,,1,15,,9274,28,,,1,30,,9275,28,,,1,70,,9276,28,,,1,30,,9277,28,,,1,70,,9278,28,,,1,30,,9279,28,,,1,70,,9281,28,,,1,30,,9282,28,,,1,70,,9283,28,,,1,30,,9284,28,,,1
41001,'Canada Day',643,,10079,41,,,1,70,,10080,41,,,1,30,,10081,41,,,1,70,,10082,41,,,1,30,,10083,41,,,1,70,,10084,41,,,1,30,,10085,41,,,1,72,,10086,41,,,1,30,,10087,41,,,1,70,,10088,41,,,1,30,,10089,41,,,1,70,,10090,41,,,1,30,,10091,41,,,1,70,,10092,41,,,1,30,,10093,41,,,1,70,,10094,41,,,1,30,,10095,41,,,1,70,,10096,41,,,1,30,,10097,41,,,1,70,,10098,41,,,1,30,,10099,41,,,1,70,,10100,41,,,1,29,,10101,41,,,1,74,,10102,41,,,1,26,,10103,41,,,1,70,,10104,41,,,1,30,,10105,41,,,1,68,,10106,41,,,1,30,,10107,41,,,1,70,,10108,41,,,1,25,,10109,41,,,1,75,,10110,41,,,1,30,,10111,41,,,1
41001,'SatSun',643,,10112,41,,,1,70,,10113,41,,,1,30,,10114,41,,,1,70,,10115,41,,,1,30,,10116,41,,,1,70,,10117,41,,,1,30,,10118,41,,,1,72,,10119,41,,,1,30,,10120,41,,,1,70,,10121,41,,,1,30,,10122,41,,,1,70,,10123,41,,,1,30,,10124,41,,,1,70,,10125,41,,,1,30,,10126,41,,,1,70,,10127,41,,,1,30,,10128,41,,,1,70,,10129,41,,,1,30,,10130,41,,,1,70,,10131,41,,,1,30,,10132,41,,,1,70,,10133,41,,,1,29,,10134,41,,,1,70,,10135,41,,,1,30,,10136,41,,,1,70,,10137,41,,,1,30,,10138,41,,,1,68,,10139,41,,,1,30,,10140,41,,,1,70,,10141,41,,,1,25,,10142,41,,,1,75,,10143,41,,,1,30,,10144,41,,,1
41001,'Weekday',604,,10178,41,,,1,40,,10145,41,,,1,65,,10146,41,,,1,32,,10147,41,,,1,70,,10148,41,,,1,30,,10149,41,,,1,70,,10150,41,,,1,30,,10151,41,,,1,70,,10152,41,,,1,30,,10153,41,,,1,70,,10154,41,,,1,30,,10155,41,,,1,70,,10156,41,,,1,30,,10157,41,,,1,70,,10158,41,,,1,30,,10159,41,,,1,70,,10160,41,,,1,30,,10161,41,,,1,73,,10162,41,,,1,30,,10163,41,,,1,70,,10164,41,,,1,30,,10165,41,,,1,70,,10166,41,,,1,30,,10167,41,,,1,70,,10168,41,,,1,30,,10169,41,,,1,70,,10170,41,,,1,25,,10171,41,,,1,65,,10172,41,,,1,29,,10173,41,,,1,70,,10174,41,,,1,30,,10175,41,,,1,70,,10176,41,,,1,30,,10177,41,,,1,70,,10180,41,,,1,30,,10179,41,,,1,70,,10181,41,,,1,19,,10182,41,,,1,100,,10183,41,,,1
42101,'Canada Day',956,,10424,16,0,54 22 23 13,1,70,,10425,16,0,54 22 23 13,1,33,,10426,45,0,54 22 23 13,1,70,,10427,45,0,54 22 23 13,1,30,,10428,45,0,54 22 23 13,1,70,,10429,45,0,54 22 23 13,1,30,,10430,45,0,54 22 23 13,1,70,,10431,45,0,54 22 23 13,1,30,,10432,45,0,54 22 23 13,1,70,,10433,45,0,54 22 23 13,1,30,,10434,45,0,54 22 23 13,1,70,,10435,45,0,54 22 23 13,1,30,,10436,45,0,54 22 23 13,1,70,,10437,45,0,54 22 23 13,1,30,,10438,45,0,54 22 23 13,1,70,,10439,45,0,54 22 23 13,1,30,,10440,45,0,54 22 23 13,1,70,,10441,45,0,54 22 23 13,1,30,,10442,45,0,54 22 23 13,1
42101,'SatSun',956,,10443,16,0,54 22 23 13,1,70,,10444,16,0,54 22 23 13,1,33,,10445,45,0,54 22 23 13,1,70,,10446,45,0,54 22 23 13,1,30,,10447,45,0,54 22 23 13,1,70,,10448,45,0,54 22 23 13,1,30,,10449,45,0,54 22 23 13,1,70,,10450,45,0,54 22 23 13,1,30,,10451,45,0,54 22 23 13,1,70,,10452,45,0,54 22 23 13,1,30,,10453,45,0,54 22 23 13,1,70,,10454,45,0,54 22 23 13,1,30,,10455,45,0,54 22 23 13,1,70,,10456,45,0,54 22 23 13,1,30,,10457,45,0,54 22 23 13,1,70,,10458,45,0,54 22 23 13,1,30,,10459,45,0,54 22 23 13,1,70,,10460,45,0,54 22 23 13,1,30,,10461,45,0,54 22 23 13,1
42101,'Weekday',1018,,10470,42,0,7 22 9,1,30,,10471,42,0,7 22 9,1,65,,10472,42,0,7 22 9,1,35,,10473,42,0,7 22 9,1,70,,10474,42,0,7 22 9,1,30,,10475,42,0,7 22 9,1,68,,10476,42,0,7 22 9,1,28,,10477,42,0,7 22 9,1,95,,10478,42,0,7 22 9,1,82,,10479,42,0,7 22 9,1,19,,10480,42,0,7 22 9,1,70,,10481,42,0,7 22 9,1,30,,10482,42,0,7 22 9,1,74,,10483,42,0,7 22 9,1,26,,10484,42,0,7 22 9,1,77,,10485,42,0,7 22 9,1,30,,10486,42,0,7 22 9,1,70,,10487,42,0,7 22 9,1,30,,10488,42,0,7 22 9,1,70,,10489,42,0,7 22 9,1
42301,'Weekday',633,,10517,39,,,1,70,,10518,39,,,1,32,,10519,39,,,1,21,,10527,39,,,1,70,,10528,39,,,1,30,,10529,39,,,1,70,,10537,39,,,1,30,,10538,39,,,1,70,,10539,39,,,1,30,,10540,39,,,1,70,,10541,39,,,1,30,,10531,39,,,1,70,,10532,39,,,1,30,,10533,39,,,1,70,,10534,39,,,1,30,,10536,39,,,1,70,,10542,39,,,1,30,,10535,39,,,1,70,,10543,39,,,1,30,,10530,39,,,1,70,,10520,39,,,1,30,,10521,39,,,1,75,,10522,39,,,1,25,,10523,39,,,1,70,,10524,39,,,1,28,,10525,39,,,1,70,,10526,39,,,1
90101,'Canada Day',721,,11438,21,0,5 22 23 13,1,30,,11440,21,0,5 22 23 13,1,70,,11442,21,0,5 22 23 13,1,30,,11444,21,0,5 22 23 13,1,70,,11446,21,0,5 22 23 13,1,30,,11448,21,0,5 22 23 13,1,70,,11450,21,0,5 22 23 13,1,30,,11452,21,0,5 22 23 13,1,70,,11454,21,0,5 22 23 13,1,30,,11456,21,0,5 22 23 13,1,70,,11458,21,0,5 22 23 13,1,30,,11460,21,0,5 22 23 13,1,70,,11462,21,0,5 22 23 13,1,30,,11464,21,0,5 22 23 13,1,70,,11466,21,0,5 22 23 13,1,20,,11468,21,0,5 22 23 13,1,80,,11470,21,0,5 22 23 13,1,30,,11472,21,0,5 22 23 13,1,70,,11474,21,0,5 22 23 13,1,30,,11476,21,0,5 22 23 13,1,70,,11478,21,0,5 22 23 13,1,30,,11480,21,0,5 22 23 13,1,70,,11482,21,0,5 22 23 13,1,30,,11484,21,0,5 22 23 13,1,70,,11486,21,0,5 22 23 13,1,30,,11488,21,0,5 22 23 13,1,70,,11490,21,0,5 22 23 13,1,30,,11492,21,0,5 22 23 13,1,70,,11494,21,0,5 22 23 13,1,30,,11496,21,0,5 22 23 13,1
90101,'SatSun',721,,11539,21,0,5 22 23 13,1,30,,11540,21,0,5 22 23 13,1,70,,11541,21,0,5 22 23 13,1,30,,11542,21,0,5 22 23 13,1,70,,11543,21,0,5 22 23 13,1,30,,11544,21,0,5 22 23 13,1,70,,11545,21,0,5 22 23 13,1,30,,11546,21,0,5 22 23 13,1,70,,11547,21,0,5 22 23 13,1,30,,11548,21,0,5 22 23 13,1,70,,11549,21,0,5 22 23 13,1,30,,11550,21,0,5 22 23 13,1,70,,11551,21,0,5 22 23 13,1,30,,11552,21,0,5 22 23 13,1,70,,11553,21,0,5 22 23 13,1,20,,11554,21,0,5 22 23 13,1,80,,11555,21,0,5 22 23 13,1,30,,11556,21,0,5 22 23 13,1,70,,11557,21,0,5 22 23 13,1,30,,11558,21,0,5 22 23 13,1,70,,11559,21,0,5 22 23 13,1,30,,11560,21,0,5 22 23 13,1,70,,11561,21,0,5 22 23 13,1,30,,11562,21,0,5 22 23 13,1,70,,11563,21,0,5 22 23 13,1,30,,11564,21,0,5 22 23 13,1,70,,11565,21,0,5 22 23 13,1,30,,11566,21,0,5 22 23 13,1,70,,11567,21,0,5 22 23 13,1,30,,11568,21,0,5 22 23 13,1
90101,'Weekday',635,,11606,21,0,5 22 23 13,1,70,,11607,21,0,5 22 23 13,1,25,,11608,21,0,5 22 23 13,1,10,,11609,21,0,5 22 23 13,1,60,,11610,21,0,5 22 23 13,1,10,,11611,21,0,5 22 23 13,1,20,,11612,21,0,5 22 23 13,1,10,,11613,21,0,5 22 23 13,1,60,,11614,21,0,5 22 23 13,1,11,,11615,21,0,5 22 23 13,1,20,,11616,21,0,5 22 23 13,1,10,,11617,21,0,5 22 23 13,1,60,,11618,21,0,5 22 23 13,1,13,,11619,21,0,5 22 23 13,1,20,,11620,21,0,5 22 23 13,1,10,,11621,21,0,5 22 23 13,1,60,,11622,21,0,5 22 23 13,1,10,,11623,21,0,5 22 23 13,1,20,,11624,21,0,5 22 23 13,1,10,,11625,21,0,5 22 23 13,1,60,,11626,21,0,5 22 23 13,1,10,,11627,21,0,5 22 23 13,1,20,,11628,21,0,5 22 23 13,1,10,,11629,21,0,5 22 23 13,1,60,,11630,21,0,5 22 23 13,1,10,,11631,21,0,5 22 23 13,1,20,,11632,21,0,5 22 23 13,1,10,,11633,21,0,5 22 23 13,1,60,,11634,21,0,5 22 23 13,1,10,,11635,21,0,5 22 23 13,1,22,,11636,21,0,5 22 23 13,1,10,,11637,21,0,5 22 23 13,1,60,,11638,21,0,5 22 23 13,1,10,,11639,21,0,5 22 23 13,1,20,,11640,21,0,5 22 23 13,1,10,,11641,21,0,5 22 23 13,1,57,,11642,21,0,5 22 23 13,1,10,,11643,21,0,5 22 23 13,1,20,,11644,21,0,5 22 23 13,1,10,,11645,21,0,5 22 23 13,1,60,,11646,21,0,5 22 23 13,1,10,,11647,21,0,5 22 23 13,1,20,,11648,21,0,5 22 23 13,1,10,,11649,21,0,5 22 23 13,1,60,,11650,21,0,5 22 23 13,1,10,,11651,21,0,5 22 23 13,1,18,,11652,21,0,5 22 23 13,1,10,,11653,21,0,5 22 23 13,1,60,,11654,21,0,5 22 23 13,1,10,,11655,21,0,5 22 23 13,1,25,,11656,21,0,5 22 23 13,1,70,,11657,21,0,5 22 23 13,1,30,,11658,21,0,5 22 23 13,1,69,,11659,21,0,5 22 23 13,1,30,,11660,21,0,5 22 23 13,1,70,,11661,21,0,5 22 23 13,1,30,,11662,21,0,5 22 23 13,1
90201,'Canada Day',609,,11818,39,,,1,30,,11819,39,,,1,70,,11820,39,,,1,30,,11821,39,,,1,69,,11822,39,,,1,30,,11823,39,,,1,70,,11824,39,,,1,30,,11825,39,,,1,72,,11826,39,,,1,25,,11827,33,,,1,19,,11828,23,0,5 22 23 13,1,51,,11829,33,,,1,19,,11830,23,0,5 22 23 13,1,13,,11831,33,,,1,17,,11832,23,0,5 22 23 13,1,53,,11833,33,,,1,17,,11834,23,0,5 22 23 13,1,13,,11835,33,,,1,17,,11836,23,0,5 22 23 13,1,53,,11837,33,,,1,17,,11838,23,0,5 22 23 13,1,13,,11839,33,,,1,17,,11840,23,0,5 22 23 13,1,53,,11841,33,,,1,17,,11842,23,0,5 22 23 13,1,13,,11843,33,,,1,17,,11844,23,0,5 22 23 13,1,53,,11845,33,,,1,15,,11846,23,0,5 22 23 13,1,15,,11847,33,,,1,15,,11848,23,0,5 22 23 13,1,55,,11849,33,,,1,15,,11850,23,0,5 22 23 13,1,15,,11851,33,,,1,15,,11852,23,0,5 22 23 13,1,55,,11853,33,,,1,15,,11854,23,0,5 22 23 13,1,15,,11855,33,,,1,15,,11856,23,0,5 22 23 13,1,53,,11857,33,,,1,17,,11858,23,0,5 22 23 13,1,13,,11859,33,,,1,17,,11860,23,0,5 22 23 13,1,53,,11861,33,,,1,30,,11862,33,,,1,70,,11863,33,,,1,32,,11864,39,,,1,70,,11865,39,,,1,30,,11866,39,,,1,70,,11867,39,,,1,30,,11868,39,,,1,70,,11869,39,,,1
90201,'SatSun',609,,11870,39,,,1,30,,11871,39,,,1,70,,11872,39,,,1,30,,11873,39,,,1,69,,11874,39,,,1,30,,11875,39,,,1,70,,11876,39,,,1,30,,11877,39,,,1,72,,11878,39,,,1,25,,11879,33,,,1,19,,11905,23,0,5 22 23 13,1,51,,11880,33,,,1,19,,11906,23,0,5 22 23 13,1,13,,11881,33,,,1,17,,11907,23,0,5 22 23 13,1,53,,11882,33,,,1,17,,11908,23,0,5 22 23 13,1,13,,11883,33,,,1,17,,11909,23,0,5 22 23 13,1,53,,11884,33,,,1,17,,11910,23,0,5 22 23 13,1,13,,11885,33,,,1,17,,11911,23,0,5 22 23 13,1,53,,11886,33,,,1,17,,11912,23,0,5 22 23 13,1,13,,11887,33,,,1,17,,11913,23,0,5 22 23 13,1,53,,11888,33,,,1,15,,11914,23,0,5 22 23 13,1,15,,11889,33,,,1,15,,11915,23,0,5 22 23 13,1,55,,11890,33,,,1,15,,11916,23,0,5 22 23 13,1,15,,11891,33,,,1,15,,11917,23,0,5 22 23 13,1,55,,11892,33,,,1,15,,11918,23,0,5 22 23 13,1,15,,11893,33,,,1,15,,11919,23,0,5 22 23 13,1,53,,11894,33,,,1,17,,11920,23,0,5 22 23 13,1,13,,11895,33,,,1,17,,11921,23,0,5 22 23 13,1,53,,11896,33,,,1,30,,11897,33,,,1,70,,11898,33,,,1,32,,11899,39,,,1,70,,11900,39,,,1,30,,11901,39,,,1,70,,11902,39,,,1,30,,11903,39,,,1,70,,11904,39,,,1
90201,'Weekday',543,,11922,39,,,1,70,,11923,39,,,1,20,,11924,39,,,1,70,,11925,39,,,1,10,,11926,39,,,1,30,,11927,39,,,1,60,,11928,39,,,1,20,,11929,39,,,1,20,,11930,39,,,1,60,,11931,39,,,1,20,,11932,39,,,1,20,,11933,39,,,1,60,,11934,39,,,1,20,,11935,39,,,1,20,,11936,39,,,1,60,,11937,39,,,1,20,,11938,39,,,1,20,,11939,39,,,1,60,,11940,39,,,1,20,,11941,39,,,1,20,,11942,39,,,1,60,,11943,39,,,1,20,,11944,39,,,1,20,,11945,39,,,1,60,,11946,39,,,1,20,,11947,39,,,1,20,,11948,39,,,1,60,,11949,39,,,1,20,,11950,39,,,1,23,,11951,39,,,1,60,,11952,39,,,1,20,,11953,39,,,1,20,,11954,39,,,1,70,,11955,39,,,1,10,,11956,39,,,1,22,,11967,39,,,1,58,,11968,39,,,1,20,,11969,39,,,1,22,,11957,39,,,1,58,,11958,39,,,1,20,,11959,39,,,1,22,,11960,39,,,1,54,,11961,33,,,1,44,,11962,33,,,1,70,,11963,33,,,1,30,,11964,33,,,1,70,,11965,33,,,1,30,,11966,33,,,1
1400000200,'Overnight',308,,13190,13,,,1,30,,13185,13,,,1,70,,13179,13,,,1,27,,13189,13,,,1,70,,13183,13,,,1,1902,,13182,13,,,1,30,,13178,13,,,1,68,,13191,13,,,1,30,,13177,13,,,1,70,,13180,13,,,1,33,,13184,13,,,1,70,,13181,13,,,1,30,,13187,13,,,1,70,,13186,13,,,1,27,,13188,13,,,1,70,,13192,13,,,1
