40501,'Canada Day',654,,9498,40,,,1,70,,9499,40,,,1,30,,9500,40,,,1,70,,9501,40,,,1,31,,9502,40,,,1,69,,9503,40,,,1,30,,9504,40,,,1,73,,9505,40,,,1,30,,9506,40,,,1,70,,9507,40,,,1,30,,9508,40,,,1,70,,9509,40,,,1,30,,9510,40,,,1,70,,9511,40,,,1,30,,9512,40,,,1,70,,9513,40,,,1,30,,9514,40,,,1,70,,9515,40,,,1,30,,9516,40,,,1,70,,9517,40,,,1,30,,9518,40,,,1,70,,9519,40,,,1,30,,9520,40,,,1,70,,9521,40,,,1,30,,9522,40,,,1,67,,9523,40,,,1,30,,9524,40,,,1,70,,9525,40,,,1,30,,9526,40,,,1,70,,9527,40,,,1,30,,9528,40,,,1,70,,9529,40,,,1,30,,9530,40,,,1
40501,'SatSun',654,,9531,40,,,1,70,,9532,40,,,1,30,,9533,40,,,1,70,,9534,40,,,1,30,,9535,40,,,1,70,,9536,40,,,1,30,,9537,40,,,1,73,,9538,40,,,1,30,,9539,40,,,1,70,,9540,40,,,1,30,,9541,40,,,1,70,,9542,40,,,1,30,,9543,40,,,1,70,,9544,40,,,1,30,,9545,40,,,1,70,,9546,40,,,1,30,,9547,40,,,1,70,,9548,40,,,1,30,,9549,40,,,1,70,,9550,40,,,1,30,,9551,40,,,1,70,,9552,40,,,1,30,,9553,40,,,1,70,,9554,40,,,1,30,,9555,40,,,1,67,,9556,40,,,1,30,,9557,40,,,1,70,,9558,40,,,1,30,,9559,40,,,1,70,,9560,40,,,1,30,,9561,40,,,1,70,,9562,40,,,1,30,,9563,40,,,1
40501,'Weekday',628,,9581,40,,,1,30,,9582,40,,,1,70,,9583,40,,,1,25,,9584,40,,,1,74,,9585,40,,,1,30,,9586,40,,,1,67,,9587,40,,,1,30,,9588,40,,,1,70,,9589,40,,,1,30,,9590,40,,,1,70,,9591,40,,,1,30,,9592,40,,,1,70,,9593,40,,,1,30,,9594,40,,,1,70,,9595,40,,,1,30,,9596,40,,,1,64,,9597,40,,,1,30,,9564,40,,,1,71,,9565,40,,,1,30,,9566,40,,,1,72,,9568,40,,,1,28,,9569,40,,,1,72,,9570,40,,,1,28,,9571,40,,,1,68,,9572,40,,,1,30,,9573,40,,,1,64,,9574,40,,,1,30,,9575,40,,,1,62,,9576,40,,,1,35,,9567,40,,,1,70,,9577,40,,,1,30,,9578,40,,,1,70,,9579,40,,,1,30,,9580,40,,,1
40901,'Canada Day',704,,9885,27,,,1,30,,9886,27,,,1,70,,9887,27,,,1,30,,9888,27,,,1,70,,9889,27,,,1,30,,9890,27,,,1,70,,9891,27,,,1,30,,9892,27,,,1,70,,9893,27,,,1,30,,9894,27,,,1,70,,9895,27,,,1,30,,9896,27,,,1,70,,9897,27,,,1,30,,9898,27,,,1,68,,9899,27,,,1,33,,9900,27,,,1,70,,9901,27,,,1,30,,9902,27,,,1,70,,9903,27,,,1,30,,9904,27,,,1,70,,9905,27,,,1,30,,9906,27,,,1,70,,9907,27,,,1,30,,9908,27,,,1,70,,9909,27,,,1,30,,9910,27,,,1,70,,9911,27,,,1,30,,9912,27,,,1,202,,9913,27,,,1,106,,9914,27,,,1
40901,'SatSun',704,,9915,27,,,1,30,,9916,27,,,1,70,,9917,27,,,1,30,,9918,27,,,1,70,,9919,27,,,1,30,,9920,27,,,1,70,,9921,27,,,1,30,,9922,27,,,1,70,,9923,27,,,1,30,,9924,27,,,1,70,,9925,27,,,1,30,,9926,27,,,1,70,,9927,27,,,1,30,,9928,27,,,1,68,,9929,27,,,1,33,,9930,27,,,1,70,,9931,27,,,1,30,,9932,27,,,1,70,,9933,27,,,1,30,,9934,27,,,1,70,,9935,27,,,1,30,,9936,27,,,1,70,,9937,27,,,1,30,,9938,27,,,1,70,,9939,27,,,1,30,,9940,27,,,1,70,,9941,27,,,1,30,,9942,27,,,1,202,,9943,27,,,1,106,,9944,27,,,1
40901,'Weekday',654,,9977,27,,,1,70,,9951,27,,,1,30,,9952,27,,,1,70,,9953,27,,,1,30,,9954,27,,,1,70,,9955,27,,,1,30,,9956,27,,,1,73,,9957,33,0,5 22 23 13,1,27,,9958,27,,,1,70,,9959,27,,,1,30,,9960,27,,,1,72,,9961,33,0,5 22 23 13,1,28,,9962,27,,,1,70,,9963,27,,,1,30,,9964,27,,,1,73,,9965,33,0,5 22 23 13,1,27,,9966,27,,,1,70,,9967,27,,,1,30,,9968,26,0,7 22 23 13,1,70,,9969,27,,,1,30,,9970,27,,,1,70,,9971,27,,,1,30,,9972,27,,,1,70,,9973,27,,,1,30,,9974,27,,,1,70,,9975,27,,,1,30,,9976,27,,,1,70,,9945,27,,,1,30,,9946,27,,,1,70,,9947,27,,,1,30,,9948,27,,,1,70,,9949,27,,,1,83,,9950,27,,,1
42100,'Weekday',558,,10395,5,0,7 30,1,70,,10396,5,0,7 30,1,30,,10397,5,0,7 30,1,71,,10398,5,0,7 30,1,82,,10399,5,0,7 30,1,30,,10400,5,0,7 30,1,70,,10401,5,0,7 30,1,25,,10402,5,0,7 30,1,75,,10403,5,0,7 30,1,30,,10404,5,0,7 30,1,70,,10405,5,0,7 30,1,30,,10406,5,0,7 30,1,70,,10407,5,0,7 30,1,94,,10408,5,0,7 30,1,30,,10409,5,0,5 30,1,70,,10410,5,0,7 30,1,31,,10411,5,0,7 30,1,70,,10412,5,0,7 30,1,41,,10421,5,0,7 30,1,59,,10423,5,0,7 30,1,30,,10422,5,0,7 30,1
90200,'Canada Day',636,,11668,5,,,1,70,,11669,5,,,1,30,,11670,5,,,1,70,,11671,5,,,1,30,,11672,5,,,1,70,,11673,5,,,1,32,,11674,5,,,1,70,,11675,5,,,1,30,,11677,5,,,1,70,,11679,5,,,1,30,,11681,5,,,1,70,,11683,5,,,1,30,,11685,5,,,1,70,,11687,5,,,1,30,,11689,5,,,1,70,,11691,5,,,1,30,,11693,5,,,1,70,,11695,5,,,1,30,,11697,5,,,1,70,,11699,5,,,1,30,,11701,5,,,1,70,,11703,5,,,1,30,,11705,5,,,1,70,,11707,5,,,1,30,,11709,5,,,1,70,,11710,5,,,1,30,,11711,5,,,1,70,,11712,5,,,1,30,,11713,5,,,1,70,,11714,5,,,1,30,,11715,5,,,1,68,,11716,5,,,1,30,,11717,5,,,1,70,,11718,5,,,1
90200,'SatSun',636,,11736,5,,,1,70,,11737,5,,,1,30,,11738,5,,,1,70,,11739,5,,,1,30,,11740,5,,,1,70,,11741,5,,,1,32,,11742,5,,,1,70,,11743,5,,,1,30,,11744,5,,,1,70,,11745,5,,,1,30,,11746,5,,,1,70,,11747,5,,,1,30,,11748,5,,,1,70,,11749,5,,,1,30,,11750,5,,,1,70,,11751,5,,,1,30,,11752,5,,,1,70,,11753,5,,,1,30,,11754,5,,,1,70,,11755,5,,,1,30,,11756,5,,,1,70,,11757,5,,,1,30,,11758,5,,,1,70,,11759,5,,,1,30,,11760,5,,,1,70,,11761,5,,,1,30,,11762,5,,,1,70,,11763,5,,,1,30,,11764,5,,,1,70,,11765,5,,,1,30,,11766,5,,,1,68,,11767,5,,,1,30,,11768,5,,,1,70,,11769,5,,,1
90200,'Weekday',605,,11770,5,,,1,20,,11771,5,,,1,20,,11772,5,,,1,60,,11773,5,,,1,20,,11774,5,,,1,20,,11775,5,,,1,65,,11776,5,,,1,15,,11777,5,,,1,20,,11778,5,,,1,60,,11779,5,,,1,20,,11780,5,,,1,20,,11781,5,,,1,60,,11782,5,,,1,20,,11783,5,,,1,20,,11784,5,,,1,60,,11785,5,,,1,20,,11786,5,,,1,20,,11787,5,,,1,65,,11788,5,,,1,20,,11789,5,,,1,15,,11790,5,,,1,65,,11791,5,,,1,15,,11792,5,,,1,20,,11793,5,,,1,60,,11794,5,,,1,20,,11795,5,,,1,20,,11796,5,,,1,60,,11797,5,,,1,30,,11798,5,,,1,10,,11799,5,,,1,60,,11800,5,,,1,20,,11801,5,,,1,20,,11802,5,,,1,60,,11803,5,,,1,20,,11804,5,,,1,20,,11805,5,,,1,60,,11806,5,,,1,20,,11807,5,,,1,20,,11808,5,,,1,60,,11809,5,,,1,30,,11810,5,,,1,70,,11811,5,,,1,30,,11812,5,,,1,73,,11813,5,,,1,27,,11814,5,,,1,70,,11815,5,,,1,30,,11816,5,,,1,70,,11817,5,,,1
91700,'Canada Day',521,,12772,35,,,1,95,,12773,35,,,1,30,,12774,35,,,1,68,,12775,48,,,1,30,,12776,48,,,1,70,,12777,48,,,1,30,,12778,48,,,1,70,,12779,48,,,1,34,,12780,62,,,1,70,,12781,62,,,1,30,,12782,62,,,1,70,,12783,62,,,1,30,,12784,62,,,1,70,,12785,62,,,1,27,,12786,62,,,1,73,,12787,62,,,1,30,,12788,62,,,1,67,,12789,62,,,1,33,,12790,62,,,1,68,,12791,62,,,1,32,,12792,62,,,1,70,,12793,62,,,1,30,,12794,62,,,1,70,,12795,62,,,1,30,,12796,62,,,1,70,,12797,62,,,1,30,,12798,62,,,1,70,,12799,62,,,1,30,,12800,62,,,1,70,,12801,62,,,1,30,,12802,62,,,1,70,,12803,62,,,1,28,,12804,48,,,1,70,,12805,48,,,1,25,,12806,48,,,1,70,,12807,48,,,1
91700,'SatSun',521,,12816,35,,,1,95,,12817,35,,,1,30,,12818,35,,,1,68,,12819,48,,,1,30,,12820,48,,,1,70,,12821,48,,,1,30,,12822,48,,,1,70,,12823,48,,,1,34,,12824,62,,,1,70,,12825,62,,,1,30,,12826,62,,,1,70,,12827,62,,,1,30,,12828,62,,,1,70,,12829,62,,,1,27,,12830,62,,,1,73,,12831,62,,,1,30,,12832,62,,,1,67,,12833,62,,,1,33,,12834,62,,,1,68,,12835,62,,,1,32,,12836,62,,,1,70,,12837,62,,,1,30,,12838,62,,,1,70,,12839,62,,,1,30,,12840,62,,,1,70,,12841,62,,,1,30,,12842,62,,,1,70,,12843,62,,,1,30,,12844,62,,,1,70,,12845,62,,,1,30,,12846,62,,,1,70,,12847,62,,,1,28,,12848,48,,,1,70,,12849,48,,,1,25,,12850,48,,,1,70,,12851,48,,,1
91700,'Weekday',517,,12895,35,,,1,29,,12877,48,,,1,70,,12894,48,,,1,30,,12861,48,,,1,76,,12860,48,,,1,30,,12858,48,,,1,70,,12893,48,,,1,34,,12875,48,,,1,70,,12867,48,,,1,30,,12874,48,,,1,79,,12866,48,,,1,70,,12889,48,,,1,30,,12878,48,,,1,73,,12871,48,,,1,33,,12870,48,,,1,75,,12888,48,,,1,30,,12868,48,,,1,66,,12884,48,,,1,28,,12857,48,,,1,64,,12891,48,,,1,35,,12876,48,,,1,65,,12856,48,,,1,30,,12872,48,,,1,68,,12883,48,,,1,30,,12886,48,,,1,70,,12865,48,,,1,9,,12862,48,,,1,30,,12869,48,,,1,70,,12880,48,,,1,30,,12863,48,,,1,70,,12859,48,,,1,30,,12879,48,,,1,70,,12881,48,,,1,30,,12885,48,,,1,70,,12892,48,,,1,30,,12882,48,,,1,70,,12890,48,,,1,30,,12873,48,,,1,70,,12864,48,,,1,30,,12887,48,,,1
