10000,'Canada Day',1225,,7756,9,,,1,20,,7757,9,,,1,60,,7758,9,,,1,20,,7759,9,,,1,20,,7760,9,,,1,60,,7761,9,,,1,20,,7762,9,,,1,23,,7763,9,,,1,57,,7764,9,,,1,20,,7765,9,,,1,20,,7766,9,,,1,60,,7767,9,,,1,20,,7768,9,,,1,20,,7769,9,,,1,60,,7770,9,,,1,20,,7771,9,,,1,20,,7772,9,,,1,60,,7773,9,,,1,20,,7774,9,,,1,20,,7775,9,,,1,60,,7776,9,,,1,20,,7777,9,,,1,20,,7778,9,,,1,60,,7779,9,,,1,20,,7780,9,,,1,20,,7781,9,,,1,60,,7782,9,,,1
10000,'SatSun',1225,,7783,9,,,1,20,,7784,9,,,1,60,,7785,9,,,1,20,,7786,9,,,1,20,,7787,9,,,1,60,,7788,9,,,1,20,,7789,9,,,1,20,,7790,9,,,1,60,,7791,9,,,1,20,,7792,9,,,1,20,,7793,9,,,1,60,,7794,9,,,1,20,,7795,9,,,1,20,,7796,9,,,1,60,,7797,9,,,1,20,,7798,9,,,1,20,,7799,9,,,1,60,,7800,9,,,1,20,,7801,9,,,1,20,,7802,9,,,1,60,,7803,9,,,1,20,,7804,9,,,1,20,,7805,9,,,1,60,,7806,9,,,1,20,,7807,9,,,1,20,,7808,9,,,1,60,,7809,9,,,1
10000,'Thursday',1913,,7810,9,,,1,20,,7811,9,,,1,20,,7812,9,,,1,60,,7813,9,,,1,20,,7814,9,,,1,20,,7815,9,,,1,65,,7816,9,,,1,20,,7817,9,,,1
11801,'Weekday',613,,8105,15,,,1,32,,8106,15,,,1,68,,8091,15,,,1,30,,8112,15,,,1,70,,8117,15,,,1,30,,8095,15,,,1,70,,8100,15,,,1,30,,8116,15,,,1,70,,8115,15,,,1,30,,8099,15,,,1,70,,8094,15,,,1,30,,8096,15,,,1,70,,8118,15,,,1,30,,8108,15,,,1,73,,8111,15,,,1,24,,8092,15,,,1,71,,8114,15,,,1,23,,8102,15,,,1,76,,8093,15,,,1,25,,8097,15,,,1,71,,8104,15,,,1,30,,8101,15,,,1,73,,8110,15,,,1,35,,8109,15,,,1,70,,8113,15,,,1,25,,8107,15,,,1,70,,8098,15,,,1,30,,8103,15,,,1
21100,'Weekday',619,,8291,4,,,1,30,,8292,4,,,1,70,,8293,4,,,1,30,,8294,4,,,1,70,,8295,4,,,1,30,,8296,4,,,1,567,,8302,4,,,1,229,,8297,4,,,1,70,,8298,4,,,1,30,,8299,4,,,1,70,,8300,4,,,1,30,,8301,4,,,1
90000,'Canada Day',531,,10767,14,,,1,70,,10768,14,,,1,30,,10769,14,,,1,70,,10770,14,,,1,15,,10772,3,,,1,15,,10771,14,,,1,18,,10774,3,,,1,5,,10773,14,,,1,57,,10776,3,,,1,13,,10775,14,,,1,5,,10777,3,,,1,23,,10778,14,,,1,7,,10780,3,,,1,56,,10779,14,,,1,11,,10782,3,,,1,19,,10781,14,,,1,14,,10783,3,,,1,66,,10785,3,,,1,1,,10784,14,,,1,22,,10787,3,,,1,56,,10786,14,,,1,14,,10789,3,,,1,16,,10788,14,,,1,14,,10791,3,,,1,56,,10790,14,,,1,19,,10793,3,,,1,16,,10792,14,,,1,19,,10795,3,,,1,48,,10794,14,,,1,17,,10797,3,,,1,16,,10796,14,,,1,14,,10799,3,,,1,51,,10798,14,,,1,14,,10801,3,,,1,16,,10800,14,,,1,14,,10803,3,,,1,56,,10802,14,,,1,14,,10805,3,,,1,16,,10804,14,,,1,14,,10807,3,,,1,56,,10806,14,,,1,19,,10809,3,,,1,11,,10808,14,,,1,14,,10811,3,,,1,56,,10810,14,,,1,14,,10813,3,,,1,15,,10814,3,,,1,6,,10812,14,,,1,16,,10816,3,,,1,56,,10815,14,,,1,14,,10818,3,,,1,16,,10817,14,,,1,18,,10819,14,,,1,55,,10821,3,,,1,15,,10820,14,,,1,20,,10823,3,,,1,10,,10822,14,,,1,55,,10824,14,,,1,17,,10826,3,,,1,15,,10825,14,,,1,55,,10828,3,,,1,17,,10827,14,,,1,13,,10829,3,,,1,21,,10830,14,,,1,79,,10831,14,,,1,70,,10832,14,,,1
90000,'SatSun',531,,10833,14,,,1,70,,10834,14,,,1,30,,10835,14,,,1,70,,10836,14,,,1,15,,10869,3,,,1,15,,10837,14,,,1,18,,10870,3,,,1,5,,10838,14,,,1,57,,10871,3,,,1,13,,10839,14,,,1,5,,10872,3,,,1,27,,10840,14,,,1,3,,10873,3,,,1,56,,10841,14,,,1,14,,10874,3,,,1,16,,10842,14,,,1,14,,10875,3,,,1,61,,10876,3,,,1,6,,10843,14,,,1,22,,10877,3,,,1,56,,10844,14,,,1,14,,10878,3,,,1,16,,10845,14,,,1,14,,10879,3,,,1,56,,10846,14,,,1,19,,10880,3,,,1,16,,10847,14,,,1,19,,10881,3,,,1,48,,10848,14,,,1,17,,10882,3,,,1,16,,10849,14,,,1,14,,10883,3,,,1,51,,10850,14,,,1,14,,10884,3,,,1,16,,10851,14,,,1,14,,10885,3,,,1,56,,10852,14,,,1,14,,10886,3,,,1,16,,10853,14,,,1,14,,10887,3,,,1,56,,10854,14,,,1,19,,10888,3,,,1,11,,10855,14,,,1,14,,10889,3,,,1,56,,10856,14,,,1,14,,10890,3,,,1,15,,10891,3,,,1,6,,10857,14,,,1,16,,10892,3,,,1,56,,10858,14,,,1,14,,10893,3,,,1,16,,10859,14,,,1,18,,10860,14,,,1,55,,10894,3,,,1,15,,10861,14,,,1,15,,10895,3,,,1,15,,10862,14,,,1,55,,10863,14,,,1,17,,10896,3,,,1,15,,10864,14,,,1,55,,10897,3,,,1,17,,10865,14,,,1,13,,10898,3,,,1,21,,10866,14,,,1,79,,10867,14,,,1,70,,10868,14,,,1
90000,'Weekday',531,,10911,14,,,1,20,,10946,3,,,1,6,,10917,14,,,1,51,,10981,3,,,1,13,,10899,14,,,1,11,,10947,3,,,1,13,,10918,14,,,1,11,,10948,3,,,1,53,,10919,14,,,1,12,,10949,3,,,1,12,,10920,14,,,1,11,,10950,3,,,1,13,,10921,14,,,1,51,,10951,3,,,1,8,,10900,14,,,1,16,,10952,3,,,1,13,,10922,14,,,1,11,,10953,3,,,1,53,,10923,14,,,1,11,,10954,3,,,1,15,,10924,14,,,1,17,,10955,3,,,1,7,,10901,14,,,1,52,,10956,3,,,1,12,,10925,14,,,1,12,,10957,3,,,1,12,,10926,14,,,1,12,,10958,3,,,1,52,,10927,14,,,1,12,,10959,3,,,1,12,,10902,14,,,1,12,,10960,3,,,1,12,,10928,14,,,1,56,,10961,3,,,1,8,,10929,14,,,1,16,,10962,3,,,1,8,,10930,14,,,1,12,,10963,3,,,1,52,,10931,14,,,1,12,,10964,3,,,1,12,,10932,14,,,1,13,,10965,3,,,1,11,,10903,14,,,1,53,,10966,3,,,1,11,,10933,14,,,1,13,,10967,3,,,1,11,,10934,14,,,1,53,,10968,3,,,1,11,,10935,14,,,1,13,,10969,3,,,1,11,,10936,14,,,1,13,,10970,3,,,1,11,,10904,14,,,1,53,,10971,3,,,1,11,,10937,14,,,1,13,,10972,3,,,1,11,,10938,14,,,1,53,,10973,3,,,1,11,,10939,14,,,1,13,,10974,3,,,1,11,,10905,14,,,1,13,,10975,3,,,1,11,,10940,14,,,1,53,,10907,3,,,1,11,,10941,14,,,1,13,,10976,3,,,1,11,,10942,14,,,1,53,,10977,3,,,1,11,,10943,14,,,1,13,,10978,3,,,1,11,,10944,14,,,1,13,,10908,3,,,1,11,,10945,14,,,1,53,,10979,3,,,1,11,,10906,14,,,1,13,,10980,3,,,1,6,,10912,14,,,1,62,,10913,14,,,1,24,,10914,14,,,1,24,,10915,14,,,1,64,,10916,14,,,1,24,,10909,14,,,1,64,,10910,14,,,1
91600,'Canada Day',519,,12509,3,,,1,30,,12510,3,,,1,77,,12511,3,,,1,30,,12512,3,,,1,73,,12513,3,,,1,30,,12514,3,,,1,70,,12515,3,,,1,25,,12516,3,,,1,65,,12517,3,,,1,30,,12518,3,,,1,70,,12519,3,,,1,39,,12520,3,,,1,70,,12521,3,,,1,30,,12522,3,,,1,65,,12523,3,,,1,35,,12524,3,,,1,70,,12525,3,,,1,30,,12526,3,,,1,70,,12527,3,,,1,30,,12528,3,,,1,70,,12529,3,,,1,73,,12530,3,,,1,30,,12531,3,,,1,70,,12532,3,,,1,30,,12533,3,,,1,70,,12534,3,,,1,30,,12535,3,,,1,69,,12536,3,,,1,26,,12537,3,,,1,30,,12538,3,,,1,70,,12539,3,,,1,30,,12540,3,,,1,80,,12541,3,,,1,70,,12542,3,,,1,30,,12543,3,,,1,70,,12544,3,,,1,30,,12545,3,,,1,70,,12546,3,,,1
91600,'Overnight',2206,,12547,3,,,1,30,,12548,3,,,1,70,,12549,3,,,1
91600,'SatSun',519,,12552,3,,,1,30,,12553,3,,,1,77,,12554,3,,,1,30,,12555,3,,,1,73,,12556,3,,,1,30,,12557,3,,,1,70,,12558,3,,,1,25,,12559,3,,,1,65,,12560,3,,,1,30,,12561,3,,,1,70,,12562,3,,,1,39,,12563,3,,,1,70,,12564,3,,,1,30,,12565,3,,,1,65,,12566,3,,,1,35,,12567,3,,,1,70,,12568,3,,,1,30,,12569,3,,,1,70,,12570,3,,,1,30,,12571,3,,,1,70,,12572,3,,,1,73,,12573,3,,,1,30,,12574,3,,,1,70,,12575,3,,,1,30,,12576,3,,,1,70,,12577,3,,,1,30,,12578,3,,,1,69,,12579,3,,,1,26,,12580,3,,,1,30,,12581,3,,,1,70,,12582,3,,,1,30,,12583,3,,,1,80,,12584,3,,,1,200,,12585,3,,,1,70,,12586,3,,,1
91600,'Weekday',413,,12587,3,,,1,30,,12588,3,,,1,70,,12589,3,,,1,30,,12590,3,,,1,71,,12591,3,,,1,20,,12592,3,,,1,20,,12593,3,,,1,60,,12594,3,,,1,20,,12595,3,,,1,20,,12596,3,,,1,60,,12597,3,,,1,20,,12598,3,,,1,20,,12599,3,,,1,60,,12600,3,,,1,20,,12601,3,,,1,20,,12602,3,,,1,60,,12603,3,,,1,20,,12604,3,,,1,20,,12605,3,,,1,60,,12606,3,,,1,20,,12607,3,,,1,20,,12608,3,,,1,60,,12609,3,,,1,20,,12610,3,,,1,20,,12611,3,,,1,60,,12612,3,,,1,20,,12613,3,,,1,20,,12614,3,,,1,60,,12615,3,,,1,20,,12616,3,,,1,20,,12617,3,,,1,62,,12618,3,,,1,18,,12619,3,,,1,20,,12620,3,,,1,60,,12621,3,,,1,20,,12622,3,,,1,25,,12623,3,,,1,60,,12624,3,,,1,20,,12625,3,,,1,20,,12626,3,,,1,60,,12627,3,,,1,20,,12628,3,,,1,20,,12629,3,,,1,65,,12630,3,,,1,25,,12631,3,,,1,70,,12632,3,,,1,30,,12633,3,,,1,70,,12634,3,,,1,30,,12635,3,,,1,188,,12637,3,,,1,64,,12638,3,,,1
91700,'Canada Day',851,,12780,13,,,1,70,,12781,13,,,1,30,,12782,13,,,1,70,,12783,13,,,1,30,,12784,13,,,1,70,,12785,13,,,1,27,,12786,13,,,1,73,,12787,13,,,1,30,,12788,13,,,1,67,,12789,13,,,1,33,,12790,13,,,1,68,,12791,13,,,1,32,,12792,13,,,1,70,,12793,13,,,1,30,,12794,13,,,1,70,,12795,13,,,1,30,,12796,13,,,1,70,,12797,13,,,1,30,,12798,13,,,1,70,,12799,13,,,1,30,,12800,13,,,1,70,,12801,13,,,1,30,,12802,13,,,1,70,,12803,13,,,1
91700,'SatSun',851,,12824,13,,,1,70,,12825,13,,,1,30,,12826,13,,,1,70,,12827,13,,,1,30,,12828,13,,,1,70,,12829,13,,,1,27,,12830,13,,,1,73,,12831,13,,,1,30,,12832,13,,,1,67,,12833,13,,,1,33,,12834,13,,,1,68,,12835,13,,,1,32,,12836,13,,,1,70,,12837,13,,,1,30,,12838,13,,,1,70,,12839,13,,,1,30,,12840,13,,,1,70,,12841,13,,,1,30,,12842,13,,,1,70,,12843,13,,,1,30,,12844,13,,,1,70,,12845,13,,,1,30,,12846,13,,,1,70,,12847,13,,,1
91701,'Canada Day',513,,12896,15,,,1,99,,12897,53,,,1,35,,12899,15,,,1,64,,12898,53,,,1,30,,12900,53,,,1,68,,12901,53,0,55 56 57,1,30,,12902,53,0,55 56 57,1,70,,12903,53,0,55 56 57,1,30,,12904,53,0,55 56 57,1,70,,12905,53,0,55 56 57,1,30,,12906,53,0,55 56 57,1,70,,12907,53,0,55 56 57,1,30,,12908,53,0,55 56 57,1,70,,12909,53,0,55 56 57,1,30,,12910,53,0,55 56 57,1,70,,12911,53,0,55 56 57,1,30,,12912,53,0,55 56 57,1,70,,12913,53,0,55 56 57,1,33,,12914,53,0,55 56 57,1,70,,12915,53,0,55 56 57,1,33,,12916,53,0,55 56 57,1,70,,12917,53,0,55 56 57,1,30,,12918,53,0,55 56 57,1,70,,12919,53,0,55 56 57,1,30,,12920,53,0,55 56 57,1,70,,12921,53,0,55 56 57,1,27,,12922,53,0,55 56 57,1,72,,12923,53,0,55 56 57,1,30,,12924,53,0,55 56 57,1,75,,12925,53,,,1,30,,12926,53,,,1,70,,12927,53,,,1,25,,12928,53,,,1,70,,12929,53,,,1,25,,12930,53,,,1,67,,12931,53,,,1,28,,12932,53,,,1
91701,'Overnight',2230,,12934,15,,,1,70,,12935,15,,,1
91701,'SatSun',513,,12936,15,,,1,30,,12937,15,,,1,69,,12939,53,,,1,35,,12938,15,,,1,64,,12940,53,,,1,30,,12941,53,,,1,68,,12942,53,0,55 56 57,1,30,,12943,53,0,55 56 57,1,70,,12944,53,0,55 56 57,1,30,,12945,53,0,55 56 57,1,70,,12946,53,0,55 56 57,1,30,,12947,53,0,55 56 57,1,70,,12948,53,0,55 56 57,1,30,,12949,53,0,55 56 57,1,70,,12950,53,0,55 56 57,1,30,,12951,53,0,55 56 57,1,70,,12952,53,0,55 56 57,1,30,,12953,53,0,55 56 57,1,70,,12954,53,0,55 56 57,1,33,,12955,53,0,55 56 57,1,70,,12956,53,0,55 56 57,1,33,,12957,53,0,55 56 57,1,70,,12958,53,0,55 56 57,1,30,,12959,53,0,55 56 57,1,70,,12960,53,0,55 56 57,1,30,,12961,53,0,55 56 57,1,70,,12962,53,0,55 56 57,1,27,,12963,53,0,55 56 57,1,72,,12964,53,0,55 56 57,1,30,,12965,53,0,55 56 57,1,75,,12966,53,,,1,30,,12967,53,,,1,70,,12968,53,,,1,25,,12969,53,,,1,70,,12970,53,,,1,25,,12971,53,,,1,67,,12972,53,,,1,28,,12973,53,,,1
91701,'Weekday',447,,13004,38,,,1,70,,12997,38,,,1,30,,12987,53,,,1,76,,13009,53,,,1,30,,12999,53,,,1,70,,13014,53,,,1,34,,12980,53,,,1,70,,12991,53,,,1,30,,12976,53,,,1,79,,13008,53,,,1,70,,13002,53,,,1,30,,12975,53,,,1,70,,12978,53,,,1,32,,13013,53,,,1,75,,13006,53,,,1,30,,12995,53,,,1,66,,12993,53,,,1,40,,12982,53,,,1,75,,12989,53,,,1,25,,13001,53,,,1,70,,12998,53,,,1,28,,12983,53,,,1,70,,13005,53,,,1,30,,12977,53,,,1,70,,12992,53,,,1,25,,13000,53,,,1,76,,12979,53,,,1,30,,13010,53,,,1,70,,13011,53,,,1,30,,13003,53,,,1,70,,12996,53,,,1,30,,12981,53,,,1,70,,12994,53,,,1,30,,12984,53,,,1,70,,12985,53,,,1,30,,12986,53,,,1,61,,13007,53,,,1,30,,12988,53,,,1
92000,'Weekday',641,,13026,3,,,1,70,,13027,3,,,1,30,,13028,3,,,1,70,,13029,3,,,1,30,,13030,3,,,1,70,,13031,3,,,1,30,,13032,3,,,1,9,,13038,20,,,1,60,,13039,20,,,1,20,,13040,20,,,1,20,,13041,20,,,1,60,,13042,20,,,1,10,,13060,20,,,1,10,,13043,20,,,1,15,,13044,20,,,1,60,,13045,20,,,1,20,,13046,20,,,1,20,,13047,20,,,1,60,,13048,20,,,1,20,,13049,20,,,1,24,,13050,20,,,1,60,,13051,20,,,1,20,,13052,20,,,1,20,,13053,20,,,1,60,,13054,20,,,1,21,,13055,20,,,1,20,,13056,20,,,1,60,,13057,20,,,1,1,,13033,3,,,1,19,,13058,20,,,1,11,,13034,3,,,1,70,,13035,3,,,1,30,,13036,3,,,1,70,,13037,3,,,1,30,,13061,3,,,1,70,,13062,3,,,1,23,,13059,20,,,1,20,,13015,20,,,1,55,,13016,20,,,1,25,,13017,20,,,1,75,,13018,20,,,1,25,,13019,20,,,1,70,,13020,20,,,1,30,,13021,20,,,1,70,,13022,20,,,1,30,,13023,20,,,1,25,,13024,20,,,1,75,,13025,20,,,1
92100,'Weekday',650,,13124,20,,,1,50,,13112,20,,,1,20,,13117,20,,,1,20,,13108,20,,,1,60,,13121,20,,,1,20,,13115,20,,,1,20,,13119,20,,,1,60,,13113,20,,,1,14,,13114,20,,,1,738,,13110,20,,,1,55,,13120,20,,,1,20,,13107,20,,,1,20,,13118,20,,,1,62,,13116,20,,,1,20,,13109,20,,,1,20,,13111,20,,,1,60,,13122,20,,,1,16,,13123,20,,,1
1400000100,'Overnight',305,,13146,16,,,1,30,,13219,16,,,1,23,,13220,16,,,1,70,,13149,16,,,1,30,,13150,16,,,1,1879,,13159,16,,,1,68,,13151,16,,,1,34,,13158,16,,,1,75,,13156,16,,,1,21,,13160,16,,,1,70,,13155,16,,,1,30,,13153,16,,,1,70,,13152,16,,,1,30,,13154,16,,,1,71,,13161,16,,,1,22,,13157,16,,,1,30,,13162,16,,,1
