30200,'SatSun',707,,707,47,,,1,30,,708,47,,,1,70,,709,47,,,1,30,,710,47,,,1,70,,711,47,,,1,30,,712,47,,,1,70,,713,47,,,1,30,,714,47,,,1,70,,715,47,,,1,30,,716,47,,,1,70,,717,47,,,1,30,,718,47,,,1,70,,719,47,,,1,30,,720,47,,,1,70,,721,47,,,1,30,,722,47,,,1,70,,723,47,,,1,30,,724,47,,,1,70,,725,47,,,1,30,,726,47,,,1,70,,727,47,,,1,30,,728,47,,,1,70,,729,47,,,1,30,,730,47,,,1,70,,731,47,,,1,30,,732,47,,,1,70,,733,47,,,1,30,,734,47,,,1,70,,735,47,,,1,30,,736,47,,,1,70,,737,47,,,1,30,,738,47,,,1,80,,739,47,,,1,20,,740,47,,,1
30200,'Weekday',506,,755,21,,,1,30,,770,21,,,1,76,,743,47,,,1,30,,760,47,,,1,67,,768,47,,,1,30,,767,47,,,1,70,,744,47,,,1,30,,757,47,,,1,70,,772,47,,,1,30,,752,47,,,1,70,,748,47,,,1,30,,742,47,,,1,70,,763,47,,,1,30,,777,47,,,1,70,,769,47,,,1,30,,758,47,,,1,70,,751,47,,,1,30,,753,47,,,1,70,,749,47,,,1,34,,780,47,,,1,70,,747,47,,,1,30,,759,47,,,1,70,,754,47,,,1,30,,756,47,,,1,60,,774,47,,,1,20,,745,47,,,1,25,,766,47,,,1,70,,765,47,,,1,2,,764,45,0,5 16 17,1,20,,746,45,0,5 16 17,1,8,,771,47,,,1,62,,762,45,0,5 16 17,1,2,,741,47,,,1,30,,773,47,,,1,70,,782,47,,,1,30,,750,47,,,1,70,,775,47,,,1,30,,779,47,,,1,70,,781,47,,,1,30,,778,47,,,1,83,,776,47,,,1
40700,'Weekday',616,,1307,42,0,29 16 17,1,22,,1308,39,,,1,78,,1309,42,0,29 16 17,1,13,,1310,39,,,1,83,,1311,42,0,29 16 17,1,30,,1312,39,,,1,69,,1313,42,0,29 16 17,1,27,,1314,39,,,1,73,,1315,42,0,29 16 17,1,27,,1316,39,,,1,73,,1317,42,0,29 16 17,1,14,,1318,39,,,1,32,,1319,42,0,29 16 17,1,67,,1320,39,,,1,33,,1321,42,0,29 16 17,1,77,,1322,39,,,1,73,,1323,42,0,29 16 17,1,27,,1324,39,,,1,73,,1325,42,0,29 16 17,1,27,,1326,39,,,1,83,,1327,42,0,29 16 17,1,17,,1328,39,,,1,84,,1329,42,0,29 16 17,1,16,,1330,39,,,1,84,,1331,42,0,29 16 17,1,26,,1332,39,,,1,74,,1333,42,0,29 16 17,1,26,,1334,39,,,1,80,,1335,39,,,1,20,,1336,39,,,1,70,,1337,39,,,1,30,,1338,39,,,1,70,,1306,39,,,1,30,,1339,39,,,1
61801,'Weekday',1115,,2113,35,0,7 44,1,130,,2114,35,0,7 44,1,585,,2117,35,0,7 44,1,170,,2118,35,0,7 44,1,130,,2119,35,0,7 44,1
90101,'SatSun',2214,,2622,5,0,7 24 25,1,41,,2655,5,0,7 24 25,1
90101,'Weekday',2255,,2751,5,0,7 24 25,1
90501,'SatSun',551,,3054,6,,,1,70,,3055,6,,,1,28,,3043,42,,,1,72,,3056,6,,,1,30,,3057,6,,,1,68,,3044,42,,,1,32,,3058,6,,,1,70,,3059,6,,,1,28,,3045,42,,,1,72,,3060,6,,,1,30,,3061,6,,,1,68,,3046,42,,,1,32,,3062,6,,,1,70,,3063,6,,,1,28,,3047,42,,,1,72,,3070,6,,,1,30,,3071,6,,,1,68,,3048,42,,,1,32,,3072,6,,,1,70,,3073,6,,,1,28,,3049,42,,,1,72,,3074,6,,,1,30,,3075,6,,,1,68,,3050,42,,,1,32,,3076,6,,,1,70,,3064,6,,,1,28,,3051,42,,,1,72,,3065,6,,,1,30,,3066,6,,,1,68,,3052,42,,,1,32,,3067,6,,,1,70,,3068,6,,,1,83,,3053,42,,,1,17,,3069,6,,,1
90501,'Weekday',536,,3088,6,,,1,70,,3089,6,,,1,30,,3077,42,,,1,11,,3113,6,,,1,55,,3090,6,,,1,17,,3114,6,,,1,13,,3091,6,,,1,15,,3115,6,,,1,59,,3078,42,,,1,11,,3116,6,,,1,15,,3092,6,,,1,15,,3117,6,,,1,55,,3093,6,,,1,15,,3118,6,,,1,19,,3079,42,,,1,11,,3119,6,,,1,55,,3094,6,,,1,15,,3120,6,,,1,15,,3095,6,,,1,15,,3121,6,,,1,55,,3080,42,,,1,15,,3122,6,,,1,15,,3096,6,,,1,15,,3123,6,,,1,55,,3097,6,,,1,15,,3124,6,,,1,15,,3081,42,,,1,14,,3125,6,,,1,54,,3098,6,,,1,16,,3126,6,,,1,14,,3099,6,,,1,16,,3127,6,,,1,63,,3082,42,,,1,14,,3128,6,,,1,15,,3100,6,,,1,15,,3129,6,,,1,55,,3101,6,,,1,15,,3130,6,,,1,15,,3083,42,,,1,19,,3131,6,,,1,55,,3102,6,,,1,15,,3132,6,,,1,15,,3103,6,,,1,70,,3084,42,,,1,15,,3133,6,,,1,15,,3104,6,,,1,15,,3134,6,,,1,55,,3105,6,,,1,15,,3135,6,,,1,15,,3085,42,,,1,70,,3106,6,,,1,30,,3107,6,,,1,70,,3086,42,,,1,30,,3108,6,,,1,70,,3109,6,,,1,30,,3087,42,,,1,70,,3110,6,,,1,30,,3111,6,,,1,59,,3112,42,,,1
92000,'Weekday',744,,3677,48,,,1,65,,3678,48,,,1,15,,3679,48,,,1,20,,3680,48,,,1,60,,3681,48,,,1,15,,3682,48,,,1,25,,3683,48,,,1,15,,3684,48,,,1,60,,3685,48,,,1,15,,3693,65,,,1,20,,3694,65,,,1,60,,3695,65,,,1,20,,3696,65,,,1,20,,3697,65,,,1,50,,3715,65,,,1,10,,3698,65,,,1,15,,3699,65,,,1,20,,3700,65,,,1,60,,3701,65,,,1,20,,3702,65,,,1,20,,3703,65,,,1,60,,3704,65,,,1,34,,3705,65,,,1,60,,3706,65,,,1,20,,3707,65,,,1,20,,3708,65,,,1,60,,3709,65,,,1,16,,3710,65,,,1,20,,3711,65,,,1,20,,3712,65,,,1,42,,3686,48,,,1,18,,3713,65,,,1,12,,3687,48,,,1,70,,3689,48,,,1,15,,3688,48,,,1,5,,3690,48,,,1,20,,3691,48,,,1,60,,3692,48,,,1,117,,3714,65,,,1,20,,3666,65,,,1,15,,3667,65,,,1,65,,3668,65,,,1,35,,3669,65,,,1,65,,3670,65,,,1,30,,3671,65,,,1,70,,3672,65,,,1,30,,3673,65,,,1,70,,3674,65,,,1,25,,3675,65,,,1,75,,3676,65,,,1
92100,'Weekday',731,,3784,30,,,1,10,,3772,30,,,1,60,,3777,30,,,1,20,,3768,30,,,1,20,,3781,30,,,1,60,,3775,30,,,1,20,,3779,30,,,1,20,,3773,30,,,1,12,,3774,30,,,1,782,,3770,30,,,1,15,,3780,30,,,1,60,,3767,30,,,1,20,,3778,30,,,1,22,,3776,30,,,1,60,,3769,30,,,1,20,,3771,30,,,1,20,,3782,30,,,1,7,,3783,30,,,1
1400000201,'Overnight',305,,3863,4,,,1,30,,3858,4,,,1,70,,3862,4,,,1,30,,3856,4,,,1,67,,3857,4,,,1,30,,3859,4,,,1,1801,,3853,4,,,1,70,,3865,4,,,1,31,,3864,4,,,1,70,,3854,4,,,1,28,,3855,4,,,1,70,,3860,4,,,1,30,,3861,4,,,1,73,,3868,4,,,1,30,,3869,4,,,1,70,,3870,4,,,1,30,,3871,4,,,1,67,,3872,4,,,1,30,,3873,4,,,1
