30100,'Weekday',608,,672,1,,,1,30,,670,1,,,1,70,,674,1,,,1,31,,675,1,,,1,78,,666,1,,,1,93,,654,1,,,1,30,,655,1,,,1,70,,656,1,,,1,28,,657,1,,,1,70,,658,1,,,1,32,,659,1,,,1,65,,660,1,,,1,35,,661,1,,,1,70,,662,1,,,1,30,,663,1,,,1,70,,664,1,,,1,30,,665,1,,,1,70,,669,1,,,1,45,,667,1,,,1,82,,676,1,,,1,70,,678,1,,,1,30,,677,1,,,1,70,,673,1,,,1,30,,668,1,,,1,85,,679,1,,,1
30101,'Weekday',527,,699,27,4,,1,75,,706,27,4,,1,43,,703,27,4,,1,70,,697,27,4,,1,30,,705,27,4,,1,82,,698,27,4,,1,78,,681,27,4,,1,43,,682,27,4,,1,72,,683,27,4,,1,30,,684,27,4,,1,68,,685,27,4,,1,30,,686,27,4,,1,72,,687,27,4,,1,25,,688,27,4,,1,75,,689,27,4,,1,30,,690,27,4,,1,70,,691,27,4,,1,30,,692,27,4,,1,70,,693,27,4,,1,30,,694,27,4,,1,85,,696,27,4,,1,82,,704,27,4,,1,30,,701,27,4,,1,70,,695,27,4,,1,30,,700,27,4,,1,70,,702,27,4,,1
30200,'SatSun',625,,707,1,,,1,30,,708,1,,,1,70,,709,1,,,1,30,,710,1,,,1,70,,711,1,,,1,30,,712,1,,,1,70,,713,1,,,1,30,,714,1,,,1,70,,715,1,,,1,30,,716,1,,,1,70,,717,1,,,1,30,,718,1,,,1,70,,719,1,,,1,30,,720,1,,,1,70,,721,1,,,1,30,,722,1,,,1,70,,723,1,,,1,30,,724,1,,,1,70,,725,1,,,1,30,,726,1,,,1,70,,727,1,,,1,30,,728,1,,,1,70,,729,1,,,1,30,,730,1,,,1,70,,731,1,,,1,30,,732,1,,,1,70,,733,1,,,1,30,,734,1,,,1,70,,735,1,,,1,30,,736,1,,,1,70,,737,1,,,1,30,,738,1,,,1,80,,739,1,,,1,20,,740,1,,,1
30200,'Weekday',525,,743,1,,,1,30,,760,1,,,1,67,,768,1,,,1,30,,767,1,,,1,70,,744,1,,,1,30,,757,1,,,1,70,,772,1,,,1,30,,752,1,,,1,70,,748,1,,,1,30,,742,1,,,1,70,,763,1,,,1,30,,777,1,,,1,70,,769,1,,,1,30,,758,1,,,1,70,,751,1,,,1,30,,753,1,,,1,70,,749,1,,,1,30,,780,1,,,1,70,,747,1,,,1,30,,759,1,,,1,70,,754,1,,,1,30,,756,1,,,1,60,,774,1,,,1,20,,745,1,,,1,16,,761,1,0,10 15,1,9,,766,1,,,1,70,,765,1,,,1,5,,764,1,0,5 16 17,1,20,,746,1,0,5 16 17,1,5,,771,1,,,1,65,,762,1,0,5 16 17,1,5,,741,1,,,1,30,,773,1,,,1,70,,782,1,,,1,30,,750,1,,,1,70,,775,1,,,1,30,,779,1,,,1,70,,781,1,,,1,30,,778,1,,,1,83,,776,1,,,1
30201,'SatSun',628,,783,51,4,,1,30,,784,51,4,,1,70,,785,51,4,,1,30,,786,51,4,,1,70,,787,51,4,,1,30,,788,51,4,,1,70,,789,51,4,,1,30,,790,51,4,,1,74,,799,51,4,,1,70,,800,51,4,,1,30,,801,51,4,,1,70,,802,51,4,,1,30,,803,51,4,,1,70,,804,51,4,,1,30,,805,51,4,,1,70,,806,51,4,,1,30,,807,51,4,,1,70,,808,51,4,,1,30,,809,51,4,,1,70,,810,51,4,,1,30,,811,51,4,,1,70,,812,51,4,,1,30,,813,51,4,,1,70,,814,51,4,,1,30,,815,51,4,,1,26,,791,51,4,,1,70,,792,51,4,,1,30,,793,51,4,,1,70,,794,51,4,,1,30,,795,51,4,,1,70,,796,51,4,,1,30,,797,51,4,,1,70,,798,51,4,,1
30201,'Weekday',515,,850,50,4,,1,30,,853,50,4,,1,58,,820,51,4,,1,10,,837,50,4,,1,25,,858,51,4,,1,12,,843,50,4,,1,58,,822,51,4,,1,12,,828,50,4,,1,23,,840,51,4,,1,70,,841,51,4,,1,30,,832,51,4,,1,70,,833,51,4,,1,30,,857,51,4,,1,70,,831,51,4,,1,30,,839,51,4,,1,70,,844,51,4,,1,30,,834,51,4,,1,70,,835,51,4,,1,30,,827,51,4,,1,60,,847,51,4,,1,33,,823,51,4,,1,70,,816,51,4,,1,30,,818,51,4,,1,70,,854,51,4,,1,35,,845,51,4,,1,70,,819,51,4,,1,15,,849,51,4,,1,15,,846,51,4,,1,15,,852,51,4,,1,60,,825,51,4,,1,15,,817,51,4,,1,15,,842,51,4,,1,55,,824,51,4,,1,15,,830,51,4,,1,30,,838,51,4,,1,70,,821,51,4,,1,23,,856,51,4,,1,70,,836,51,4,,1,30,,851,51,4,,1,70,,855,51,4,,1,30,,829,51,4,,1,70,,848,51,4,,1,30,,826,51,4,,1
30600,'Weekday',610,,859,1,,,1,25,,859,29,4,,1,5,,860,1,,,1,65,,860,29,4,,1,5,,861,1,,,1,25,,861,29,4,,1,5,,862,1,,,1,65,,862,29,4,,1,5,,863,1,,,1,25,,863,29,4,,1,5,,864,1,,,1,65,,864,29,4,,1
30601,'Weekday',1622,,865,1,,,1,26,,865,27,4,,1,4,,866,1,,,1,66,,866,27,4,,1,4,,867,1,,,1,26,,867,27,4,,1,4,,868,1,,,1,66,,868,27,4,,1,4,,869,1,,,1,26,,869,27,4,,1,4,,870,1,,,1,66,,870,27,4,,1
31501,'Weekday',621,,874,1,,,1,11,,874,11,4,,1,19,,881,1,,,1,51,,881,11,4,,1,21,,880,1,,,1,11,,880,11,4,,1,19,,878,1,,,1,51,,878,11,4,,1,19,,877,1,,,1,11,,877,11,4,,1,19,,876,1,,,1,51,,876,11,4,,1,718,,879,1,,,1,11,,879,11,4,,1,19,,871,1,,,1,51,,871,11,4,,1,19,,873,1,,,1,11,,873,11,4,,1,69,,875,1,,,1,11,,875,11,4,,1,19,,872,1,,,1,11,,872,11,4,,1
31900,'Weekday',627,,907,1,,,1,28,,905,1,,,1,72,,902,1,,,1,28,,900,1,,,1,75,,908,1,,,1,29,,882,1,,,1,64,,883,1,,,1,30,,884,1,,,1,70,,885,1,,,1,30,,886,1,,,1,67,,887,1,,,1,35,,888,1,,,1,68,,889,1,,,1,27,,890,1,,,1,73,,891,1,,,1,30,,892,1,,,1,72,,893,1,,,1,28,,894,1,,,1,70,,897,1,,,1,30,,895,1,,,1,69,,898,1,,,1,30,,899,1,,,1,70,,904,1,,,1,30,,901,1,,,1,70,,903,1,,,1,33,,896,1,,,1,70,,906,1,,,1
31901,'Weekday',559,,934,33,4,,1,72,,923,33,4,,1,72,,929,33,4,,1,28,,933,33,4,,1,72,,926,33,4,,1,28,,930,33,4,,1,75,,937,33,4,,1,29,,909,33,4,,1,68,,910,33,4,,1,30,,911,33,4,,1,70,,912,33,4,,1,30,,913,33,4,,1,67,,914,33,4,,1,35,,915,33,4,,1,68,,916,33,4,,1,27,,917,33,4,,1,73,,918,33,4,,1,30,,919,33,4,,1,72,,920,33,4,,1,28,,935,33,4,,1,72,,932,33,4,,1,28,,922,33,4,,1,69,,925,33,4,,1,30,,924,33,4,,1,70,,921,33,4,,1,30,,927,33,4,,1,70,,931,33,4,,1,33,,928,33,4,,1,70,,936,33,4,,1
39200,'Weekday',621,,938,9,4,,1,30,,940,9,4,,1,70,,959,9,4,,1,30,,964,9,4,,1,70,,955,9,4,,1,30,,942,9,4,,1,70,,939,9,4,,1,30,,946,9,4,,1,70,,947,9,4,,1,30,,961,9,4,,1,70,,950,9,4,,1,30,,945,9,4,,1,70,,951,9,4,,1,30,,956,9,4,,1,70,,949,9,4,,1,30,,958,9,4,,1,70,,944,9,4,,1,29,,962,9,4,,1,72,,943,9,4,,1,30,,960,9,4,,1,70,,954,9,4,,1,30,,941,9,4,,1,70,,948,9,4,,1,80,,963,9,4,,1,30,,953,9,4,,1,70,,957,9,4,,1,30,,952,9,4,,1
39201,'Weekday',635,,972,1,,,1,70,,969,1,,,1,30,,989,1,,,1,70,,968,1,,,1,30,,974,1,,,1,70,,988,1,,,1,30,,987,1,,,1,70,,985,1,,,1,30,,965,1,,,1,70,,970,1,,,1,30,,990,1,,,1,70,,982,1,,,1,30,,979,1,,,1,70,,966,1,,,1,30,,976,1,,,1,70,,971,1,,,1,26,,984,1,,,1,75,,978,1,,,1,30,,973,1,,,1,70,,980,1,,,1,30,,977,1,,,1,70,,967,1,,,1,40,,986,1,,,1,70,,975,1,,,1,30,,983,1,,,1,70,,981,1,,,1
90500,'SatSun',610,,2951,1,0,5 19,1,30,,2963,1,0,7 20 21,1,70,,2964,1,0,7 20 21,1,30,,2952,1,0,5 19,1,70,,2965,1,0,7 20 21,1,30,,2966,1,0,7 20 21,1,70,,2953,1,0,5 19,1,30,,2967,1,0,7 20 21,1,70,,2968,1,0,7 20 21,1,30,,2954,1,0,5 19,1,70,,2969,1,0,7 20 21,1,30,,2970,1,0,7 20 21,1,70,,2955,1,0,5 19,1,30,,2971,1,0,7 20 21,1,70,,2972,1,0,7 20 21,1,30,,2956,1,0,5 19,1,70,,2973,1,0,7 20 21,1,30,,2974,1,0,7 20 21,1,70,,2957,1,0,5 19,1,30,,2975,1,0,7 20 21,1,70,,2976,1,0,7 20 21,1,30,,2958,1,0,5 19,1,70,,2977,1,0,7 20 21,1,30,,2978,1,0,7 20 21,1,70,,2959,1,0,5 19,1,30,,2979,1,0,7 20 21,1,70,,2980,1,0,7 20 21,1,30,,2960,1,0,5 19,1,70,,2981,1,0,7 20 21,1,30,,2982,1,0,7 20 21,1,70,,2961,1,0,5 19,1,30,,2983,1,0,7 20 21,1,70,,2984,1,0,7 20 21,1,30,,2962,1,0,5 19,1
90500,'Weekday',549,,3008,1,0,5 19,1,71,,2985,1,0,7 20 21,1,30,,2986,1,0,7 20 21,1,55,,3020,1,0,7 20 21,1,14,,3009,1,0,5 19,1,16,,3021,1,0,7 20 21,1,15,,2987,1,0,7 20 21,1,55,,3022,1,0,7 20 21,1,15,,2988,1,0,7 20 21,1,15,,3023,1,0,7 20 21,1,14,,3010,1,0,5 19,1,56,,3024,1,0,7 20 21,1,15,,2989,1,0,7 20 21,1,15,,3025,1,0,7 20 21,1,15,,2990,1,0,7 20 21,1,55,,3026,1,0,7 20 21,1,14,,3011,1,0,5 19,1,16,,3027,1,0,7 20 21,1,15,,2991,1,0,7 20 21,1,55,,3028,1,0,7 20 21,1,15,,2992,1,0,7 20 21,1,15,,3029,1,0,7 20 21,1,14,,3012,1,0,5 19,1,55,,3030,1,0,7 20 21,1,14,,2993,1,0,7 20 21,1,16,,3031,1,0,7 20 21,1,14,,2994,1,0,7 20 21,1,56,,3032,1,0,7 20 21,1,22,,3013,1,0,5 19,1,15,,3033,1,0,7 20 21,1,15,,2995,1,0,7 20 21,1,55,,3034,1,0,7 20 21,1,15,,2996,1,0,7 20 21,1,11,,3035,1,0,7 20 21,1,19,,3014,1,0,5 19,1,55,,3036,1,0,7 20 21,1,15,,2997,1,0,7 20 21,1,15,,3037,1,0,7 20 21,1,15,,2998,1,0,7 20 21,1,55,,3038,1,0,7 20 21,1,15,,3015,1,0,5 19,1,15,,3039,1,0,7 20 21,1,15,,2999,1,0,7 20 21,1,55,,3040,1,0,7 20 21,1,15,,3000,1,0,7 20 21,1,15,,3041,1,0,7 20 21,1,15,,3016,1,0,5 19,1,53,,3042,1,0,7 20 21,1,17,,3001,1,0,7 20 21,1,30,,3002,1,0,7 20 21,1,70,,3017,1,0,5 19,1,30,,3003,1,0,7 20 21,1,70,,3004,1,0,7 20 21,1,30,,3018,1,0,5 19,1,70,,3005,1,0,7 20 21,1,30,,3006,1,0,7 20 21,1,70,,3019,1,0,5 19,1,30,,3007,1,0,7 20 21,1
90501,'SatSun',620,,3054,43,4,,1,30,,3055,43,4,,1,68,,3043,79,4,,1,32,,3056,43,4,,1,70,,3057,43,4,,1,28,,3044,79,4,,1,72,,3058,43,4,,1,30,,3059,43,4,,1,68,,3045,79,4,,1,32,,3060,43,4,,1,70,,3061,43,4,,1,28,,3046,79,4,,1,72,,3062,43,4,,1,30,,3063,43,4,,1,69,,3047,79,4,,1,32,,3070,43,4,,1,70,,3071,43,4,,1,28,,3048,79,4,,1,72,,3072,43,4,,1,30,,3073,43,4,,1,68,,3049,79,4,,1,32,,3074,43,4,,1,70,,3075,43,4,,1,28,,3050,79,4,,1,72,,3076,43,4,,1,29,,3064,43,4,,1,68,,3051,79,4,,1,32,,3065,43,4,,1,70,,3066,43,4,,1,28,,3052,79,4,,1,72,,3067,43,4,,1,30,,3068,43,4,,1,83,,3053,79,4,,1,17,,3069,43,4,,1
90501,'Weekday',604,,3088,43,4,,1,30,,3089,43,4,,1,74,,3077,79,4,,1,11,,3113,43,4,,1,15,,3090,43,4,,1,17,,3114,43,4,,1,53,,3091,43,4,,1,15,,3115,43,4,,1,19,,3078,79,4,,1,11,,3116,43,4,,1,55,,3092,43,4,,1,15,,3117,43,4,,1,15,,3093,43,4,,1,15,,3118,43,4,,1,59,,3079,79,4,,1,11,,3119,43,4,,1,15,,3094,43,4,,1,15,,3120,43,4,,1,55,,3095,43,4,,1,15,,3121,43,4,,1,15,,3080,79,4,,1,15,,3122,43,4,,1,55,,3096,43,4,,1,15,,3123,43,4,,1,15,,3097,43,4,,1,15,,3124,43,4,,1,55,,3081,79,4,,1,14,,3125,43,4,,1,14,,3098,43,4,,1,16,,3126,43,4,,1,54,,3099,43,4,,1,16,,3127,43,4,,1,23,,3082,79,4,,1,14,,3128,43,4,,1,55,,3100,43,4,,1,15,,3129,43,4,,1,15,,3101,43,4,,1,15,,3130,43,4,,1,55,,3083,79,4,,1,19,,3131,43,4,,1,15,,3102,43,4,,1,15,,3132,43,4,,1,55,,3103,43,4,,1,30,,3084,79,4,,1,15,,3133,43,4,,1,55,,3104,43,4,,1,15,,3134,43,4,,1,15,,3105,43,4,,1,15,,3135,43,4,,1,55,,3085,79,4,,1,30,,3106,43,4,,1,70,,3107,43,4,,1,30,,3086,79,4,,1,70,,3108,43,4,,1,30,,3109,43,4,,1,70,,3087,79,4,,1,30,,3110,43,4,,1,70,,3111,43,4,,1,19,,3112,79,4,,1
91700,'SatSun',507,,3505,22,,,1,95,,3506,22,,,1,30,,3507,22,,,1,68,,3508,35,,,1,30,,3509,35,,,1,70,,3510,35,,,1,30,,3511,35,,,1,70,,3512,35,,,1,27,,3513,35,,,1,30,,3514,35,,,1,70,,3515,35,,,1,30,,3516,35,,,1,70,,3517,35,,,1,30,,3518,35,,,1,70,,3519,35,,,1,29,,3520,35,,,1,70,,3521,35,,,1,30,,3522,35,,,1,70,,3523,35,,,1,30,,3524,35,,,1,70,,3525,35,,,1,30,,3526,35,,,1,70,,3527,35,,,1,30,,3528,35,,,1,71,,3529,35,,,1,30,,3530,35,,,1,70,,3531,35,,,1,30,,3532,35,,,1,70,,3533,35,,,1,30,,3534,35,,,1,71,,3535,35,,,1,30,,3536,35,,,1,74,,3537,35,,,1,70,,3538,35,,,1,25,,3539,35,,,1,30,,3540,35,,,1
91700,'Weekday',502,,3584,22,,,1,29,,3566,35,,,1,70,,3583,35,,,1,30,,3550,35,,,1,76,,3549,35,,,1,30,,3547,35,,,1,70,,3582,35,,,1,34,,3564,35,,,1,70,,3556,35,,,1,30,,3563,35,,,1,79,,3555,35,,,1,30,,3578,35,,,1,70,,3567,35,,,1,32,,3560,35,,,1,73,,3559,35,,,1,75,,3577,35,,,1,30,,3557,35,,,1,26,,3573,35,,,1,68,,3546,35,,,1,23,,3580,35,,,1,70,,3565,35,,,1,30,,3545,35,,,1,70,,3561,35,,,1,28,,3572,35,,,1,70,,3575,35,,,1,30,,3554,35,,,1,11,,3551,35,,,1,70,,3558,35,,,1,30,,3569,35,,,1,70,,3552,35,,,1,30,,3548,35,,,1,70,,3568,35,,,1,30,,3570,35,,,1,70,,3574,35,,,1,30,,3581,35,,,1,70,,3571,35,,,1,30,,3579,35,,,1,70,,3562,35,,,1,30,,3553,35,,,1,70,,3576,35,,,1
91701,'SatSun',541,2,3590,16,,,1,95,,3591,16,,,1,70,,3592,16,,,1,30,,3593,16,,,1,70,,3594,16,,,1,30,,3595,16,,,1,70,,3596,16,,,1,30,,3597,16,,,1,70,,3598,16,,,1,30,,3599,16,,,1,70,,3600,16,,,1,30,,3601,16,,,1,70,,3602,16,,,1,30,,3603,16,,,1,70,,3604,16,,,1,30,,3605,16,,,1,70,,3606,16,,,1,30,,3607,16,,,1,70,,3608,16,,,1,30,,3609,16,,,1,70,,3610,16,,,1,30,,3611,16,,,1,70,,3612,16,,,1,30,,3613,16,,,1,70,,3614,16,,,1,30,,3615,16,,,1,70,,3616,16,,,1,34,5,3617,16,,,1,70,5,3618,16,,,1,30,5,3619,16,,,1,65,,3620,16,,,1,30,,3621,16,,,1,71,2,3622,16,,,1,30,2,3623,16,,,1,65,42,3624,16,,,1,30,2,3625,16,0,7 8 9,1
91701,'Weekday',405,,3655,1,,,1,30,,3648,1,,,1,70,,3638,16,,,1,36,,3660,16,,,1,70,,3650,16,,,1,30,,3665,16,,,1,74,,3631,16,,,1,30,,3642,16,,,1,70,,3627,16,,,1,39,,3659,16,,,1,70,,3653,16,,,1,35,,3626,16,,,1,70,,3629,16,,,1,30,,3664,16,,,1,75,,3657,16,,,1,70,,3646,16,,,1,26,,3644,16,,,1,80,,3633,16,,,1,30,,3640,16,,,1,70,,3652,16,,,1,30,,3649,16,,,1,65,,3634,16,,,1,30,,3656,16,,,1,70,,3628,16,,,1,30,,3643,16,,,1,24,,3651,16,,,1,76,,3630,16,,,1,70,,3661,16,,,1,30,,3662,16,,,1,70,,3654,16,,,1,30,,3647,16,,,1,72,,3632,16,,,1,30,,3645,16,,,1,70,,3635,16,,,1,30,,3636,16,,,1,70,,3637,16,,,1,29,,3658,16,,,1,70,,3639,16,,,1,30,,3641,16,0,7 8 9,1,70,,3663,16,0,7 8 9,1
