30201,'Canada Day',550,,8939,3,,,1,70,,8940,3,,,1,30,,8941,3,,,1,70,,8942,3,,,1,30,,8943,3,,,1,70,,8944,3,,,1,30,,8945,3,,,1,70,,8946,3,,,1,30,,8947,3,,,1,70,,8948,3,,,1,30,,8949,3,,,1,70,,8950,3,,,1,30,,8951,3,,,1,70,,8952,3,,,1,30,,8953,3,,,1,70,,8954,3,,,1,30,,8955,3,,,1,70,,8956,3,,,1,30,,8957,3,,,1,70,,8958,3,,,1,30,,8959,3,,,1,70,,8960,3,,,1,30,,8961,3,,,1,70,,8962,3,,,1,30,,8963,3,,,1,70,,8964,3,,,1,30,,8965,3,,,1,70,,8966,3,,,1,30,,8967,3,,,1,70,,8968,3,,,1,30,,8969,3,,,1,70,,8970,3,,,1,30,,8971,3,,,1
30201,'SatSun',550,,8972,3,,,1,70,,8973,3,,,1,30,,8974,3,,,1,70,,8975,3,,,1,30,,8976,3,,,1,70,,8977,3,,,1,30,,8978,3,,,1,70,,8979,3,,,1,30,,8988,3,,,1,70,,8989,3,,,1,30,,8990,3,,,1,70,,8991,3,,,1,30,,8992,3,,,1,70,,8993,3,,,1,30,,8994,3,,,1,70,,8995,3,,,1,30,,8996,3,,,1,70,,8997,3,,,1,30,,8998,3,,,1,70,,8999,3,,,1,30,,9000,3,,,1,70,,9001,3,,,1,30,,9002,3,,,1,70,,9003,3,,,1,30,,9004,3,,,1,70,,8980,3,,,1,30,,8981,3,,,1,70,,8982,3,,,1,30,,8983,3,,,1,70,,8984,3,,,1,30,,8985,3,,,1,70,,8986,3,,,1,30,,8987,3,,,1
30201,'Weekday',415,,9005,3,,,1,32,,9006,3,,,1,75,,9007,3,,,1,30,,9008,3,,,1,70,,9009,3,,,1,30,,9010,3,,,1,70,,9011,3,,,1,30,,9012,3,,,1,70,,9013,3,,,1,30,,9014,3,,,1,67,,9015,3,,,1,30,,9016,3,,,1,70,,9017,3,,,1,30,,9018,3,,,1,70,,9019,3,,,1,30,,9020,3,,,1,70,,9021,3,,,1,29,,9022,3,,,1,70,,9023,3,,,1,30,,9024,3,,,1,70,,9025,3,,,1,34,,9026,3,,,1,70,,9027,3,,,1,30,,9028,3,,,1,70,,9029,3,,,1,30,,9030,3,,,1,70,,9031,3,,,1,30,,9032,3,,,1,66,,9033,3,,,1,30,,9034,3,,,1,70,,9035,3,,,1,34,,9036,3,,,1,66,,9037,3,,,1,30,,9038,3,,,1,70,,9039,3,,,1,30,,9040,3,,,1
40701,'Weekday',816,,9770,3,,,1,22,,9771,3,0,7 26,1,78,,9772,3,,,1,22,,9773,3,0,7 26,1,66,,9774,3,,,1,20,,9775,3,0,7 26,1,80,,9776,3,,,1,20,,9777,3,0,7 26,1,88,,9778,3,,,1,22,,9779,3,0,7 26,1,78,,9780,3,,,1,22,,9781,3,0,7 26,1,78,,9782,3,,,1,32,,9783,3,0,7 26,1,68,,9784,3,,,1,33,,9785,3,0,7 26,1,67,,9786,3,,,1,33,,9787,3,0,7 26,1,77,,9788,3,,,1,23,,9789,3,0,7 26,1,77,,9790,3,,,1,32,,9791,3,0,7 26,1,72,,9792,3,,,1,22,,9793,3,0,7 26,1,82,,9794,3,,,1,73,,9795,3,,,1,27,,9796,3,,,1
61800,'Weekday',1109,,10754,3,,,1,130,,10755,3,,,1,484,,10756,19,,,1,130,,10757,19,,,1
90100,'Canada Day',2205,,11261,37,,,1,43,,11264,37,,,1
90100,'Overnight',2321,,11271,37,,,1,30,,11270,37,,,1
90100,'SatSun',2205,,11303,37,,,1,43,,11336,37,,,1
90100,'Weekday',2248,,11433,37,,,1
90500,'Canada Day',639,,11970,40,0,5 19,1,70,,11971,40,0,7 20 21,1,30,,11972,40,0,7 20 21,1,70,,11973,40,0,5 19,1,30,,11974,40,0,7 20 21,1,70,,11975,40,0,7 20 21,1,31,,11976,40,0,5 19,1,70,,11977,40,0,7 20 21,1,30,,11978,40,0,7 20 21,1,70,,11979,40,0,5 19,1,30,,11980,40,0,7 20 21,1,70,,11981,40,0,7 20 21,1,30,,11982,40,0,5 19,1,70,,11983,40,0,7 20 21,1,30,,11984,40,0,7 20 21,1,70,,11985,40,0,5 19,1,30,,11986,40,0,7 20 21,1,70,,11987,40,0,7 20 21,1,30,,11988,40,0,5 19,1,70,,11989,40,0,7 20 21,1,30,,11990,40,0,7 20 21,1,69,,11991,40,0,5 19,1,30,,11992,40,0,7 20 21,1,70,,11993,40,0,7 20 21,1,30,,11994,40,0,5 19,1,70,,11995,40,0,7 20 21,1,30,,11996,40,0,7 20 21,1,70,,11997,40,0,5 19,1,30,,11998,40,0,7 20 21,1,70,,11999,40,0,7 20 21,1,30,,12000,40,0,5 19,1,70,,12001,40,0,7 20 21,1,30,,12002,40,0,7 20 21,1,70,,12003,40,0,5 19,1,42,,12004,40,0,7 20 21,1
90500,'SatSun',639,,12005,40,0,5 19,1,70,,12017,40,0,7 20 21,1,30,,12018,40,0,7 20 21,1,70,,12006,40,0,5 19,1,30,,12019,40,0,7 20 21,1,70,,12020,40,0,7 20 21,1,31,,12007,40,0,5 19,1,70,,12021,40,0,7 20 21,1,30,,12022,40,0,7 20 21,1,70,,12008,40,0,5 19,1,30,,12023,40,0,7 20 21,1,70,,12024,40,0,7 20 21,1,30,,12009,40,0,5 19,1,70,,12025,40,0,7 20 21,1,30,,12026,40,0,7 20 21,1,70,,12010,40,0,5 19,1,30,,12027,40,0,7 20 21,1,70,,12028,40,0,7 20 21,1,30,,12011,40,0,5 19,1,70,,12029,40,0,7 20 21,1,30,,12030,40,0,7 20 21,1,69,,12012,40,0,5 19,1,30,,12031,40,0,7 20 21,1,70,,12032,40,0,7 20 21,1,30,,12013,40,0,5 19,1,70,,12033,40,0,7 20 21,1,30,,12034,40,0,7 20 21,1,70,,12014,40,0,5 19,1,30,,12035,40,0,7 20 21,1,70,,12036,40,0,7 20 21,1,30,,12015,40,0,5 19,1,70,,12037,40,0,7 20 21,1,30,,12038,40,0,7 20 21,1,70,,12016,40,0,5 19,1,42,,12039,40,0,7 20 21,1,58,,12040,40,0,7 20 21,1,30,,12041,40,0,7 20 21,1
90500,'Weekday',621,,12065,40,0,5 19,1,30,,12042,40,0,7 20 21,1,70,,12043,40,0,7 20 21,1,30,,12066,40,0,5 19,1,70,,12044,40,0,7 20 21,1,30,,12045,40,0,7 20 21,1,70,,12067,40,0,5 19,1,30,,12046,40,0,7 20 21,1,70,,12047,40,0,7 20 21,1,30,,12068,40,0,5 19,1,70,,12048,40,0,7 20 21,1,30,,12049,40,0,7 20 21,1,70,,12069,40,0,5 19,1,28,,12050,40,0,7 20 21,1,70,,12051,40,0,7 20 21,1,39,,12070,40,0,5 19,1,69,,12052,40,0,7 20 21,1,30,,12053,40,0,7 20 21,1,74,,12071,40,0,5 19,1,70,,12054,40,0,7 20 21,1,30,,12055,40,0,7 20 21,1,70,,12072,40,0,5 19,1,30,,12056,40,0,7 20 21,1,70,,12057,40,0,7 20 21,1,30,,12073,40,0,5 19,1,70,,12058,40,0,7 20 21,1,30,,12059,40,0,7 20 21,1,70,,12074,40,0,5 19,1,30,,12060,40,0,7 20 21,1,70,,12061,40,0,7 20 21,1,26,,12075,40,0,5 19,1,74,,12062,40,0,7 20 21,1,30,,12063,40,0,7 20 21,1,26,,12076,40,0,5 19,1,74,,12064,40,0,7 20 21,1,70,,12100,40,0,7 20 21,1,30,,12101,40,0,7 20 21,1,70,,12102,40,0,7 20 21,1
1400000200,'Overnight',328,,13190,36,,,1,30,,13185,36,,,1,70,,13179,36,,,1,27,,13189,36,,,1,70,,13183,36,,,1,1902,,13182,36,,,1,30,,13178,36,,,1,68,,13191,36,,,1,30,,13177,36,,,1,70,,13180,36,,,1,33,,13184,36,,,1,70,,13181,36,,,1,30,,13187,36,,,1,70,,13186,36,,,1,27,,13188,36,,,1,70,,13192,36,,,1
