'Overnightmerged94312',90001,231140,4,'',1,3000,4,'',1
'Overnightmerged94316',90001,231140,4,'',1,3000,4,'',1
'Overnightmerged94342',90001,231140,4,'',1,3000,4,'',1
'SatSunmerged94313',90001,53640,4,'',1,6610,4,'',1,3000,4,'',1,7000,4,'',1,2500,4,'',1,7490,4,'',1,3000,4,'',1,7700,4,'',1,2300,4,'',1,7000,4,'',1,3500,4,'',1,6500,4,'',1,3000,4,'',1,7000,4,'',1,3000,4,'',1,7000,4,'',1,3000,4,'',1,7000,4,'',1,3000,4,'',1,7000,4,'',1,3000,4,'',1,7500,4,'',1,2500,4,'',1,7000,4,'',1,3000,4,'',1,7000,4,'',1,3000,4,'',1,7000,4,'',1,2510,4,'',1,3000,4,'',1,7000,4,'',1,3000,4,'',1,7500,4,'',1,7500,4,'',1,3000,4,'',1
'SatSunmerged94317',90001,53640,4,'',1,6610,4,'',1,3000,4,'',1,7000,4,'',1,2500,4,'',1,7490,4,'',1,3000,4,'',1,7700,4,'',1,2300,4,'',1,7000,4,'',1,3500,4,'',1,6500,4,'',1,3000,4,'',1,7000,4,'',1,3000,4,'',1,7000,4,'',1,3000,4,'',1,7000,4,'',1,3000,4,'',1,7000,4,'',1,3000,4,'',1,7500,4,'',1,2500,4,'',1,7000,4,'',1,3000,4,'',1,7000,4,'',1,3000,4,'',1,7000,4,'',1,2510,4,'',1,3000,4,'',1,7000,4,'',1,3000,4,'',1,7500,4,'',1,7500,4,'',1,3000,4,'',1
'SatSunmerged94341',90001,53640,4,'',1,6610,4,'',1,3000,4,'',1,7000,4,'',1,2500,4,'',1,7490,4,'',1,3000,4,'',1,7700,4,'',1,2300,4,'',1,7000,4,'',1,3500,4,'',1,6500,4,'',1,3000,4,'',1,7000,4,'',1,3000,4,'',1,7000,4,'',1,3000,4,'',1,7000,4,'',1,3000,4,'',1,7000,4,'',1,3000,4,'',1,7500,4,'',1,2500,4,'',1,7000,4,'',1,3000,4,'',1,7000,4,'',1,3000,4,'',1,7000,4,'',1,2510,4,'',1,3000,4,'',1,7000,4,'',1,3000,4,'',1,7500,4,'',1,7500,4,'',1,3000,4,'',1
'Weekdaymerged94314',90001,53640,4,'',1,7400,4,'',1,3000,4,'',1,7000,4,'',1,3000,4,'',1,7000,4,'',1,3000,4,'',1,7000,4,'',1,3000,4,'',1,6900,4,'',1,3000,4,'',1,7000,4,'',1,3000,4,'',1,7000,4,'',1,3300,4,'',1,7000,4,'',1,3000,4,'',1,7000,4,'',1,3000,4,'',1,7000,4,'',1,3000,4,'',1,7000,4,'',1,3000,4,'',1,7000,4,'',1,3000,4,'',1,7000,4,'',1,3000,4,'',1,7200,4,'',1,3000,4,'',1,7000,4,'',1,3000,4,'',1,7000,4,'',1,3000,4,'',1,7000,4,'',1,3000,4,'',1
'Weekdaymerged94318',90001,53640,4,'',1,7400,4,'',1,3000,4,'',1,7000,4,'',1,3000,4,'',1,7000,4,'',1,3000,4,'',1,7000,4,'',1,3000,4,'',1,6900,4,'',1,3000,4,'',1,7000,4,'',1,3000,4,'',1,7000,4,'',1,3300,4,'',1,7000,4,'',1,3000,4,'',1,7000,4,'',1,3000,4,'',1,7000,4,'',1,3000,4,'',1,7000,4,'',1,3000,4,'',1,7000,4,'',1,3000,4,'',1,7000,4,'',1,3000,4,'',1,7200,4,'',1,3000,4,'',1,7000,4,'',1,3000,4,'',1,7000,4,'',1,3000,4,'',1,7000,4,'',1,3000,4,'',1
'Weekdaymerged94340',90001,53640,4,'',1,7400,4,'',1,3000,4,'',1,7000,4,'',1,3000,4,'',1,7000,4,'',1,3000,4,'',1,7000,4,'',1,3000,4,'',1,6900,4,'',1,3000,4,'',1,7000,4,'',1,3000,4,'',1,7000,4,'',1,3300,4,'',1,7000,4,'',1,3000,4,'',1,7000,4,'',1,3000,4,'',1,7000,4,'',1,3000,4,'',1,7000,4,'',1,3000,4,'',1,7000,4,'',1,3000,4,'',1,7000,4,'',1,3000,4,'',1,7200,4,'',1,3000,4,'',1,7000,4,'',1,3000,4,'',1,7000,4,'',1,3000,4,'',1,7000,4,'',1,3000,4,'',1
'Christmas Day',1400000101,53200,4,'',1,7000,4,'',1,3000,4,'',1,7000,4,'',1,3000,4,'',1,7000,4,'',1,3000,4,'',1,7000,4,'',1,3000,4,'',1,7000,4,'',1,3000,4,'',1,7000,4,'',1,3000,4,'',1,7000,4,'',1,3000,4,'',1,7000,4,'',1,3000,4,'',1,7000,4,'',1,3000,4,'',1,7000,4,'',1,3000,4,'',1,7000,4,'',1,3000,4,'',1,7000,4,'',1,3000,4,'',1,7000,4,'',1,3000,4,'',1,7000,4,'',1,3000,4,'',1,7000,4,'',1,3000,4,'',1,7000,4,'',1,3000,4,'',1,7000,4,'',1,3000,4,'',1,7000,4,'',1,3000,4,'',1,7000,4,'',1,3000,4,'',1,7000,4,'',1
'Overnightmerged94312',1400000101,40150,4,'',1,3000,4,'',1,2800,4,'',1,194690,4,'',1,3000,4,'',1,7000,4,'',1,2510,4,'',1,7000,4,'',1,3000,4,'',1,7000,4,'',1,3000,4,'',1,7000,4,'',1,3000,4,'',1,2800,4,'',1
'Overnightmerged94316',1400000101,40150,4,'',1,3000,4,'',1,2800,4,'',1,194690,4,'',1,3000,4,'',1,7000,4,'',1,2510,4,'',1,7000,4,'',1,3000,4,'',1,7000,4,'',1,3000,4,'',1,7000,4,'',1,3000,4,'',1,2800,4,'',1
'Overnightmerged94342',1400000101,40150,4,'',1,3000,4,'',1,2800,4,'',1,194690,4,'',1,3000,4,'',1,7000,4,'',1,2510,4,'',1,7000,4,'',1,3000,4,'',1,7000,4,'',1,3000,4,'',1,7000,4,'',1,3000,4,'',1,2800,4,'',1
