30201,'Canada Day',550,,8939,2,,,1,70,,8940,2,,,1,30,,8941,2,,,1,70,,8942,2,,,1,30,,8943,2,,,1,70,,8944,2,,,1,30,,8945,2,,,1,70,,8946,2,,,1,30,,8947,2,,,1,70,,8948,2,,,1,30,,8949,2,,,1,70,,8950,2,,,1,30,,8951,2,,,1,70,,8952,2,,,1,30,,8953,2,,,1,70,,8954,2,,,1,30,,8955,2,,,1,70,,8956,2,,,1,30,,8957,2,,,1,70,,8958,2,,,1,30,,8959,2,,,1,70,,8960,2,,,1,30,,8961,2,,,1,70,,8962,2,,,1,30,,8963,2,,,1,70,,8964,2,,,1,30,,8965,2,,,1,70,,8966,2,,,1,30,,8967,2,,,1,70,,8968,2,,,1,30,,8969,2,,,1,70,,8970,2,,,1,30,,8971,2,,,1
30201,'SatSun',550,,8972,2,,,1,70,,8973,2,,,1,30,,8974,2,,,1,70,,8975,2,,,1,30,,8976,2,,,1,70,,8977,2,,,1,30,,8978,2,,,1,70,,8979,2,,,1,30,,8988,2,,,1,70,,8989,2,,,1,30,,8990,2,,,1,70,,8991,2,,,1,30,,8992,2,,,1,70,,8993,2,,,1,30,,8994,2,,,1,70,,8995,2,,,1,30,,8996,2,,,1,70,,8997,2,,,1,30,,8998,2,,,1,70,,8999,2,,,1,30,,9000,2,,,1,70,,9001,2,,,1,30,,9002,2,,,1,70,,9003,2,,,1,30,,9004,2,,,1,70,,8980,2,,,1,30,,8981,2,,,1,70,,8982,2,,,1,30,,8983,2,,,1,70,,8984,2,,,1,30,,8985,2,,,1,70,,8986,2,,,1,30,,8987,2,,,1
30201,'Weekday',415,,9005,2,,,1,32,,9006,2,,,1,75,,9007,2,,,1,30,,9008,2,,,1,55,,9041,2,0,5 18 9,1,15,,9009,2,,,1,15,,9042,2,0,5 18 9,1,15,,9010,2,,,1,55,,9043,2,0,5 18 9,1,15,,9011,2,,,1,15,,9044,2,0,5 18 9,1,15,,9012,2,,,1,55,,9045,2,0,5 18 9,1,15,,9013,2,,,1,15,,9046,2,0,5 18 9,1,15,,9014,2,,,1,67,,9015,2,,,1,30,,9016,2,,,1,70,,9017,2,,,1,30,,9018,2,,,1,70,,9019,2,,,1,30,,9020,2,,,1,70,,9021,2,,,1,29,,9022,2,,,1,70,,9023,2,,,1,30,,9024,2,,,1,70,,9025,2,,,1,34,,9026,2,,,1,55,,9047,2,0,5 18 9,1,15,,9027,2,,,1,15,,9048,2,0,5 18 9,1,15,,9028,2,,,1,55,,9049,2,0,5 18 9,1,15,,9029,2,,,1,15,,9050,2,0,5 18 9,1,15,,9030,2,,,1,55,,9051,2,0,5 18 9,1,15,,9031,2,,,1,15,,9052,2,0,5 18 9,1,15,,9032,2,,,1,55,,9053,2,0,5 18 9,1,11,,9033,2,,,1,30,,9034,2,,,1,70,,9035,2,,,1,34,,9036,2,,,1,66,,9037,2,,,1,30,,9038,2,,,1,70,,9039,2,,,1,30,,9040,2,,,1
40701,'Weekday',816,,9770,2,,,1,22,,9771,2,0,7 26,1,78,,9772,2,,,1,22,,9773,2,0,7 26,1,66,,9774,2,,,1,20,,9775,2,0,7 26,1,80,,9776,2,,,1,20,,9777,2,0,7 26,1,88,,9778,2,,,1,22,,9779,2,0,7 26,1,78,,9780,2,,,1,22,,9781,2,0,7 26,1,78,,9782,2,,,1,32,,9783,2,0,7 26,1,68,,9784,2,,,1,33,,9785,2,0,7 26,1,67,,9786,2,,,1,33,,9787,2,0,7 26,1,77,,9788,2,,,1,23,,9789,2,0,7 26,1,77,,9790,2,,,1,32,,9791,2,0,7 26,1,72,,9792,2,,,1,22,,9793,2,0,7 26,1,82,,9794,2,,,1,73,,9795,2,,,1,27,,9796,2,,,1
61800,'Weekday',1109,,10754,2,,,1,130,,10755,2,,,1,484,,10756,18,,,1,130,,10757,18,,,1
90100,'Canada Day',2205,,11261,36,,,1,43,,11264,36,,,1
90100,'Overnight',2321,,11271,36,,,1,30,,11270,36,,,1
90100,'SatSun',2205,,11303,36,,,1,43,,11336,36,,,1
90100,'Weekday',2248,,11433,36,,,1
90500,'Canada Day',638,,11970,39,0,5 19,1,70,,11971,39,0,7 20 21,1,30,,11972,39,0,7 20 21,1,70,,11973,39,0,5 19,1,30,,11974,39,0,7 20 21,1,70,,11975,39,0,7 20 21,1,31,,11976,39,0,5 19,1,70,,11977,39,0,7 20 21,1,30,,11978,39,0,7 20 21,1,70,,11979,39,0,5 19,1,30,,11980,39,0,7 20 21,1,70,,11981,39,0,7 20 21,1,30,,11982,39,0,5 19,1,70,,11983,39,0,7 20 21,1,30,,11984,39,0,7 20 21,1,70,,11985,39,0,5 19,1,30,,11986,39,0,7 20 21,1,70,,11987,39,0,7 20 21,1,30,,11988,39,0,5 19,1,70,,11989,39,0,7 20 21,1,30,,11990,39,0,7 20 21,1,69,,11991,39,0,5 19,1,30,,11992,39,0,7 20 21,1,70,,11993,39,0,7 20 21,1,30,,11994,39,0,5 19,1,70,,11995,39,0,7 20 21,1,30,,11996,39,0,7 20 21,1,70,,11997,39,0,5 19,1,30,,11998,39,0,7 20 21,1,70,,11999,39,0,7 20 21,1,30,,12000,39,0,5 19,1,70,,12001,39,0,7 20 21,1,30,,12002,39,0,7 20 21,1,70,,12003,39,0,5 19,1,42,,12004,39,0,7 20 21,1
90500,'SatSun',638,,12005,39,0,5 19,1,70,,12017,39,0,7 20 21,1,30,,12018,39,0,7 20 21,1,70,,12006,39,0,5 19,1,30,,12019,39,0,7 20 21,1,70,,12020,39,0,7 20 21,1,31,,12007,39,0,5 19,1,70,,12021,39,0,7 20 21,1,30,,12022,39,0,7 20 21,1,70,,12008,39,0,5 19,1,30,,12023,39,0,7 20 21,1,70,,12024,39,0,7 20 21,1,30,,12009,39,0,5 19,1,70,,12025,39,0,7 20 21,1,30,,12026,39,0,7 20 21,1,70,,12010,39,0,5 19,1,30,,12027,39,0,7 20 21,1,70,,12028,39,0,7 20 21,1,30,,12011,39,0,5 19,1,70,,12029,39,0,7 20 21,1,30,,12030,39,0,7 20 21,1,69,,12012,39,0,5 19,1,30,,12031,39,0,7 20 21,1,70,,12032,39,0,7 20 21,1,30,,12013,39,0,5 19,1,70,,12033,39,0,7 20 21,1,30,,12034,39,0,7 20 21,1,70,,12014,39,0,5 19,1,30,,12035,39,0,7 20 21,1,70,,12036,39,0,7 20 21,1,30,,12015,39,0,5 19,1,70,,12037,39,0,7 20 21,1,30,,12038,39,0,7 20 21,1,70,,12016,39,0,5 19,1,42,,12039,39,0,7 20 21,1,58,,12040,39,0,7 20 21,1,30,,12041,39,0,7 20 21,1
90500,'Weekday',620,,12065,39,0,5 19,1,30,,12042,39,0,7 20 21,1,70,,12043,39,0,7 20 21,1,30,,12066,39,0,5 19,1,70,,12044,39,0,7 20 21,1,30,,12045,39,0,7 20 21,1,70,,12067,39,0,5 19,1,30,,12046,39,0,7 20 21,1,70,,12047,39,0,7 20 21,1,30,,12068,39,0,5 19,1,70,,12048,39,0,7 20 21,1,30,,12049,39,0,7 20 21,1,70,,12069,39,0,5 19,1,28,,12050,39,0,7 20 21,1,70,,12051,39,0,7 20 21,1,39,,12070,39,0,5 19,1,69,,12052,39,0,7 20 21,1,30,,12053,39,0,7 20 21,1,74,,12071,39,0,5 19,1,70,,12054,39,0,7 20 21,1,30,,12055,39,0,7 20 21,1,70,,12072,39,0,5 19,1,30,,12056,39,0,7 20 21,1,70,,12057,39,0,7 20 21,1,30,,12073,39,0,5 19,1,70,,12058,39,0,7 20 21,1,30,,12059,39,0,7 20 21,1,70,,12074,39,0,5 19,1,30,,12060,39,0,7 20 21,1,70,,12061,39,0,7 20 21,1,26,,12075,39,0,5 19,1,74,,12062,39,0,7 20 21,1,30,,12063,39,0,7 20 21,1,26,,12076,39,0,5 19,1,74,,12064,39,0,7 20 21,1,70,,12100,39,0,7 20 21,1,30,,12101,39,0,7 20 21,1,70,,12102,39,0,7 20 21,1
92001,'Weekday',513,,13082,2,0,10 11 12 13,1,28,,13083,2,0,10 11 12 13,1,70,,13069,2,0,10 11 12 13,1,30,,13070,2,0,10 11 12 13,1,70,,13071,2,0,10 11 12 13,1,30,,13072,2,0,10 11 12 13,1,70,,13073,2,0,10 11 12 13,1,30,,13074,2,0,10 11 12 13,1,64,,13084,2,,,1,20,,13085,2,,,1,20,,13086,2,,,1,60,,13087,2,,,1,20,,13088,2,,,1,20,,13089,2,,,1,60,,13090,2,,,1,20,,13091,2,,,1,20,,13092,2,,,1,60,,13093,2,,,1,20,,13094,2,,,1,20,,13095,2,,,1,60,,13096,2,,,1,20,,13097,2,,,1,20,,13098,2,,,1,60,,13099,2,,,1,20,,13101,2,,,1,20,,13100,2,,,1,60,,13105,2,,,1,20,,13103,2,,,1,20,,13102,2,,,1,60,,13104,2,,,1,6,,13075,2,0,10 11 12 13,1,30,,13076,2,0,10 11 12 13,1,70,,13077,2,0,10 11 12 13,1,30,,13078,2,0,10 11 12 13,1,70,,13079,2,0,10 11 12 13,1,30,,13080,2,0,10 11 12 13,1,69,,13081,2,,,1,24,,13106,2,,,1,25,,13063,2,,,1,75,,13064,2,,,1,70,,13065,2,,,1,30,,13066,2,,,1,70,,13067,2,,,1,30,,13068,2,,,1
92101,'Weekday',516,,13131,2,,,1,20,,13126,2,,,1,20,,13134,2,,,1,60,,13130,2,,,1,20,,13142,2,,,1,20,,13127,2,,,1,60,,13141,2,,,1,20,,13129,2,,,1,10,,13145,2,,,1,10,,13133,2,,,1,60,,13144,2,,,1,20,,13143,2,,,1,20,,13136,2,,,1,770,,13128,2,,,1,20,,13140,2,,,1,60,,13139,2,,,1,20,,13137,2,,,1,20,,13132,2,,,1,60,,13138,2,,,1,20,,13135,2,,,1,25,,13125,2,,,1
1400000200,'Overnight',328,,13190,35,,,1,30,,13185,35,,,1,70,,13179,35,,,1,27,,13189,35,,,1,70,,13183,35,,,1,1902,,13182,35,,,1,30,,13178,35,,,1,68,,13191,35,,,1,30,,13177,35,,,1,70,,13180,35,,,1,33,,13184,35,,,1,70,,13181,35,,,1,30,,13187,35,,,1,70,,13186,35,,,1,27,,13188,35,,,1,70,,13192,35,,,1
