40301,'Canada Day',601,,9293,2,,,1,30,,9294,2,,,1,70,,9295,2,,,1,30,,9296,2,,,1,70,,9297,2,,,1,30,,9298,2,,,1,70,,9299,2,,,1,30,,9300,2,,,1,70,,9301,2,,,1,30,,9302,2,,,1,70,,9303,2,,,1,30,,9304,2,,,1,70,,9305,2,,,1,30,,9306,2,,,1,70,,9307,2,,,1,30,,9308,2,,,1,70,,9309,2,,,1,30,,9310,2,,,1,70,,9311,2,,,1,30,,9312,2,,,1,70,,9313,2,,,1,30,,9314,2,,,1,73,,9315,2,,,1,27,,9316,2,,,1,70,,9317,2,,,1,30,,9318,2,,,1,70,,9319,2,,,1,30,,9320,2,,,1,70,,9321,2,,,1,30,,9322,2,,,1,70,,9323,2,,,1,30,,9324,2,,,1,70,,9325,2,,,1
40301,'SatSun',601,,9326,2,,,1,30,,9327,2,,,1,70,,9328,2,,,1,30,,9329,2,,,1,70,,9330,2,,,1,30,,9331,2,,,1,70,,9332,2,,,1,30,,9333,2,,,1,70,,9334,2,,,1,30,,9335,2,,,1,70,,9336,2,,,1,30,,9337,2,,,1,70,,9338,2,,,1,30,,9339,2,,,1,70,,9340,2,,,1,30,,9341,2,,,1,70,,9342,2,,,1,30,,9343,2,,,1,70,,9344,2,,,1,30,,9345,2,,,1,70,,9346,2,,,1,30,,9347,2,,,1,73,,9348,2,,,1,27,,9349,2,,,1,70,,9350,2,,,1,30,,9351,2,,,1,70,,9352,2,,,1,30,,9353,2,,,1,70,,9354,2,,,1,30,,9355,2,,,1,70,,9356,2,,,1,30,,9357,2,,,1,70,,9358,2,,,1
40301,'Weekday',604,,9369,2,,,1,30,,9368,2,,,1,70,,9370,2,,,1,30,,9371,2,,,1,70,,9372,2,,,1,30,,9373,2,,,1,70,,9374,2,,,1,28,,9375,2,,,1,70,,9376,2,,,1,30,,9377,2,,,1,70,,9378,2,,,1,30,,9379,2,,,1,70,,9380,2,,,1,30,,9381,2,,,1,70,,9382,2,,,1,30,,9383,2,,,1,70,,9384,2,,,1,25,,9385,2,,,1,30,,9386,2,,,1,70,,9387,2,,,1,30,,9388,2,,,1,70,,9389,2,,,1,30,,9390,2,,,1,70,,9391,2,,,1,30,,9392,2,,,1,70,,9393,2,,,1,30,,9394,2,,,1,70,,9395,2,,,1,30,,9396,2,,,1,70,,9397,2,,,1,30,,9398,2,,,1,70,,9399,2,,,1,74,,9400,2,,,1,32,,9401,2,,,1
41000,'Canada Day',646,,9978,2,,,1,70,,9979,2,,,1,30,,9980,2,,,1,70,,9981,2,,,1,30,,9982,2,,,1,70,,9983,2,,,1,30,,9984,2,,,1,70,,9985,2,,,1,30,,9986,2,,,1,70,,9987,2,,,1,30,,9988,2,,,1,70,,9989,2,,,1,30,,9990,2,,,1,70,,9991,2,,,1,30,,9992,2,,,1,70,,9993,2,,,1,30,,9994,2,,,1,70,,9995,2,,,1,30,,9996,2,,,1,70,,9997,2,,,1,30,,9998,2,,,1,70,,9999,2,,,1,30,,10000,2,,,1,70,,10001,2,,,1,30,,10002,2,,,1,70,,10003,2,,,1,30,,10004,2,,,1,70,,10005,2,,,1,28,,10006,2,,,1,72,,10007,2,,,1,30,,10008,2,,,1,75,,10009,2,,,1,30,,10010,2,,,1
41000,'SatSun',646,,10011,2,,,1,70,,10012,2,,,1,30,,10013,2,,,1,70,,10014,2,,,1,30,,10015,2,,,1,70,,10016,2,,,1,30,,10017,2,,,1,70,,10018,2,,,1,30,,10019,2,,,1,70,,10020,2,,,1,30,,10021,2,,,1,70,,10022,2,,,1,30,,10023,2,,,1,70,,10024,2,,,1,30,,10025,2,,,1,70,,10026,2,,,1,30,,10027,2,,,1,70,,10028,2,,,1,30,,10029,2,,,1,70,,10030,2,,,1,30,,10031,2,,,1,70,,10043,2,,,1,30,,10032,2,,,1,70,,10033,2,,,1,30,,10034,2,,,1,70,,10035,2,,,1,30,,10036,2,,,1,70,,10037,2,,,1,28,,10038,2,,,1,72,,10039,2,,,1,30,,10040,2,,,1,75,,10041,2,,,1,30,,10042,2,,,1
41000,'Weekday',611,,10044,2,,,1,30,,10045,2,,,1,70,,10046,2,,,1,30,,10047,2,,,1,70,,10048,2,,,1,30,,10049,2,,,1,70,,10050,2,,,1,30,,10051,2,,,1,70,,10052,2,,,1,30,,10053,2,,,1,70,,10054,2,,,1,30,,10055,2,,,1,70,,10056,2,,,1,30,,10057,2,,,1,70,,10058,2,,,1,30,,10059,2,,,1,70,,10060,2,,,1,30,,10061,2,,,1,70,,10062,2,,,1,30,,10063,2,,,1,70,,10064,2,,,1,23,,10065,2,,,1,77,,10066,2,,,1,30,,10067,2,,,1,70,,10068,2,,,1,30,,10069,2,,,1,71,,10070,2,,,1,29,,10071,2,,,1,70,,10072,2,,,1,30,,10073,2,,,1,70,,10074,2,,,1,30,,10075,2,,,1,70,,10076,2,,,1,30,,10077,2,,,1,70,,10078,2,,,1
42100,'Canada Day',952,,10357,2,,,1,70,,10358,2,,,1,30,,10359,2,,,1,70,,10360,2,,,1,30,,10361,2,,,1,70,,10362,2,,,1,30,,10363,2,,,1,70,,10364,2,,,1,30,,10365,2,,,1,70,,10366,2,,,1,30,,10367,2,,,1,70,,10368,2,,,1,30,,10369,2,,,1,70,,10370,2,,,1,30,,10371,2,,,1,70,,10372,2,,,1,30,,10373,2,,,1,73,,10374,2,0,10 26,1,30,,10375,2,0,10 26,1
42100,'SatSun',952,,10376,2,,,1,70,,10377,2,,,1,30,,10378,2,,,1,70,,10379,2,,,1,30,,10380,2,,,1,70,,10381,2,,,1,30,,10382,2,,,1,70,,10383,2,,,1,30,,10384,2,,,1,70,,10385,2,,,1,30,,10386,2,,,1,70,,10387,2,,,1,30,,10388,2,,,1,70,,10389,2,,,1,30,,10390,2,,,1,70,,10391,2,,,1,30,,10392,2,,,1,73,,10393,2,0,10 26,1,30,,10394,2,0,10 26,1
42100,'Weekday',605,,10395,7,0,7 30,1,30,,10396,7,0,7 30,1,70,,10397,7,0,7 30,1,31,,10398,7,0,7 30,1,82,,10399,7,0,7 30,1,30,,10400,7,0,7 30,1,70,,10401,7,0,7 30,1,25,,10402,7,0,7 30,1,75,,10403,7,0,7 30,1,25,,10404,7,0,7 30,1,70,,10405,7,0,7 30,1,30,,10406,7,0,7 30,1,70,,10407,7,0,7 30,1,94,,10408,7,0,7 30,1,30,,10409,7,0,5 30,1,70,,10410,7,0,7 30,1,31,,10411,7,0,7 30,1,70,,10412,7,0,7 30,1,41,,10421,7,0,7 30,1,59,,10423,7,0,7 30,1,30,,10422,7,0,7 30,1
42300,'Weekday',656,,10490,2,,,1,70,,10491,2,,,1,30,,10492,2,,,1,70,,10493,2,,,1,30,,10494,2,,,1,70,,10507,2,,,1,30,,10508,2,,,1,70,,10509,2,,,1,30,,10501,2,,,1,70,,10502,2,,,1,30,,10503,2,,,1,70,,10504,2,,,1,30,,10506,2,,,1,70,,10510,2,,,1,30,,10511,2,,,1,70,,10512,2,,,1,30,,10505,2,,,1,70,,10513,2,,,1,30,,10495,2,,,1,70,,10496,2,,,1,30,,10497,2,,,1,70,,10498,2,,,1,30,,10499,2,,,1,70,,10500,2,,,1,25,,10514,2,,,1,70,,10515,2,,,1,30,,10516,2,,,1
90100,'Canada Day',724,,11206,2,0,10 16 17 13,1,30,,11208,2,0,10 16 17 13,1,70,,11210,2,0,10 16 17 13,1,30,,11212,2,0,10 16 17 13,1,70,,11214,2,0,10 16 17 13,1,30,,11216,2,0,10 16 17 13,1,70,,11218,2,0,10 16 17 13,1,30,,11220,2,0,10 16 17 13,1,70,,11222,2,0,10 16 17 13,1,30,,11224,2,0,10 16 17 13,1,70,,11226,2,0,10 16 17 13,1,30,,11228,2,0,10 16 17 13,1,70,,11230,2,0,10 16 17 13,1,30,,11232,2,0,10 16 17 13,1,70,,11234,2,0,10 16 17 13,1,20,,11235,2,0,10 16 17 13,1,80,,11238,2,0,10 16 17 13,1,30,,11240,2,0,10 16 17 13,1,70,,11242,2,0,10 16 17 13,1,30,,11244,2,0,10 16 17 13,1,70,,11246,2,0,10 16 17 13,1,30,,11248,2,0,10 16 17 13,1,70,,11250,2,0,10 16 17 13,1,30,,11252,2,0,10 16 17 13,1,70,,11254,2,0,10 16 17 13,1,30,,11256,2,0,10 16 17 13,1,70,,11258,2,0,10 16 17 13,1,30,,11260,2,0,10 16 17 13,1,70,,11262,2,0,10 16 17 13,1
90100,'SatSun',724,,11304,2,0,10 16 17 13,1,30,,11305,2,0,10 16 17 13,1,70,,11306,2,0,10 16 17 13,1,30,,11307,2,0,10 16 17 13,1,70,,11308,2,0,10 16 17 13,1,30,,11309,2,0,10 16 17 13,1,70,,11310,2,0,10 16 17 13,1,30,,11311,2,0,10 16 17 13,1,70,,11312,2,0,10 16 17 13,1,30,,11313,2,0,10 16 17 13,1,70,,11314,2,0,10 16 17 13,1,30,,11315,2,0,10 16 17 13,1,70,,11316,2,0,10 16 17 13,1,30,,11317,2,0,10 16 17 13,1,70,,11318,2,0,10 16 17 13,1,20,,11319,2,0,10 16 17 13,1,80,,11320,2,0,10 16 17 13,1,30,,11321,2,0,10 16 17 13,1,70,,11322,2,0,10 16 17 13,1,30,,11323,2,0,10 16 17 13,1,70,,11324,2,0,10 16 17 13,1,30,,11325,2,0,10 16 17 13,1,70,,11326,2,0,10 16 17 13,1,30,,11327,2,0,10 16 17 13,1,70,,11328,2,0,10 16 17 13,1,30,,11329,2,0,10 16 17 13,1,70,,11330,2,0,10 16 17 13,1,30,,11331,2,0,10 16 17 13,1,70,,11332,2,0,10 16 17 13,1
90100,'Weekday',640,,11370,2,0,10 16 17 13,1,64,,11371,2,0,10 16 17 13,1,10,,11372,2,0,10 16 17 13,1,20,,11373,2,0,10 16 17 13,1,10,,11374,2,0,10 16 17 13,1,60,,11375,2,0,10 16 17 13,1,10,,11376,2,0,10 16 17 13,1,20,,11377,2,0,10 16 17 13,1,10,,11378,2,0,10 16 17 13,1,60,,11379,2,0,10 16 17 13,1,10,,11380,2,0,10 16 17 13,1,20,,11381,2,0,10 16 17 13,1,10,,11382,2,0,10 16 17 13,1,61,,11383,2,0,10 16 17 13,1,10,,11384,2,0,10 16 17 13,1,20,,11385,2,0,10 16 17 13,1,10,,11386,2,0,10 16 17 13,1,64,,11387,2,0,10 16 17 13,1,10,,11388,2,0,10 16 17 13,1,20,,11389,2,0,10 16 17 13,1,10,,11390,2,0,10 16 17 13,1,60,,11391,2,0,10 16 17 13,1,10,,11392,2,0,10 16 17 13,1,20,,11393,2,0,10 16 17 13,1,10,,11394,2,0,10 16 17 13,1,60,,11395,2,0,10 16 17 13,1,10,,11396,2,0,10 16 17 13,1,20,,11397,2,0,10 16 17 13,1,10,,11398,2,0,10 16 17 13,1,60,,11399,2,0,10 16 17 13,1,10,,11400,2,0,10 16 17 13,1,30,,11401,2,0,10 16 17 13,1,60,,11402,2,0,10 16 17 13,1,10,,11403,2,0,10 16 17 13,1,22,,11404,2,0,10 16 17 13,1,10,,11405,2,0,10 16 17 13,1,60,,11406,2,0,10 16 17 13,1,10,,11407,2,0,10 16 17 13,1,20,,11408,2,0,10 16 17 13,1,10,,11409,2,0,10 16 17 13,1,57,,11410,2,0,10 16 17 13,1,10,,11411,2,0,10 16 17 13,1,20,,11412,2,0,10 16 17 13,1,10,,11413,2,0,10 16 17 13,1,60,,11414,2,0,10 16 17 13,1,10,,11415,2,0,10 16 17 13,1,20,,11416,2,0,10 16 17 13,1,10,,11417,2,0,10 16 17 13,1,60,,11418,2,0,10 16 17 13,1,10,,11419,2,0,10 16 17 13,1,18,,11420,2,0,10 16 17 13,1,10,,11421,2,0,10 16 17 13,1,64,,11422,2,0,10 16 17 13,1,30,,11423,2,0,10 16 17 13,1,70,,11424,2,0,10 16 17 13,1,30,,11425,2,0,10 16 17 13,1,70,,11426,2,0,10 16 17 13,1
90200,'Canada Day',646,,11668,7,,,1,70,,11669,7,,,1,30,,11670,7,,,1,70,,11671,7,,,1,30,,11672,7,,,1,70,,11673,7,,,1,30,,11674,7,,,1,55,,11676,2,0,10 30,1,15,,11675,7,,,1,15,,11678,2,0,10 30,1,15,,11677,7,,,1,55,,11680,2,0,10 30,1,15,,11679,7,,,1,15,,11682,2,0,10 30,1,15,,11681,7,,,1,55,,11684,2,0,10 30,1,15,,11683,7,,,1,15,,11686,2,0,10 30,1,15,,11685,7,,,1,55,,11688,2,0,10 30,1,15,,11687,7,,,1,15,,11690,2,0,10 30,1,15,,11689,7,,,1,55,,11692,2,0,10 30,1,15,,11691,7,,,1,15,,11694,2,0,10 30,1,15,,11693,7,,,1,55,,11696,2,0,10 30,1,15,,11695,7,,,1,15,,11698,2,0,10 30,1,15,,11697,7,,,1,55,,11700,2,0,10 30,1,15,,11699,7,,,1,15,,11702,2,0,10 30,1,15,,11701,7,,,1,55,,11704,2,0,10 30,1,15,,11703,7,,,1,15,,11706,2,0,10 30,1,15,,11705,7,,,1,55,,11708,2,0,10 30,1,15,,11707,7,,,1,30,,11709,7,,,1,70,,11710,7,,,1,30,,11711,7,,,1,70,,11712,7,,,1,30,,11713,7,,,1,70,,11714,7,,,1,30,,11715,7,,,1,70,,11716,7,,,1,30,,11717,7,,,1,70,,11718,7,,,1
90200,'SatSun',646,,11736,7,,,1,70,,11737,7,,,1,30,,11738,7,,,1,70,,11739,7,,,1,30,,11740,7,,,1,70,,11741,7,,,1,30,,11742,7,,,1,55,,11719,2,0,10 30,1,15,,11743,7,,,1,15,,11720,2,0,10 30,1,15,,11744,7,,,1,55,,11721,2,0,10 30,1,15,,11745,7,,,1,15,,11722,2,0,10 30,1,15,,11746,7,,,1,55,,11723,2,0,10 30,1,15,,11747,7,,,1,15,,11724,2,0,10 30,1,15,,11748,7,,,1,55,,11725,2,0,10 30,1,15,,11749,7,,,1,15,,11726,2,0,10 30,1,15,,11750,7,,,1,55,,11727,2,0,10 30,1,15,,11751,7,,,1,15,,11728,2,0,10 30,1,15,,11752,7,,,1,55,,11729,2,0,10 30,1,15,,11753,7,,,1,15,,11730,2,0,10 30,1,15,,11754,7,,,1,55,,11731,2,0,10 30,1,15,,11755,7,,,1,15,,11732,2,0,10 30,1,15,,11756,7,,,1,55,,11733,2,0,10 30,1,15,,11757,7,,,1,15,,11734,2,0,10 30,1,15,,11758,7,,,1,55,,11735,2,0,10 30,1,15,,11759,7,,,1,30,,11760,7,,,1,70,,11761,7,,,1,30,,11762,7,,,1,70,,11763,7,,,1,30,,11764,7,,,1,70,,11765,7,,,1,30,,11766,7,,,1,70,,11767,7,,,1,30,,11768,7,,,1,70,,11769,7,,,1
90200,'Weekday',613,,11770,7,,,1,20,,11771,7,,,1,20,,11772,7,,,1,60,,11773,7,,,1,20,,11774,7,,,1,20,,11775,7,,,1,65,,11776,7,,,1,15,,11777,7,,,1,20,,11778,7,,,1,60,,11779,7,,,1,20,,11780,7,,,1,17,,11781,7,,,1,60,,11782,7,,,1,20,,11783,7,,,1,20,,11784,7,,,1,60,,11785,7,,,1,20,,11786,7,,,1,20,,11787,7,,,1,65,,11788,7,,,1,20,,11789,7,,,1,15,,11790,7,,,1,65,,11791,7,,,1,15,,11792,7,,,1,20,,11793,7,,,1,60,,11794,7,,,1,20,,11795,7,,,1,20,,11796,7,,,1,60,,11797,7,,,1,30,,11798,7,,,1,10,,11799,7,,,1,60,,11800,7,,,1,20,,11801,7,,,1,20,,11802,7,,,1,60,,11803,7,,,1,20,,11804,7,,,1,20,,11805,7,,,1,60,,11806,7,,,1,20,,11807,7,,,1,20,,11808,7,,,1,60,,11809,7,,,1,30,,11810,7,,,1,70,,11811,7,,,1,30,,11812,7,,,1,73,,11813,7,,,1,27,,11814,7,,,1,70,,11815,7,,,1,30,,11816,7,,,1,70,,11817,7,,,1
