11800,'Weekday',628,,8068,5,,,1,30,,8087,5,,,1,70,,8079,5,,,1,30,,8077,5,,,1,70,,8090,5,,,1,30,,8075,5,,,1,70,,8076,5,,,1,30,,8082,5,,,1,70,,8069,5,,,1,30,,8085,5,,,1,64,,8071,5,,,1,27,,8088,5,,,1,66,,8072,5,,,1,30,,8065,5,,,1,70,,8086,5,,,1,30,,8064,5,,,1,70,,8080,5,,,1,30,,8067,5,,,1,70,,8073,5,,,1,31,,8089,5,,,1,70,,8083,5,,,1,30,,8070,5,,,1,70,,8081,5,,,1,36,,8074,5,,,1,75,,8084,5,,,1,24,,8066,5,,,1,68,,8078,5,,,1
90001,'Canada Day',522,,10982,47,,,1,25,,10983,47,,,1,75,,10984,47,,,1,30,,10985,47,,,1,80,,10987,47,,,1,26,,10989,47,,,1,66,,10991,47,,,1,30,,10993,47,,,1,78,,10995,47,,,1,77,,10997,47,,,1,30,,10999,47,,,1,65,,11001,47,,,1,30,,11003,47,,,1,70,,11005,47,,,1,30,,11007,47,,,1,70,,11009,47,,,1,30,,11011,47,,,1,70,,11013,47,,,1,25,,11015,47,,,1,30,,11017,47,,,1,70,,11019,47,,,1,30,,11021,47,,,1,80,,11024,47,,,1,70,,11026,47,,,1,30,,11028,47,,,1,70,,11030,47,,,1,30,,11032,47,,,1,70,,11034,47,,,1,23,,11036,47,,,1,70,,11038,47,,,1,30,,11040,47,,,1,69,,11042,47,,,1,45,,11044,47,,,1,70,,11045,47,,,1,30,,11046,47,,,1,70,,11047,47,,,1,30,,11048,47,,,1,70,,11049,47,,,1
90001,'Overnight',2259,,11050,47,,,1,70,,11051,47,,,1
90001,'SatSun',522,,11052,47,,,1,25,,11053,47,,,1,75,,11054,47,,,1,30,,11055,47,,,1,80,,11056,47,,,1,26,,11057,47,,,1,66,,11058,47,,,1,30,,11059,47,,,1,78,,11060,47,,,1,77,,11061,47,,,1,30,,11062,47,,,1,65,,11063,47,,,1,30,,11064,47,,,1,70,,11065,47,,,1,30,,11066,47,,,1,70,,11067,47,,,1,30,,11068,47,,,1,70,,11069,47,,,1,25,,11070,47,,,1,30,,11071,47,,,1,70,,11072,47,,,1,30,,11073,47,,,1,80,,11074,47,,,1,70,,11075,47,,,1,30,,11076,47,,,1,70,,11077,47,,,1,30,,11078,47,,,1,70,,11079,47,,,1,23,,11080,47,,,1,70,,11081,47,,,1,30,,11082,47,,,1,69,,11083,47,,,1,45,,11084,47,,,1,70,,11085,47,,,1,30,,11086,47,,,1,70,,11087,47,,,1,30,,11088,47,,,1,70,,11089,47,,,1
90001,'Weekday',513,,11200,47,,,1,36,,11131,47,,,1,70,,11132,47,,,1,24,,11120,47,,,1,64,,11133,47,,,1,24,,11137,47,,,1,24,,11138,47,,,1,64,,11139,47,,,1,24,,11122,47,,,1,64,,11140,47,,,1,29,,11141,47,,,1,64,,11142,47,,,1,24,,11143,47,,,1,24,,11144,47,,,1,64,,11145,47,,,1,24,,11123,47,,,1,18,,11146,47,,,1,65,,11147,47,,,1,24,,11148,47,,,1,64,,11124,47,,,1,24,,11149,47,,,1,24,,11150,47,,,1,64,,11151,47,,,1,24,,11125,47,,,1,64,,11152,47,,,1,24,,11153,47,,,1,24,,11154,47,,,1,64,,11155,47,,,1,24,,11156,47,,,1,64,,11126,47,,,1,24,,11157,47,,,1,24,,11158,47,,,1,64,,11159,47,,,1,24,,11127,47,,,1,58,,11160,47,,,1,24,,11161,47,,,1,24,,11162,47,,,1,64,,11130,47,,,1,24,,11163,47,,,1,64,,11164,47,,,1,24,,11134,47,,,1,24,,11135,47,,,1,64,,11128,47,,,1,24,,11136,47,,,1
91701,'Canada Day',815,,12901,59,0,55 56 57,1,30,,12902,59,0,55 56 57,1,70,,12903,59,0,55 56 57,1,30,,12904,59,0,55 56 57,1,70,,12905,59,0,55 56 57,1,30,,12906,59,0,55 56 57,1,70,,12907,59,0,55 56 57,1,30,,12908,59,0,55 56 57,1,70,,12909,59,0,55 56 57,1,30,,12910,59,0,55 56 57,1,70,,12911,59,0,55 56 57,1,30,,12912,59,0,55 56 57,1,70,,12913,59,0,55 56 57,1,33,,12914,59,0,55 56 57,1,70,,12915,59,0,55 56 57,1,33,,12916,59,0,55 56 57,1,70,,12917,59,0,55 56 57,1,30,,12918,59,0,55 56 57,1,70,,12919,59,0,55 56 57,1,30,,12920,59,0,55 56 57,1,70,,12921,59,0,55 56 57,1,27,,12922,59,0,55 56 57,1,72,,12923,59,0,55 56 57,1,30,,12924,59,0,55 56 57,1
91701,'SatSun',815,,12942,59,0,55 56 57,1,30,,12943,59,0,55 56 57,1,70,,12944,59,0,55 56 57,1,30,,12945,59,0,55 56 57,1,70,,12946,59,0,55 56 57,1,30,,12947,59,0,55 56 57,1,70,,12948,59,0,55 56 57,1,30,,12949,59,0,55 56 57,1,70,,12950,59,0,55 56 57,1,30,,12951,59,0,55 56 57,1,70,,12952,59,0,55 56 57,1,30,,12953,59,0,55 56 57,1,70,,12954,59,0,55 56 57,1,33,,12955,59,0,55 56 57,1,70,,12956,59,0,55 56 57,1,33,,12957,59,0,55 56 57,1,70,,12958,59,0,55 56 57,1,30,,12959,59,0,55 56 57,1,70,,12960,59,0,55 56 57,1,30,,12961,59,0,55 56 57,1,70,,12962,59,0,55 56 57,1,27,,12963,59,0,55 56 57,1,72,,12964,59,0,55 56 57,1,30,,12965,59,0,55 56 57,1
92001,'Weekday',957,,13084,48,,,1,60,,13085,48,,,1,20,,13086,48,,,1,20,,13087,48,,,1,60,,13088,48,,,1,20,,13089,48,,,1,20,,13090,48,,,1,60,,13091,48,,,1,20,,13092,48,,,1,20,,13093,48,,,1,60,,13094,48,,,1,20,,13095,48,,,1,20,,13096,48,,,1,60,,13097,48,,,1,20,,13098,48,,,1,20,,13099,48,,,1,60,,13101,48,,,1,20,,13100,48,,,1,66,,13105,48,,,1,20,,13103,48,,,1,20,,13102,48,,,1,60,,13104,48,,,1,253,,13081,48,,,1,64,,13106,48,,,1,25,,13063,48,,,1,75,,13064,48,,,1,30,,13065,48,,,1,70,,13066,48,,,1,30,,13067,48,,,1,70,,13068,48,,,1
92101,'Weekday',555,,13131,15,,,1,60,,13126,15,,,1,20,,13134,15,,,1,20,,13130,15,,,1,68,,13142,15,,,1,20,,13127,15,,,1,60,,13141,15,,,1,20,,13129,15,,,1,10,,13145,15,,,1,10,,13133,15,,,1,60,,13144,15,,,1,20,,13143,15,,,1,20,,13136,15,,,1,769,,13128,15,,,1,20,,13140,15,,,1,20,,13139,15,,,1,60,,13137,15,,,1,20,,13132,15,,,1,20,,13138,15,,,1,60,,13135,15,,,1,25,,13125,15,,,1
1400000101,'Overnight',348,,13163,67,,,1,70,,13164,67,,,1,27,,13165,67,,,1,1912,,13168,67,,,1,70,,13166,67,,,1,28,,13167,67,,,1,72,,13170,67,,,1,28,,13172,67,,,1,70,,13169,67,,,1,30,,13174,67,,,1,63,,13175,67,,,1,30,,13173,67,,,1,70,,13176,67,,,1,27,,13171,67,,,1
