30200,'SatSun',702,,707,43,0,16 17,1,30,,708,43,0,16 17,1,70,,709,43,0,16 17,1,30,,710,43,0,16 17,1,70,,711,43,0,16 17,1,30,,712,43,0,16 17,1,70,,713,43,0,16 17,1,30,,714,43,0,16 17,1,70,,715,43,0,16 17,1,30,,716,43,0,16 17,1,70,,717,43,0,16 17,1,30,,718,43,0,16 17,1,70,,719,43,0,16 17,1,30,,720,43,0,16 17,1,70,,721,43,0,16 17,1,30,,722,43,0,16 17,1,70,,723,43,0,16 17,1,30,,724,43,0,16 17,1,70,,725,43,0,16 17,1,30,,726,43,0,16 17,1,70,,727,43,0,16 17,1,30,,728,43,0,16 17,1,70,,729,43,0,16 17,1,30,,730,43,0,16 17,1,70,,731,43,0,16 17,1,30,,732,43,0,16 17,1,70,,733,43,0,16 17,1,30,,734,43,0,16 17,1,70,,735,43,0,16 17,1,30,,736,43,0,16 17,1,70,,737,43,0,16 17,1,30,,738,43,0,16 17,1,80,,739,43,0,16 17,1,20,,740,43,0,16 17,1
30200,'Weekday',501,,755,17,0,16 17,1,30,,770,17,0,16 17,1,78,,743,43,0,16 17,1,30,,760,43,0,16 17,1,67,,768,43,0,16 17,1,30,,767,43,0,16 17,1,70,,744,43,0,16 17,1,30,,757,43,0,16 17,1,70,,772,43,0,16 17,1,30,,752,43,0,16 17,1,70,,748,43,0,16 17,1,30,,742,43,0,16 17,1,70,,763,43,0,16 17,1,30,,777,43,0,16 17,1,70,,769,43,0,16 17,1,30,,758,43,0,16 17,1,70,,751,43,0,16 17,1,30,,753,43,0,16 17,1,70,,749,43,0,16 17,1,34,,780,43,0,16 17,1,70,,747,43,0,16 17,1,30,,759,43,0,16 17,1,70,,754,43,0,16 17,1,30,,756,43,0,16 17,1,60,,774,43,0,16 17,1,20,,745,43,0,16 17,1,25,,766,43,0,16 17,1,70,,765,43,0,16 17,1,30,,771,43,0,16 17,1,64,,741,43,0,16 17,1,30,,773,43,0,16 17,1,70,,782,43,0,16 17,1,30,,750,43,0,16 17,1,70,,775,43,0,16 17,1,30,,779,43,0,16 17,1,70,,781,43,0,16 17,1,30,,778,43,0,16 17,1,83,,776,43,0,16 17,1
40901,'SatSun',643,,1466,1,0,22 23 13,1,70,,1467,1,0,22 23 13,1,30,,1468,1,0,22 23 13,1,70,,1469,1,0,22 23 13,1,30,,1470,1,0,22 23 13,1,70,,1471,1,0,22 23 13,1,30,,1472,1,0,22 23 13,1,70,,1473,1,0,22 23 13,1,30,,1474,1,0,22 23 13,1,70,,1475,1,0,22 23 13,1,30,,1476,1,0,22 23 13,1,70,,1477,1,0,22 23 13,1,30,,1478,1,0,22 23 13,1,70,,1479,1,0,22 23 13,1,27,,1480,1,0,22 23 13,1,73,,1481,1,0,22 23 13,1,30,,1482,1,0,22 23 13,1,70,,1483,1,0,22 23 13,1,30,,1484,1,0,22 23 13,1,70,,1485,1,0,22 23 13,1,30,,1486,1,0,22 23 13,1,70,,1487,1,0,22 23 13,1,30,,1488,1,0,22 23 13,1,70,,1489,1,0,22 23 13,1,30,,1490,1,0,22 23 13,1,70,,1491,1,0,22 23 13,1,30,,1492,1,0,22 23 13,1,70,,1493,1,0,22 23 13,1,202,,1494,1,0,22 23 13,1,106,,1495,1,0,22 23 13,1
40901,'Weekday',629,,1528,1,0,22 23 13,1,30,,1502,1,0,22 23 13,1,70,,1503,1,0,22 23 13,1,30,,1504,1,0,22 23 13,1,70,,1505,1,0,22 23 13,1,30,,1506,1,0,22 23 13,1,70,,1507,1,0,22 23 13,1,30,,1508,1,0,5 22 23 13,1,70,,1509,1,0,22 23 13,1,30,,1510,1,0,22 23 13,1,70,,1511,1,0,22 23 13,1,30,,1512,1,0,5 22 23 13,1,70,,1513,1,0,22 23 13,1,30,,1514,1,0,22 23 13,1,70,,1515,1,0,22 23 13,1,30,,1516,1,0,5 22 23 13,1,70,,1517,1,0,22 23 13,1,30,,1518,1,0,22 23 13,1,70,,1519,1,0,7 22 23 13,1,30,,1520,1,0,22 23 13,1,70,,1521,1,0,22 23 13,1,30,,1522,1,0,22 23 13,1,70,,1523,1,0,22 23 13,1,30,,1524,1,0,22 23 13,1,70,,1525,1,0,22 23 13,1,30,,1526,1,0,22 23 13,1,70,,1527,1,0,22 23 13,1,30,,1496,1,0,22 23 13,1,70,,1497,1,0,22 23 13,1,30,,1498,1,0,22 23 13,1,70,,1499,1,0,22 23 13,1,30,,1500,1,0,22 23 13,1,83,,1501,1,0,22 23 13,1
41901,'SatSun',636,,1765,13,4,,1,70,,1766,13,4,,1,34,,1767,18,4,,1,70,,1768,18,4,,1,30,,1769,18,4,,1,70,,1770,18,4,,1,30,,1771,18,4,,1,70,,1772,18,4,,1,30,,1773,18,4,,1,70,,1774,18,4,,1,30,,1775,18,4,,1,70,,1776,18,4,,1,30,,1777,18,4,,1,70,,1778,18,4,,1,30,,1779,18,4,,1,70,,1780,18,4,,1,30,,1781,18,4,,1,70,,1782,18,4,,1,30,,1783,18,4,,1,70,,1784,18,4,,1,30,,1785,18,4,,1,70,,1786,18,4,,1,30,,1787,18,4,,1,70,,1788,18,4,,1,30,,1789,18,4,,1,70,,1790,18,4,,1,30,,1791,18,4,,1,70,,1792,18,4,,1
41901,'Weekday',623,,1817,13,4,,1,34,,1798,18,4,,1,70,,1818,18,4,,1,30,,1799,18,4,,1,70,,1819,18,4,,1,30,,1800,18,4,,1,70,,1801,18,4,,1,30,,1820,18,4,,1,70,,1802,18,4,,1,30,,1803,18,4,,1,70,,1821,18,4,,1,30,,1804,18,4,,1,70,,1805,18,4,,1,30,,1806,18,4,,1,70,,1822,18,4,,1,30,,1807,18,4,,1,70,,1808,18,4,,1,30,,1809,18,4,,1,70,,1810,18,4,,1,30,,1823,18,4,,1,70,,1811,18,4,,1,30,,1812,18,4,,1,70,,1824,18,4,,1,30,,1813,18,4,,1,70,,1814,18,4,,1,30,,1825,18,4,,1,70,,1815,18,4,,1,30,,1816,18,4,,1,70,,1793,18,4,,1,30,,1794,18,4,,1,70,,1795,18,4,,1,30,,1796,18,4,,1,85,,1797,18,4,,1
61801,'Weekday',1112,,2113,31,0,7 44,1,130,,2114,31,0,7 44,1,585,,2117,31,0,7 44,1,130,,2118,31,0,7 44,1,170,,2119,31,0,7 44,1
90100,'Overnight',2326,,2423,41,4,,1,30,,2422,41,4,,1
90100,'SatSun',2211,,2455,41,4,,1,42,,2488,41,4,,1
90100,'Weekday',2253,,2585,41,4,,1
90101,'SatSun',2211,,2622,1,0,7 24 25,1,41,,2655,1,0,7 24 25,1
90101,'Weekday',2252,,2751,1,0,7 24 25,1
90501,'SatSun',645,,3043,38,,,1,170,,3044,38,,,1,130,,3045,38,,,1,170,,3046,38,,,1,130,,3047,38,,,1,170,,3048,38,,,1,130,,3049,38,,,1,170,,3050,38,,,1,130,,3051,38,,,1,170,,3052,38,,,1,185,,3053,38,,,1
90501,'Weekday',631,,3077,38,,,1,170,,3078,38,,,1,130,,3079,38,,,1,126,,3080,38,,,1,170,,3081,38,,,1,177,,3082,38,,,1,129,,3083,38,,,1,174,,3084,38,,,1,130,,3085,38,,,1,170,,3086,38,,,1,130,,3087,38,,,1,119,,3112,38,,,1
1400000200,'Overnight',332,,3850,40,4,,1,70,,3845,40,4,,1,30,,3839,40,4,,1,27,,3849,40,4,,1,70,,3843,40,4,,1,1902,,3842,40,4,,1,70,,3838,40,4,,1,28,,3851,40,4,,1,30,,3837,40,4,,1,70,,3840,40,4,,1,73,,3844,40,4,,1,30,,3841,40,4,,1,70,,3847,40,4,,1,30,,3846,40,4,,1,27,,3848,40,4,,1,70,,3852,40,4,,1
1400000201,'Overnight',302,,3863,1,,,1,30,,3858,1,,,1,70,,3862,1,,,1,30,,3856,1,,,1,27,,3857,1,,,1,70,,3859,1,,,1,1801,,3853,1,,,1,70,,3865,1,,,1,31,,3864,1,,,1,70,,3854,1,,,1,28,,3855,1,,,1,30,,3860,1,,,1,70,,3861,1,,,1,73,,3868,1,,,1,30,,3869,1,,,1,70,,3870,1,,,1,30,,3871,1,,,1,27,,3872,1,,,1,70,,3873,1,,,1
