30200,'SatSun',704,,707,44,0,16 17,1,30,,708,44,0,16 17,1,70,,709,44,0,16 17,1,30,,710,44,0,16 17,1,70,,711,44,0,16 17,1,30,,712,44,0,16 17,1,70,,713,44,0,16 17,1,30,,714,44,0,16 17,1,70,,715,44,0,16 17,1,30,,716,44,0,16 17,1,70,,717,44,0,16 17,1,30,,718,44,0,16 17,1,70,,719,44,0,16 17,1,30,,720,44,0,16 17,1,70,,721,44,0,16 17,1,30,,722,44,0,16 17,1,70,,723,44,0,16 17,1,30,,724,44,0,16 17,1,70,,725,44,0,16 17,1,30,,726,44,0,16 17,1,70,,727,44,0,16 17,1,30,,728,44,0,16 17,1,70,,729,44,0,16 17,1,30,,730,44,0,16 17,1,70,,731,44,0,16 17,1,30,,732,44,0,16 17,1,70,,733,44,0,16 17,1,30,,734,44,0,16 17,1,70,,735,44,0,16 17,1,30,,736,44,0,16 17,1,70,,737,44,0,16 17,1,30,,738,44,0,16 17,1,80,,739,44,0,16 17,1,20,,740,44,0,16 17,1
30200,'Weekday',503,,755,18,0,16 17,1,30,,770,18,0,16 17,1,77,,743,44,0,16 17,1,30,,760,44,0,16 17,1,67,,768,44,0,16 17,1,30,,767,44,0,16 17,1,70,,744,44,0,16 17,1,30,,757,44,0,16 17,1,70,,772,44,0,16 17,1,30,,752,44,0,16 17,1,70,,748,44,0,16 17,1,30,,742,44,0,16 17,1,70,,763,44,0,16 17,1,30,,777,44,0,16 17,1,70,,769,44,0,16 17,1,30,,758,44,0,16 17,1,70,,751,44,0,16 17,1,30,,753,44,0,16 17,1,70,,749,44,0,16 17,1,34,,780,44,0,16 17,1,70,,747,44,0,16 17,1,30,,759,44,0,16 17,1,70,,754,44,0,16 17,1,30,,756,44,0,16 17,1,60,,774,44,0,16 17,1,20,,745,44,0,16 17,1,25,,766,44,0,16 17,1,70,,765,44,0,16 17,1,30,,771,44,0,16 17,1,64,,741,44,0,16 17,1,30,,773,44,0,16 17,1,70,,782,44,0,16 17,1,30,,750,44,0,16 17,1,70,,775,44,0,16 17,1,30,,779,44,0,16 17,1,70,,781,44,0,16 17,1,30,,778,44,0,16 17,1,83,,776,44,0,16 17,1
40901,'SatSun',645,,1466,2,0,22 23 13,1,70,,1467,2,0,22 23 13,1,30,,1468,2,0,22 23 13,1,70,,1469,2,0,22 23 13,1,30,,1470,2,0,22 23 13,1,70,,1471,2,0,22 23 13,1,30,,1472,2,0,22 23 13,1,70,,1473,2,0,22 23 13,1,30,,1474,2,0,22 23 13,1,70,,1475,2,0,22 23 13,1,30,,1476,2,0,22 23 13,1,70,,1477,2,0,22 23 13,1,30,,1478,2,0,22 23 13,1,70,,1479,2,0,22 23 13,1,27,,1480,2,0,22 23 13,1,73,,1481,2,0,22 23 13,1,30,,1482,2,0,22 23 13,1,70,,1483,2,0,22 23 13,1,30,,1484,2,0,22 23 13,1,70,,1485,2,0,22 23 13,1,30,,1486,2,0,22 23 13,1,70,,1487,2,0,22 23 13,1,30,,1488,2,0,22 23 13,1,70,,1489,2,0,22 23 13,1,30,,1490,2,0,22 23 13,1,70,,1491,2,0,22 23 13,1,30,,1492,2,0,22 23 13,1,70,,1493,2,0,22 23 13,1,202,,1494,2,0,22 23 13,1,106,,1495,2,0,22 23 13,1
40901,'Weekday',631,,1528,2,0,22 23 13,1,70,,1502,2,0,22 23 13,1,30,,1503,2,0,22 23 13,1,70,,1504,2,0,22 23 13,1,30,,1505,2,0,22 23 13,1,70,,1506,2,0,22 23 13,1,30,,1507,2,0,22 23 13,1,70,,1508,2,0,5 22 23 13,1,30,,1509,2,0,22 23 13,1,70,,1510,2,0,22 23 13,1,30,,1511,2,0,22 23 13,1,70,,1512,2,0,5 22 23 13,1,30,,1513,2,0,22 23 13,1,70,,1514,2,0,22 23 13,1,30,,1515,2,0,22 23 13,1,70,,1516,2,0,5 22 23 13,1,30,,1517,2,0,22 23 13,1,70,,1518,2,0,22 23 13,1,30,,1519,2,0,7 22 23 13,1,70,,1520,2,0,22 23 13,1,30,,1521,2,0,22 23 13,1,70,,1522,2,0,22 23 13,1,30,,1523,2,0,22 23 13,1,70,,1524,2,0,22 23 13,1,30,,1525,2,0,22 23 13,1,70,,1526,2,0,22 23 13,1,30,,1527,2,0,22 23 13,1,70,,1496,2,0,22 23 13,1,30,,1497,2,0,22 23 13,1,70,,1498,2,0,22 23 13,1,30,,1499,2,0,22 23 13,1,70,,1500,2,0,22 23 13,1,43,,1501,2,0,22 23 13,1
61801,'Weekday',1113,,2113,32,0,7 44,1,130,,2114,32,0,7 44,1,585,,2117,32,0,7 44,1,130,,2118,32,0,7 44,1,170,,2119,32,0,7 44,1
90101,'SatSun',2212,,2622,2,0,7 24 25,1,41,,2655,2,0,7 24 25,1
90101,'Weekday',2253,,2751,2,0,7 24 25,1
90501,'SatSun',549,,3054,3,,,1,70,,3055,3,,,1,28,,3043,39,,,1,72,,3056,3,,,1,30,,3057,3,,,1,68,,3044,39,,,1,32,,3058,3,,,1,70,,3059,3,,,1,28,,3045,39,,,1,72,,3060,3,,,1,30,,3061,3,,,1,68,,3046,39,,,1,32,,3062,3,,,1,70,,3063,3,,,1,28,,3047,39,,,1,72,,3070,3,,,1,30,,3071,3,,,1,68,,3048,39,,,1,32,,3072,3,,,1,70,,3073,3,,,1,28,,3049,39,,,1,72,,3074,3,,,1,30,,3075,3,,,1,68,,3050,39,,,1,32,,3076,3,,,1,70,,3064,3,,,1,28,,3051,39,,,1,72,,3065,3,,,1,30,,3066,3,,,1,68,,3052,39,,,1,32,,3067,3,,,1,70,,3068,3,,,1,83,,3053,39,,,1,17,,3069,3,,,1
90501,'Weekday',534,,3088,3,,,1,70,,3089,3,,,1,29,,3077,39,,,1,11,,3113,3,,,1,15,,3090,3,,,1,57,,3114,3,,,1,13,,3091,3,,,1,15,,3115,3,,,1,59,,3078,39,,,1,11,,3116,3,,,1,15,,3092,3,,,1,15,,3117,3,,,1,15,,3093,3,,,1,55,,3118,3,,,1,19,,3079,39,,,1,11,,3119,3,,,1,15,,3094,3,,,1,55,,3120,3,,,1,15,,3095,3,,,1,15,,3121,3,,,1,15,,3080,39,,,1,55,,3122,3,,,1,15,,3096,3,,,1,15,,3123,3,,,1,15,,3097,3,,,1,55,,3124,3,,,1,15,,3081,39,,,1,14,,3125,3,,,1,14,,3098,3,,,1,56,,3126,3,,,1,14,,3099,3,,,1,16,,3127,3,,,1,63,,3082,39,,,1,14,,3128,3,,,1,15,,3100,3,,,1,15,,3129,3,,,1,55,,3101,3,,,1,15,,3130,3,,,1,15,,3083,39,,,1,19,,3131,3,,,1,55,,3102,3,,,1,15,,3132,3,,,1,15,,3103,3,,,1,70,,3084,39,,,1,15,,3133,3,,,1,15,,3104,3,,,1,15,,3134,3,,,1,55,,3105,3,,,1,15,,3135,3,,,1,15,,3085,39,,,1,70,,3106,3,,,1,30,,3107,3,,,1,70,,3086,39,,,1,30,,3108,3,,,1,70,,3109,3,,,1,30,,3087,39,,,1,70,,3110,3,,,1,30,,3111,3,,,1,19,,3112,39,,,1
1400000201,'Overnight',303,,3863,2,,,1,30,,3858,2,,,1,70,,3862,2,,,1,30,,3856,2,,,1,67,,3857,2,,,1,30,,3859,2,,,1,1801,,3853,2,,,1,70,,3865,2,,,1,31,,3864,2,,,1,70,,3854,2,,,1,28,,3855,2,,,1,70,,3860,2,,,1,30,,3861,2,,,1,73,,3868,2,,,1,30,,3869,2,,,1,70,,3870,2,,,1,30,,3871,2,,,1,67,,3872,2,,,1,30,,3873,2,,,1
