40300,'SatSun',630,,991,,,1,70,,992,,,1,30,,993,,,1,70,,994,,,1,30,,995,,,1,70,,996,,,1,30,,997,,,1,70,,998,,,1,30,,999,,,1,26,,1000,,,1,70,,1001,,,1,74,,1002,,,1,30,,1003,,,1,70,,1004,,,1,30,,1005,,,1,70,,1006,,,1,30,,1007,,,1,70,,1008,,,1,30,,1009,,,1,26,,1010,,,1,74,,1011,,,1,70,,1012,,,1,30,,1013,,,1,70,,1014,,,1,30,,1015,,,1,70,,1016,,,1,30,,1017,,,1,70,,1018,,,1,30,,1019,,,1,70,,1020,,,1,30,,1021,,,1
40300,'Weekday',605,,1042,,,1,30,,1058,,,1,70,,1053,,,1,30,,1059,,,1,70,,1060,,,1,30,,1061,,,1,70,,1062,,,1,30,,1063,,,1,70,,1064,,,1,30,,1065,,,1,70,,1022,,,1,30,,1023,,,1,70,,1024,,,1,30,,1025,,,1,70,,1026,,,1,30,,1027,,,1,70,,1038,,,1,33,,1039,,,1,62,,1040,,,1,30,,1041,,,1,70,,1043,,,1,30,,1044,,,1,70,,1045,,,1,30,,1046,,,1,70,,1047,,,1,30,,1048,,,1,70,,1049,,,1,30,,1050,,,1,70,,1051,,,1,30,,1052,,,1,70,,1054,,,1,30,,1055,,,1,70,,1056,,,1,30,,1057,,,1
40301,'SatSun',624,,1066,4,,1,30,,1067,4,,1,70,,1068,4,,1,30,,1069,4,,1,70,,1070,4,,1,30,,1071,4,,1,70,,1072,4,,1,32,,1073,4,,1,70,,1074,4,,1,30,,1075,4,,1,70,,1076,4,,1,30,,1077,4,,1,70,,1078,4,,1,30,,1079,4,,1,70,,1080,4,,1,30,,1081,4,,1,70,,1082,4,,1,30,,1083,4,,1,70,,1084,4,,1,30,,1085,4,,1,70,,1086,4,,1,30,,1087,4,,1,70,,1088,4,,1,30,,1089,4,,1,70,,1090,4,,1,30,,1091,4,,1,70,,1092,4,,1,30,,1093,4,,1,70,,1094,4,,1,30,,1095,4,,1,70,,1096,4,,1,30,,1097,4,,1,70,,1098,4,,1
40301,'Weekday',630,,1109,4,,1,70,,1108,4,,1,30,,1110,4,,1,70,,1111,4,,1,30,,1112,4,,1,70,,1113,4,,1,30,,1114,4,,1,70,,1115,4,,1,30,,1116,4,,1,70,,1117,4,,1,30,,1118,4,,1,70,,1119,4,,1,30,,1120,4,,1,70,,1121,4,,1,30,,1122,4,,1,70,,1123,4,,1,30,,1124,4,,1,25,,1125,4,,1,70,,1126,4,,1,30,,1127,4,,1,70,,1128,4,,1,30,,1129,4,,1,70,,1130,4,,1,30,,1131,4,,1,70,,1132,4,,1,30,,1133,4,,1,70,,1134,4,,1,30,,1135,4,,1,70,,1136,4,,1,30,,1137,4,,1,70,,1138,4,,1,30,,1139,4,,1,72,,1140,4,,1,32,,1141,4,,1
42100,'Weekday',552,,1826,0,7 30,1,70,,1827,0,7 30,1,30,,1828,0,7 30,1,70,,1829,0,7 30,1,82,,1830,0,7 30,1,30,,1831,0,7 30,1,70,,1832,0,7 30,1,25,,1833,0,7 30,1,75,,1834,0,7 30,1,31,,1835,0,7 30,1,70,,1836,0,7 30,1,30,,1837,0,7 30,1,70,,1838,0,7 30,1,54,,1839,0,7 30,1,70,,1840,0,5 30,1,30,,1841,0,7 30,1,70,,1842,0,7 30,1,30,,1843,0,7 30,1,81,,1852,0,7 30,1,19,,1854,0,7 30,1,70,,1853,0,7 30,1,30,,1844,,,1,70,,1845,,,1,30,,1846,,,1,70,,1847,,,1,30,,1848,,,1,70,,1849,,,1,30,,1850,0,10 26,1,70,,1851,0,10 26,1
42101,'Weekday',559,,1855,4,,1,70,,1856,4,,1,30,,1857,4,,1,70,,1858,4,,1,30,,1859,4,,1,70,,1860,4,,1,30,,1861,4,,1,82,,1862,4,,1,89,,1863,4,,1,70,,1864,4,,1,25,,1865,4,,1,75,,1866,4,,1,30,,1867,4,,1,70,,1868,4,,1,28,,1869,4,,1,28,,1870,4,,1,95,,1871,4,,1,81,,1872,4,,1,19,,1873,4,,1,70,,1874,4,,1,30,,1875,4,,1,74,,1876,4,,1,26,,1877,4,,1,77,,1878,4,,1,30,,1879,4,,1,70,,1880,4,,1,30,,1881,4,,1,70,,1882,4,,1
90200,'SatSun',630,,2770,,,1,70,,2771,,,1,30,,2772,,,1,70,,2773,,,1,30,,2774,,,1,70,,2775,,,1,30,,2776,,,1,70,,2777,,,1,30,,2778,,,1,70,,2779,,,1,30,,2780,,,1,70,,2781,,,1,30,,2782,,,1,70,,2783,,,1,30,,2784,,,1,70,,2785,,,1,30,,2786,,,1,70,,2787,,,1,30,,2788,,,1,70,,2789,,,1,30,,2790,,,1,70,,2791,,,1,30,,2792,,,1,70,,2793,,,1,30,,2794,,,1,70,,2795,,,1,30,,2796,,,1,70,,2797,,,1,30,,2798,,,1,70,,2799,,,1,30,,2800,,,1,70,,2801,,,1,30,,2802,,,1,70,,2803,,,1
90200,'Weekday',600,,2804,,,1,20,,2805,,,1,20,,2806,,,1,60,,2807,,,1,20,,2808,,,1,20,,2809,,,1,65,,2810,,,1,15,,2811,,,1,20,,2812,,,1,60,,2813,,,1,20,,2814,,,1,20,,2815,,,1,60,,2816,,,1,20,,2817,,,1,20,,2818,,,1,60,,2819,,,1,20,,2820,,,1,20,,2821,,,1,65,,2822,,,1,20,,2823,,,1,15,,2824,,,1,65,,2825,,,1,15,,2826,,,1,20,,2827,,,1,60,,2828,,,1,20,,2829,,,1,20,,2830,,,1,60,,2831,,,1,30,,2832,,,1,10,,2833,,,1,60,,2834,,,1,20,,2835,,,1,20,,2836,,,1,60,,2837,,,1,20,,2838,,,1,20,,2839,,,1,60,,2840,,,1,20,,2841,,,1,20,,2842,,,1,60,,2843,,,1,30,,2844,,,1,70,,2845,,,1,30,,2846,,,1,70,,2847,,,1,30,,2848,,,1,70,,2849,,,1,30,,2850,,,1,70,,2851,,,1
90201,'SatSun',622,,2852,4,,1,30,,2853,4,,1,70,,2854,4,,1,30,,2855,4,,1,73,,2856,4,,1,30,,2857,4,,1,70,,2858,4,,1,30,,2859,4,,1,67,,2860,4,,1,30,,2861,4,,1,70,,2862,4,,1,30,,2863,4,,1,70,,2864,4,,1,30,,2865,4,,1,70,,2866,4,,1,30,,2867,4,,1,70,,2868,4,,1,30,,2869,4,,1,70,,2870,4,,1,30,,2871,4,,1,70,,2872,4,,1,30,,2873,4,,1,70,,2874,4,,1,30,,2875,4,,1,70,,2876,4,,1,30,,2877,4,,1,70,,2878,4,,1,30,,2879,4,,1,70,,2880,4,,1,30,,2881,4,,1,70,,2882,4,,1,30,,2883,4,,1,70,,2884,4,,1,30,,2885,4,,1,70,,2886,4,,1
90201,'Weekday',559,,2904,4,,1,70,,2905,4,,1,20,,2906,4,,1,70,,2907,4,,1,10,,2908,4,,1,30,,2909,4,,1,60,,2910,4,,1,20,,2911,4,,1,20,,2912,4,,1,60,,2913,4,,1,20,,2914,4,,1,20,,2915,4,,1,60,,2916,4,,1,20,,2917,4,,1,20,,2918,4,,1,60,,2919,4,,1,20,,2920,4,,1,20,,2921,4,,1,60,,2922,4,,1,20,,2923,4,,1,20,,2924,4,,1,60,,2925,4,,1,20,,2926,4,,1,20,,2927,4,,1,60,,2928,4,,1,20,,2929,4,,1,20,,2930,4,,1,60,,2931,4,,1,20,,2932,4,,1,63,,2933,4,,1,20,,2934,4,,1,20,,2935,4,,1,60,,2936,4,,1,30,,2937,4,,1,10,,2938,4,,1,62,,2949,4,,1,18,,2950,4,,1,20,,2951,4,,1,62,,2939,4,,1,18,,2940,4,,1,20,,2941,4,,1,62,,2942,4,,1,9,,2943,4,,1,44,,2944,4,,1,70,,2945,4,,1,30,,2946,4,,1,70,,2947,4,,1,30,,2948,4,,1
