41000,'Canada Day',709,,9978,42,,,1,30,,9979,42,,,1,70,,9980,42,,,1,30,,9981,42,,,1,70,,9982,42,,,1,30,,9983,42,,,1,72,,9984,42,,,1,30,,9985,42,,,1,70,,9986,42,,,1,30,,9987,42,,,1,70,,9988,42,,,1,30,,9989,42,,,1,70,,9990,42,,,1,32,,9991,42,,,1,70,,9992,42,,,1,30,,9993,42,,,1,70,,9994,42,,,1,30,,9995,42,,,1,70,,9996,42,,,1,30,,9997,42,,,1,70,,9998,42,,,1,30,,9999,42,,,1,68,,10000,42,,,1,30,,10001,42,,,1,70,,10002,42,,,1,30,,10003,42,,,1,70,,10004,42,,,1,30,,10005,42,,,1,68,,10006,42,,,1,32,,10007,42,,,1,70,,10008,42,,,1,35,,10009,42,,,1,70,,10010,42,,,1
41000,'SatSun',709,,10011,42,,,1,30,,10012,42,,,1,70,,10013,42,,,1,30,,10014,42,,,1,70,,10015,42,,,1,30,,10016,42,,,1,72,,10017,42,,,1,30,,10018,42,,,1,70,,10019,42,,,1,30,,10020,42,,,1,70,,10021,42,,,1,30,,10022,42,,,1,70,,10023,42,,,1,32,,10024,42,,,1,70,,10025,42,,,1,30,,10026,42,,,1,70,,10027,42,,,1,30,,10028,42,,,1,70,,10029,42,,,1,30,,10030,42,,,1,70,,10031,42,,,1,30,,10043,42,,,1,68,,10032,42,,,1,30,,10033,42,,,1,70,,10034,42,,,1,30,,10035,42,,,1,70,,10036,42,,,1,30,,10037,42,,,1,68,,10038,42,,,1,32,,10039,42,,,1,70,,10040,42,,,1,35,,10041,42,,,1,70,,10042,42,,,1
41000,'Weekday',636,,10044,42,,,1,70,,10045,42,,,1,30,,10046,42,,,1,70,,10047,42,,,1,30,,10048,42,,,1,70,,10049,42,,,1,30,,10050,42,,,1,70,,10051,42,,,1,30,,10052,42,,,1,70,,10053,42,,,1,30,,10054,42,,,1,70,,10055,42,,,1,30,,10056,42,,,1,70,,10057,42,,,1,30,,10058,42,,,1,70,,10059,42,,,1,30,,10060,42,,,1,70,,10061,42,,,1,30,,10062,42,,,1,70,,10063,42,,,1,30,,10064,42,,,1,23,,10065,42,,,1,77,,10066,42,,,1,70,,10067,42,,,1,30,,10068,42,,,1,70,,10069,42,,,1,31,,10070,42,,,1,69,,10071,42,,,1,30,,10072,42,,,1,70,,10073,42,,,1,30,,10074,42,,,1,70,,10075,42,,,1,30,,10076,42,,,1,70,,10077,42,,,1,30,,10078,42,,,1
41900,'Canada Day',741,,10184,19,,,1,70,,10185,19,,,1,31,,10186,19,,,1,70,,10187,19,,,1,30,,10188,19,,,1,70,,10189,19,,,1,30,,10190,19,,,1,70,,10191,19,,,1,30,,10192,19,,,1,70,,10193,19,,,1,30,,10194,19,,,1,70,,10195,19,,,1,30,,10196,19,,,1,70,,10197,19,,,1,30,,10198,19,,,1,70,,10199,19,,,1,30,,10200,19,,,1,70,,10201,19,,,1,30,,10202,19,,,1,69,,10203,19,,,1,30,,10204,19,,,1,70,,10205,19,,,1,30,,10206,19,,,1,70,,10207,19,,,1,30,,10208,19,,,1,70,,10209,19,,,1
41900,'SatSun',741,,10210,19,,,1,70,,10211,19,,,1,31,,10212,19,,,1,70,,10213,19,,,1,30,,10214,19,,,1,70,,10215,19,,,1,30,,10216,19,,,1,70,,10217,19,,,1,30,,10218,19,,,1,70,,10219,19,,,1,30,,10220,19,,,1,70,,10221,19,,,1,30,,10222,19,,,1,70,,10223,19,,,1,30,,10224,19,,,1,70,,10225,19,,,1,30,,10226,19,,,1,70,,10227,19,,,1,30,,10228,19,,,1,69,,10229,19,,,1,30,,10230,19,,,1,70,,10231,19,,,1,30,,10232,19,,,1,70,,10233,19,,,1,30,,10234,19,,,1,70,,10235,19,,,1
41900,'Weekday',721,,10242,19,,,1,31,,10243,19,,,1,73,,10244,19,,,1,30,,10245,19,,,1,70,,10246,19,,,1,29,,10247,19,,,1,67,,10248,19,,,1,32,,10249,19,,,1,68,,10250,19,,,1,30,,10251,19,,,1,70,,10252,19,,,1,32,,10253,19,,,1,68,,10254,19,,,1,33,,10255,19,,,1,70,,10256,19,,,1,32,,10257,19,,,1,71,,10258,19,,,1,30,,10259,19,,,1,70,,10260,19,,,1,73,,10261,19,,,1,27,,10262,19,,,1,30,,10263,19,,,1,70,,10264,19,,,1,30,,10265,19,,,1,70,,10267,19,,,1,30,,10266,19,,,1,70,,10236,19,,,1,30,,10237,19,,,1,70,,10238,19,,,1,30,,10239,19,,,1,70,,10240,19,,,1,82,,10241,19,,,1
91601,'Canada Day',529,,12639,3,,,1,30,,12640,3,,,1,65,,12641,3,,,1,25,,12642,3,,,1,65,,12643,3,,,1,30,,12644,3,,,1,70,,12645,3,,,1,30,,12646,3,,,1,70,,12647,3,,,1,30,,12648,3,,,1,65,,12649,3,,,1,35,,12650,3,,,1,70,,12651,3,,,1,30,,12652,3,,,1,70,,12653,3,,,1,30,,12654,3,,,1,70,,12655,3,,,1,33,,12656,3,,,1,70,,12657,3,,,1,30,,12658,3,,,1,70,,12659,3,,,1,30,,12660,3,,,1,70,,12661,3,,,1,30,,12662,3,,,1,70,,12663,3,,,1,30,,12664,3,,,1,70,,12665,3,,,1,30,,12666,3,,,1,70,,12667,3,,,1,26,,12668,3,,,1,70,,12669,3,,,1,27,,12670,3,,,1,70,,12671,3,,,1,30,,12672,3,,,1,65,,12673,3,,,1,30,,12674,3,,,1,67,,12675,3,,,1,30,,12676,3,,,1,71,,12677,3,,,1
91601,'Overnight',437,,13214,3,,,1,70,,13215,3,,,1,2330,,12679,3,,,1,70,,12681,3,,,1
91601,'SatSun',529,,12682,3,,,1,30,,12683,3,,,1,65,,12684,3,,,1,25,,12685,3,,,1,65,,12686,3,,,1,30,,12687,3,,,1,70,,12688,3,,,1,30,,12689,3,,,1,70,,12690,3,,,1,30,,12691,3,,,1,65,,12692,3,,,1,35,,12693,3,,,1,70,,12694,3,,,1,30,,12695,3,,,1,70,,12696,3,,,1,30,,12697,3,,,1,70,,12698,3,,,1,33,,12699,3,,,1,70,,12700,3,,,1,30,,12701,3,,,1,70,,12702,3,,,1,30,,12703,3,,,1,70,,12704,3,,,1,30,,12705,3,,,1,70,,12706,3,,,1,30,,12707,3,,,1,70,,12708,3,,,1,30,,12709,3,,,1,70,,12710,3,,,1,26,,12711,3,,,1,70,,12712,3,,,1,27,,12713,3,,,1,70,,12714,3,,,1,30,,12715,3,,,1,65,,12716,3,,,1,30,,12717,3,,,1,67,,12718,3,,,1,30,,12719,3,,,1,71,,12720,3,,,1
91601,'Weekday',524,,12721,3,,,1,28,,12722,3,,,1,71,,12723,3,,,1,30,,12724,3,,,1,65,,12725,3,,,1,20,,12726,3,,,1,20,,12727,3,,,1,60,,12728,3,,,1,20,,12729,3,,,1,20,,12730,3,,,1,60,,12731,3,,,1,20,,12732,3,,,1,20,,12733,3,,,1,60,,12734,3,,,1,20,,12735,3,,,1,20,,12736,3,,,1,60,,12737,3,,,1,20,,12738,3,,,1,20,,12739,3,,,1,60,,12740,3,,,1,20,,12741,3,,,1,20,,12742,3,,,1,60,,12743,3,,,1,20,,12744,3,,,1,20,,12745,3,,,1,61,,12746,3,,,1,20,,12747,3,,,1,20,,12748,3,,,1,60,,12749,3,,,1,25,,12750,3,,,1,65,,12751,3,,,1,20,,12752,3,,,1,20,,12753,3,,,1,60,,12754,3,,,1,23,,12755,3,,,1,20,,12756,3,,,1,60,,12757,3,,,1,22,,12758,3,,,1,20,,12759,3,,,1,60,,12760,3,,,1,20,,12761,3,,,1,19,,12762,3,,,1,60,,12763,3,,,1,20,,12764,3,,,1,25,,12765,3,,,1,70,,12766,3,,,1,30,,12767,3,,,1,70,,12768,3,,,1,30,,12769,3,,,1,70,,12770,3,,,1,74,,12771,3,,,1
