50200,'Weekday',658,,10544,41,4,,1,70,,10545,41,4,,1,30,,10546,41,4,,1,70,,10547,41,4,,1,31,,10548,41,4,,1,68,,10549,41,4,,1,11,,10560,27,4,,1,70,,10561,27,4,,1,30,,10562,27,4,,1,70,,10563,27,4,,1,30,,10564,27,4,,1,70,,10565,27,4,,1,30,,10566,27,4,,1,70,,10567,27,4,,1,35,,10568,27,4,,1,70,,10569,27,4,,1,44,,10550,41,4,,1,71,,10551,41,4,,1,25,,10552,41,4,,1,70,,10553,41,4,,1,30,,10554,41,4,,1,70,,10555,41,4,,1,30,,10556,41,4,,1,67,,10557,41,4,,1,35,,10558,41,4,,1,56,,10559,41,4,,1
50201,'Canada Day',932,,10571,1,,,1,70,,10572,1,,,1,30,,10573,1,,,1,69,,10574,1,,,1,30,,10575,1,,,1,70,,10576,1,,,1,30,,10577,1,,,1,70,,10578,1,,,1,30,,10579,1,,,1,70,,10580,1,,,1,30,,10581,1,,,1,70,,10582,1,,,1,30,,10583,1,,,1,70,,10584,1,,,1,30,,10585,1,,,1,70,,10586,1,,,1,31,,10587,1,,,1,70,,10588,1,,,1,30,,10589,1,,,1,70,,10590,1,,,1,30,,10591,1,,,1
50201,'SatSun',932,,10592,1,,,1,70,,10593,1,,,1,30,,10594,1,,,1,69,,10595,1,,,1,30,,10596,1,,,1,70,,10597,1,,,1,30,,10598,1,,,1,70,,10599,1,,,1,30,,10600,1,,,1,70,,10601,1,,,1,30,,10602,1,,,1,70,,10603,1,,,1,30,,10604,1,,,1,70,,10605,1,,,1,30,,10606,1,,,1,70,,10607,1,,,1,31,,10608,1,,,1,70,,10609,1,,,1,30,,10610,1,,,1,70,,10611,1,,,1,30,,10612,1,,,1
50201,'Weekday',538,,10613,1,0,5 36,1,70,,10614,1,0,5 36,1,30,,10615,1,0,5 36,1,65,,10616,1,0,5 36,1,40,,10617,1,0,5 36,1,59,,10618,1,0,5 36,1,36,,10619,1,,,1,70,,10620,1,,,1,30,,10621,1,,,1,70,,10622,1,,,1,30,,10623,1,,,1,70,,10624,1,,,1,30,,10625,1,,,1,70,,10626,1,,,1,35,,10627,1,,,1,65,,10628,1,,,1,30,,10629,1,0,5 36,1,76,,10630,1,0,5 36,1,19,,10631,1,0,5 36,1,70,,10632,1,0,5 36,1,30,,10633,1,0,5 36,1,70,,10634,1,0,5 36,1,30,,10635,1,0,5 36,1,70,,10636,1,0,5 36,1,30,,10637,1,0,5 36,1,22,,10638,1,0,5 36,1,78,,10639,1,0,5 36,1,75,,10640,1,,,1,31,,10641,1,,,1,70,,10642,1,,,1,30,,10643,1,,,1,70,,10644,1,,,1,30,,10645,1,,,1,20,,10646,1,,,1,70,,10647,1,,,1
50500,'Weekday',553,,10662,1,,,1,70,,10652,1,,,1,30,,10653,1,,,1,70,,10655,1,,,1,30,,10665,1,,,1,70,,10657,1,,,1,725,,10664,1,,,1,70,,10659,1,,,1,30,,10656,1,,,1,70,,10654,1,,,1,30,,10660,1,,,1,70,,10663,1,,,1,30,,10661,1,,,1,70,,10658,1,,,1
50501,'Weekday',637,,10666,20,4,,1,73,,10681,5,4,,1,27,,10677,20,4,,1,70,,10672,20,4,,1,30,,10678,20,4,,1,70,,10671,20,4,,1,725,,10673,20,4,,1,70,,10676,20,4,,1,32,,10680,5,4,,1,68,,10675,20,4,,1,30,,10669,20,4,,1,70,,10667,20,4,,1,30,,10668,20,4,,1,70,,10670,20,4,,1
50700,'Weekday',718,,10682,1,,,1,882,,10683,1,,,1,100,,10684,1,,,1,100,,10685,1,,,1,100,,10686,1,,,1
50701,'Weekday',619,,10687,20,4,,1,100,,10688,20,4,,1,100,,10689,20,4,,1,882,,10690,20,4,,1,100,,10691,20,4,,1,100,,10692,20,4,,1,100,,10693,20,4,,1
90200,'Canada Day',732,,11668,51,4,,1,70,,11669,51,4,,1,30,,11670,51,4,,1,70,,11671,51,4,,1,30,,11672,51,4,,1,70,,11673,51,4,,1,29,,11674,51,4,,1,70,,11675,51,4,,1,30,,11677,51,4,,1,70,,11679,51,4,,1,30,,11681,51,4,,1,70,,11683,51,4,,1,30,,11685,51,4,,1,70,,11687,51,4,,1,30,,11689,51,4,,1,70,,11691,51,4,,1,30,,11693,51,4,,1,70,,11695,51,4,,1,30,,11697,51,4,,1,70,,11699,51,4,,1,31,,11701,51,4,,1,70,,11703,51,4,,1,30,,11705,51,4,,1,70,,11707,51,4,,1,30,,11709,51,4,,1,70,,11710,51,4,,1,30,,11711,51,4,,1,70,,11712,51,4,,1,30,,11713,51,4,,1,70,,11714,51,4,,1,30,,11715,51,4,,1,19,,11716,51,4,,1,70,,11717,51,4,,1,30,,11718,51,4,,1
90200,'SatSun',732,,11736,51,4,,1,70,,11737,51,4,,1,30,,11738,51,4,,1,70,,11739,51,4,,1,30,,11740,51,4,,1,70,,11741,51,4,,1,29,,11742,51,4,,1,70,,11743,51,4,,1,30,,11744,51,4,,1,70,,11745,51,4,,1,30,,11746,51,4,,1,70,,11747,51,4,,1,30,,11748,51,4,,1,70,,11749,51,4,,1,30,,11750,51,4,,1,70,,11751,51,4,,1,30,,11752,51,4,,1,70,,11753,51,4,,1,30,,11754,51,4,,1,70,,11755,51,4,,1,31,,11756,51,4,,1,70,,11757,51,4,,1,30,,11758,51,4,,1,70,,11759,51,4,,1,30,,11760,51,4,,1,70,,11761,51,4,,1,30,,11762,51,4,,1,70,,11763,51,4,,1,30,,11764,51,4,,1,70,,11765,51,4,,1,30,,11766,51,4,,1,19,,11767,51,4,,1,70,,11768,51,4,,1,30,,11769,51,4,,1
90200,'Weekday',657,,11770,51,4,,1,60,,11771,51,4,,1,20,,11772,51,4,,1,20,,11773,51,4,,1,60,,11774,51,4,,1,20,,11775,51,4,,1,65,,11776,51,4,,1,15,,11777,51,4,,1,20,,11778,51,4,,1,20,,11779,51,4,,1,60,,11780,51,4,,1,22,,11781,51,4,,1,20,,11782,51,4,,1,60,,11783,51,4,,1,20,,11784,51,4,,1,20,,11785,51,4,,1,60,,11786,51,4,,1,20,,11787,51,4,,1,65,,11788,51,4,,1,20,,11789,51,4,,1,15,,11790,51,4,,1,65,,11791,51,4,,1,15,,11792,51,4,,1,20,,11793,51,4,,1,20,,11794,51,4,,1,60,,11795,51,4,,1,20,,11796,51,4,,1,20,,11797,51,4,,1,70,,11798,51,4,,1,10,,11799,51,4,,1,20,,11800,51,4,,1,60,,11801,51,4,,1,20,,11802,51,4,,1,20,,11803,51,4,,1,60,,11804,51,4,,1,20,,11805,51,4,,1,20,,11806,51,4,,1,60,,11807,51,4,,1,20,,11808,51,4,,1,20,,11809,51,4,,1,70,,11810,51,4,,1,24,,11811,51,4,,1,70,,11812,51,4,,1,33,,11813,51,4,,1,67,,11814,51,4,,1,30,,11815,51,4,,1,70,,11816,51,4,,1,30,,11817,51,4,,1
90201,'Canada Day',535,,11818,1,,,1,70,,11819,1,,,1,30,,11820,1,,,1,70,,11821,1,,,1,27,,11822,1,,,1,70,,11823,1,,,1,30,,11824,1,,,1,70,,11825,1,,,1,34,,11826,1,,,1,1066,,11864,1,,,1,30,,11865,1,,,1,70,,11866,1,,,1,30,,11867,1,,,1,70,,11868,1,,,1,30,,11869,1,,,1
90201,'SatSun',535,,11870,1,,,1,70,,11871,1,,,1,30,,11872,1,,,1,70,,11873,1,,,1,27,,11874,1,,,1,70,,11875,1,,,1,30,,11876,1,,,1,70,,11877,1,,,1,34,,11878,1,,,1,1066,,11899,1,,,1,30,,11900,1,,,1,70,,11901,1,,,1,30,,11902,1,,,1,70,,11903,1,,,1,30,,11904,1,,,1
90201,'Weekday',500,,11922,1,,,1,30,,11923,1,,,1,20,,11924,1,,,1,70,,11925,1,,,1,10,,11926,1,,,1,70,,11927,1,,,1,20,,11928,1,,,1,20,,11929,1,,,1,60,,11930,1,,,1,20,,11931,1,,,1,20,,11932,1,,,1,60,,11933,1,,,1,20,,11934,1,,,1,20,,11935,1,,,1,60,,11936,1,,,1,20,,11937,1,,,1,20,,11938,1,,,1,60,,11939,1,,,1,20,,11940,1,,,1,20,,11941,1,,,1,60,,11942,1,,,1,20,,11943,1,,,1,20,,11944,1,,,1,60,,11945,1,,,1,20,,11946,1,,,1,20,,11947,1,,,1,60,,11948,1,,,1,20,,11949,1,,,1,20,,11950,1,,,1,60,,11951,1,,,1,20,,11952,1,,,1,20,,11953,1,,,1,60,,11954,1,,,1,30,,11955,1,,,1,10,,11956,1,,,1,62,,11967,1,,,1,18,,11968,1,,,1,20,,11969,1,,,1,62,,11957,1,,,1,18,,11958,1,,,1,20,,11959,1,,,1,62,,11960,1,,,1
