41901,'SatSun_merged_94403',723,,1767,,,1,30,,1768,,,1,70,,1769,,,1,30,,1770,,,1,70,,1771,,,1,30,,1772,,,1,70,,1773,,,1,30,,1774,,,1,70,,1775,,,1,30,,1776,,,1,70,,1777,,,1,30,,1778,,,1,70,,1779,,,1,30,,1780,,,1,70,,1781,,,1,30,,1782,,,1,70,,1783,,,1,30,,1784,,,1,70,,1785,,,1,30,,1786,,,1,70,,1787,,,1,30,,1788,,,1,70,,1789,,,1,30,,1790,,,1,70,,1791,,,1,30,,1792,,,1
41901,'Weekday_merged_94404',640,,1798,,,1,70,,1818,,,1,30,,1799,,,1,70,,1819,,,1,30,,1800,,,1,70,,1801,,,1,30,,1820,,,1,70,,1802,,,1,30,,1803,,,1,70,,1821,,,1,30,,1804,,,1,70,,1805,,,1,30,,1806,,,1,70,,1822,,,1,30,,1807,,,1,70,,1808,,,1,30,,1809,,,1,70,,1810,,,1,30,,1823,,,1,70,,1811,,,1,30,,1812,,,1,70,,1824,,,1,30,,1813,,,1,70,,1814,,,1,30,,1825,,,1,70,,1815,,,1,30,,1816,,,1,70,,1793,,,1,30,,1794,,,1,70,,1795,,,1,30,,1796,,,1,85,,1797,,,1
91500,'SatSun_merged_94403',518,,3177,4,,1,30,,3137,4,,1,65,,3138,4,,1,25,,3139,4,,1,65,,3140,4,,1,30,,3141,4,,1,70,,3142,4,,1,30,,3143,4,,1,70,,3144,4,,1,30,,3145,4,,1,25,,3146,4,,1,75,,3147,4,,1,70,,3148,4,,1,30,,3149,4,,1,70,,3150,4,,1,30,,3151,4,,1,70,,3152,4,,1,33,,3153,4,,1,70,,3154,4,,1,30,,3155,4,,1,70,,3156,4,,1,30,,3157,4,,1,70,,3158,4,,1,30,,3159,4,,1,70,,3160,4,,1,30,,3161,4,,1,70,,3162,4,,1,30,,3163,4,,1,70,,3164,4,,1,26,,3165,4,,1,70,,3166,4,,1,27,,3167,4,,1,30,,3168,4,,1,70,,3169,4,,1,20,,3170,4,,1,70,,3171,4,,1,27,,3172,4,,1,70,,3173,4,,1,30,,3174,4,,1,70,,3175,4,,1,30,,3176,4,,1
91500,'Weekday_merged_94404',441,,3186,4,,1,81,,3220,4,,1,81,,3230,4,,1,25,,3231,4,,1,77,,3224,4,,1,20,,3208,4,,1,15,,3221,4,,1,65,,3218,4,,1,20,,3217,4,,1,20,,3201,4,,1,60,,3214,4,,1,20,,3194,4,,1,20,,3195,4,,1,60,,3227,4,,1,20,,3187,4,,1,20,,3229,4,,1,60,,3179,4,,1,20,,3232,4,,1,20,,3206,4,,1,60,,3212,4,,1,20,,3198,4,,1,20,,3223,4,,1,60,,3178,4,,1,20,,3209,4,,1,20,,3182,4,,1,60,,3199,4,,1,20,,3205,4,,1,20,,3225,4,,1,60,,3219,4,,1,23,,3197,4,,1,20,,3191,4,,1,54,,3228,4,,1,20,,3196,4,,1,20,,3188,4,,1,60,,3216,4,,1,20,,3200,4,,1,20,,3207,4,,1,60,,3213,4,,1,20,,3193,4,,1,20,,3222,4,,1,60,,3226,4,,1,25,,3210,4,,1,15,,3204,4,,1,60,,3215,4,,1,23,,3189,4,,1,15,,3202,4,,1,68,,3181,4,,1,30,,3184,4,,1,67,,3183,4,,1,30,,3180,4,,1,70,,3185,4,,1,30,,3203,4,,1,70,,3211,4,,1,40,,3190,4,,1,67,,3192,4,,1
91501,'SatSun_merged_94403',523,,3233,,,1,30,,3234,,,1,64,,3235,,,1,30,,3236,,,1,78,,3237,,,1,30,,3238,,,1,72,,3239,,,1,74,,3240,,,1,30,,3241,,,1,26,,3242,,,1,65,,3243,,,1,30,,3244,,,1,70,,3245,,,1,82,,3246,,,1,30,,3247,,,1,70,,3248,,,1,26,,3249,,,1,74,,3250,,,1,30,,3251,,,1,70,,3252,,,1,30,,3253,,,1,70,,3254,,,1,30,,3255,,,1,74,,3256,,,1,30,,3257,,,1,70,,3258,,,1,30,,3259,,,1,70,,3260,,,1,30,,3261,,,1,64,,3262,,,1,26,,3263,,,1,30,,3264,,,1,70,,3265,,,1,30,,3266,,,1,75,,3267,,,1,25,,3268,,,1,70,,3269,,,1
91501,'Weekday_merged_94404',450,,3307,,,1,72,,3275,,,1,80,,3293,,,1,21,,3276,,,1,23,,3309,,,1,60,,3283,,,1,20,,3322,,,1,20,,3321,,,1,60,,3314,,,1,20,,3287,,,1,20,,3316,,,1,60,,3317,,,1,20,,3306,,,1,19,,3294,,,1,62,,3285,,,1,20,,3280,,,1,20,,3286,,,1,58,,3272,,,1,19,,3310,,,1,20,,3298,,,1,60,,3291,,,1,20,,3305,,,1,20,,3304,,,1,60,,3303,,,1,20,,3300,,,1,20,,3271,,,1,60,,3315,,,1,28,,3288,,,1,20,,3290,,,1,58,,3278,,,1,20,,3292,,,1,22,,3277,,,1,56,,3295,,,1,26,,3270,,,1,20,,3311,,,1,60,,3299,,,1,20,,3284,,,1,16,,3319,,,1,65,,3301,,,1,20,,3281,,,1,19,,3279,,,1,56,,3302,,,1,15,,3308,,,1,20,,3320,,,1,60,,3296,,,1,20,,3312,,,1,20,,3313,,,1,66,,3297,,,1,30,,3289,,,1,70,,3274,,,1,24,,3273,,,1,65,,3318,,,1,25,,3282,,,1
91600,'Overnight_merged_94405',2256,,3323,4,,1,70,,3324,4,,1,30,,3325,4,,1
91600,'SatSun_merged_94403',519,,3326,4,,1,30,,3327,4,,1,64,,3328,4,,1,30,,3329,4,,1,73,,3330,4,,1,30,,3331,4,,1,73,,3332,4,,1,34,,3333,4,,1,70,,3334,4,,1,25,,3335,4,,1,65,,3336,4,,1,30,,3337,4,,1,70,,3338,4,,1,43,,3339,4,,1,70,,3340,4,,1,30,,3341,4,,1,65,,3342,4,,1,35,,3343,4,,1,70,,3344,4,,1,30,,3345,4,,1,70,,3346,4,,1,30,,3347,4,,1,70,,3348,4,,1,33,,3349,4,,1,70,,3350,4,,1,30,,3351,4,,1,70,,3352,4,,1,30,,3353,4,,1,70,,3354,4,,1,25,,3355,4,,1,66,,3356,4,,1,30,,3357,4,,1,70,,3358,4,,1,30,,3359,4,,1,80,,3360,4,,1
91600,'Weekday_merged_94404',452,,3367,4,,1,70,,3396,4,,1,30,,3378,4,,1,61,,3368,4,,1,19,,3371,4,,1,24,,3366,4,,1,64,,3386,4,,1,20,,3382,4,,1,60,,3404,4,,1,20,,3388,4,,1,20,,3406,4,,1,60,,3411,4,,1,20,,3408,4,,1,21,,3403,4,,1,60,,3384,4,,1,20,,3377,4,,1,20,,3387,4,,1,59,,3397,4,,1,16,,3405,4,,1,20,,3365,4,,1,20,,3373,4,,1,60,,3393,4,,1,20,,3381,4,,1,20,,3389,4,,1,60,,3362,4,,1,24,,3372,4,,1,16,,3364,4,,1,67,,3369,4,,1,20,,3409,4,,1,60,,3410,4,,1,13,,3412,4,,1,7,,3383,4,,1,25,,3401,4,,1,55,,3407,4,,1,25,,3370,4,,1,22,,3363,4,,1,58,,3361,4,,1,20,,3399,4,,1,20,,3379,4,,1,60,,3374,4,,1,15,,3391,4,,1,20,,3395,4,,1,58,,3398,4,,1,15,,3380,4,,1,20,,3400,4,,1,20,,3375,4,,1,65,,3376,4,,1,15,,3402,4,,1,70,,3385,4,,1,30,,3394,4,,1,70,,3392,4,,1,20,,3390,4,,1
91601,'Overnight_merged_94405',434,,3413,,,1,70,,3415,,,1,2330,,3414,,,1,70,,3416,,,1
91601,'SatSun_merged_94403',526,,3417,,,1,30,,3418,,,1,65,,3419,,,1,25,,3420,,,1,65,,3421,,,1,30,,3422,,,1,70,,3423,,,1,30,,3424,,,1,70,,3425,,,1,30,,3426,,,1,65,,3427,,,1,35,,3428,,,1,70,,3429,,,1,30,,3430,,,1,70,,3431,,,1,30,,3432,,,1,70,,3433,,,1,33,,3434,,,1,70,,3435,,,1,30,,3436,,,1,70,,3437,,,1,30,,3438,,,1,70,,3439,,,1,30,,3440,,,1,70,,3441,,,1,30,,3442,,,1,70,,3443,,,1,30,,3444,,,1,70,,3445,,,1,26,,3446,,,1,70,,3447,,,1,27,,3448,,,1,70,,3449,,,1,30,,3450,,,1,65,,3451,,,1,30,,3452,,,1,27,,3453,,,1,70,,3454,,,1
91601,'Weekday_merged_94404',525,,3487,,,1,85,,3462,,,1,20,,3492,,,1,77,,3497,,,1,23,,3475,,,1,15,,3482,,,1,65,,3468,,,1,20,,3502,,,1,20,,3498,,,1,60,,3474,,,1,20,,3501,,,1,20,,3485,,,1,60,,3490,,,1,20,,3463,,,1,20,,3503,,,1,60,,3455,,,1,20,,3469,,,1,20,,3464,,,1,60,,3479,,,1,20,,3493,,,1,20,,3470,,,1,60,,3459,,,1,20,,3481,,,1,20,,3505,,,1,60,,3476,,,1,20,,3467,,,1,20,,3500,,,1,60,,3472,,,1,21,,3499,,,1,20,,3460,,,1,56,,3484,,,1,20,,3506,,,1,19,,3471,,,1,61,,3495,,,1,20,,3478,,,1,20,,3456,,,1,60,,3477,,,1,20,,3504,,,1,20,,3465,,,1,60,,3461,,,1,20,,3491,,,1,20,,3496,,,1,60,,3473,,,1,23,,3458,,,1,12,,3483,,,1,68,,3466,,,1,30,,3488,,,1,65,,3457,,,1,30,,3480,,,1,70,,3486,,,1,30,,3489,,,1,70,,3494,,,1
1400000100,'Overnight_merged_94405',352,,3812,4,,1,70,,3813,4,,1,23,,3814,4,,1,70,,3815,4,,1,30,,3816,4,,1,1882,,3825,4,,1,28,,3817,4,,1,71,,3824,4,,1,30,,3822,4,,1,66,,3826,4,,1,30,,3821,4,,1,70,,3819,4,,1,30,,3818,4,,1,70,,3820,4,,1,23,,3827,4,,1,70,,3823,4,,1,30,,3828,4,,1
1400000101,'Overnight_merged_94405',256,,3829,,,1,70,,3830,,,1,27,,3831,,,1,1947,,3834,,,1,30,,3832,,,1,73,,3833,,,1,32,,3836,,,1,68,,3838,,,1,30,,3835,,,1,70,,3840,,,1,23,,3841,,,1,30,,3839,,,1,70,,3842,,,1,27,,3837,,,1
