21100,'Weekday',646,,304,34,4,,1,70,,305,34,4,,1,30,,306,34,4,,1,70,,307,34,4,,1,30,,308,34,4,,1,70,,309,34,4,,1,529,,315,34,4,,1,269,,310,34,4,,1,30,,311,34,4,,1,70,,312,34,4,,1,30,,313,34,4,,1,70,,314,34,4,,1
21101,'Weekday',550,,316,1,,,1,70,,317,1,,,1,30,,318,1,,,1,70,,319,1,,,1,30,,320,1,,,1,70,,321,1,,,1,30,,322,1,,,1,550,,329,1,,,1,216,,323,1,,,1,30,,324,1,,,1,70,,325,1,,,1,30,,326,1,,,1,70,,327,1,,,1,30,,328,1,0,14,1
21600,'SatSun',620,,330,1,,,1,30,,331,1,,,1,70,,332,1,,,1,30,,333,1,,,1,70,,334,1,,,1,30,,335,1,,,1,70,,336,1,,,1,30,,337,1,,,1,70,,338,1,,,1,30,,339,1,,,1,69,,340,1,,,1,30,,341,1,,,1,70,,342,1,,,1,30,,343,1,,,1,70,,344,1,,,1,30,,345,1,,,1,69,,346,1,,,1,30,,347,1,,,1,70,,348,1,,,1,30,,349,1,,,1,70,,350,1,,,1,30,,351,1,,,1,70,,352,1,,,1,30,,353,1,,,1,70,,354,1,,,1,30,,355,1,,,1,70,,356,1,,,1,30,,357,1,,,1,70,,358,1,,,1,30,,359,1,,,1,70,,360,1,,,1,30,,361,1,,,1
21600,'Weekday',619,,385,1,,,1,30,,386,1,,,1,10,,369,1,0,5 6,1,60,,387,1,,,1,10,,370,1,0,5 6,1,17,,388,1,,,1,12,,371,1,0,5 6,1,54,,389,1,,,1,10,,372,1,0,5 6,1,20,,390,1,,,1,10,,373,1,0,5 6,1,69,,391,1,,,1,30,,392,1,,,1,70,,393,1,,,1,30,,394,1,,,1,70,,395,1,,,1,30,,396,1,,,1,73,,397,1,,,1,30,,398,1,,,1,70,,399,1,,,1,25,,400,1,,,1,10,,374,1,0,5 6,1,55,,401,1,,,1,15,,375,1,0,5 6,1,15,,402,1,,,1,15,,376,1,0,5 6,1,55,,403,1,,,1,15,,377,1,0,5 6,1,15,,404,1,,,1,15,,378,1,0,5 6,1,55,,405,1,,,1,15,,379,1,0,5 6,1,15,,406,1,,,1,15,,380,1,0,5 6,1,55,,407,1,,,1,15,,381,1,0,5 6,1,15,,408,1,,,1,15,,382,1,0,5 6,1,55,,409,1,,,1,15,,383,1,0,5 6,1,15,,410,1,,,1,15,,384,1,0,5 6,1,55,,362,1,,,1,33,,363,1,,,1,70,,364,1,,,1,30,,365,1,,,1,70,,366,1,,,1,30,,367,1,,,1,70,,368,1,,,1
21601,'SatSun',607,,411,32,4,,1,30,,412,32,4,,1,70,,413,32,4,,1,30,,414,32,4,,1,70,,415,32,4,,1,30,,416,32,4,,1,70,,417,32,4,,1,30,,418,32,4,,1,70,,419,32,4,,1,30,,420,32,4,,1,70,,421,32,4,,1,30,,422,32,4,,1,70,,423,32,4,,1,30,,424,32,4,,1,70,,425,32,4,,1,30,,426,32,4,,1,70,,427,32,4,,1,30,,428,32,4,,1,70,,429,32,4,,1,30,,430,32,4,,1,70,,431,32,4,,1,30,,432,32,4,,1,70,,433,32,4,,1,30,,434,32,4,,1,70,,435,32,4,,1,30,,436,32,4,,1,70,,437,32,4,,1,30,,438,32,4,,1,70,,439,32,4,,1,30,,440,32,4,,1,70,,441,32,4,,1,30,,442,32,4,,1
21601,'Weekday',543,,494,32,4,,1,70,,443,32,4,,1,30,,444,32,4,,1,15,,475,37,4,,1,55,,445,32,4,,1,15,,476,37,4,,1,15,,446,32,4,,1,15,,477,37,4,,1,55,,447,32,4,,1,15,,478,37,4,,1,15,,448,32,4,,1,15,,479,37,4,,1,55,,449,32,4,,1,15,,480,37,4,,1,15,,450,32,4,,1,60,,481,37,4,,1,15,,451,32,4,,1,30,,452,32,4,,1,70,,453,32,4,,1,29,,454,32,4,,1,66,,455,32,4,,1,35,,456,32,4,,1,68,,457,32,4,,1,30,,458,32,4,,1,70,,459,32,4,,1,21,,482,37,4,,1,15,,460,32,4,,1,55,,483,37,4,,1,15,,461,32,4,,1,15,,484,37,4,,1,15,,462,32,4,,1,55,,485,37,4,,1,15,,463,32,4,,1,15,,486,37,4,,1,15,,464,32,4,,1,55,,487,37,4,,1,15,,465,32,4,,1,15,,488,37,4,,1,15,,466,32,4,,1,55,,489,37,4,,1,15,,467,32,4,,1,15,,490,37,4,,1,15,,468,32,4,,1,55,,491,37,4,,1,15,,469,32,4,,1,15,,492,37,4,,1,15,,470,32,4,,1,51,,493,37,4,,1,15,,471,32,4,,1,26,,472,32,4,,1,69,,473,32,4,,1,30,,474,32,4,,1
22400,'SatSun',618,,497,1,,,1,30,,498,1,,,1,70,,499,1,,,1,29,,500,1,,,1,70,,501,1,,,1,30,,502,1,,,1,70,,503,1,,,1,30,,504,1,,,1,70,,505,1,,,1,30,,506,1,,,1,68,,507,1,,,1,30,,508,1,,,1,70,,509,1,,,1,30,,510,1,,,1,70,,511,1,,,1,30,,512,1,,,1,70,,513,1,,,1,30,,514,1,,,1,70,,515,1,,,1,30,,516,1,,,1,70,,517,1,,,1,30,,518,1,,,1,70,,519,1,,,1,30,,520,1,,,1,70,,521,1,,,1,30,,522,1,,,1,70,,523,1,,,1,30,,524,1,,,1,70,,525,1,,,1,30,,526,1,,,1
22400,'Weekday',545,,553,1,,,1,70,,547,1,,,1,30,,536,1,,,1,70,,537,1,,,1,30,,554,1,,,1,70,,535,1,,,1,30,,558,1,,,1,73,,543,1,,,1,30,,550,1,,,1,70,,551,1,,,1,30,,555,1,,,1,70,,533,1,,,1,30,,552,1,,,1,65,,545,1,,,1,30,,534,1,,,1,69,,556,1,,,1,36,,557,1,,,1,70,,548,1,,,1,30,,542,1,,,1,66,,546,1,,,1,30,,538,1,,,1,70,,544,1,,,1,30,,549,1,,,1,70,,541,1,,,1,30,,539,1,,,1,70,,559,1,,,1,30,,527,1,,,1,70,,528,1,,,1,30,,529,1,,,1,75,,530,1,,,1,30,,531,1,,,1
22401,'SatSun',606,,560,32,4,,1,30,,561,41,4,,1,70,,562,41,4,,1,30,,563,41,4,,1,70,,564,41,4,,1,30,,565,41,4,,1,70,,566,41,4,,1,30,,567,41,4,,1,70,,568,41,4,,1,30,,569,41,4,,1,70,,570,41,4,,1,30,,571,41,4,,1,70,,572,41,4,,1,30,,573,41,4,,1,70,,574,41,4,,1,30,,575,41,4,,1,70,,576,41,4,,1,30,,577,41,4,,1,70,,578,41,4,,1,30,,579,41,4,,1,70,,580,41,4,,1,30,,581,41,4,,1,70,,582,41,4,,1,30,,583,41,4,,1,70,,584,41,4,,1,30,,585,41,4,,1,70,,586,41,4,,1,30,,587,41,4,,1,70,,588,41,4,,1,30,,589,41,4,,1,70,,590,41,4,,1,30,,591,41,4,,1,70,,592,41,4,,1,30,,593,41,4,,1
22401,'Weekday',614,,620,32,4,,1,31,,611,41,4,,1,70,,622,41,4,,1,30,,610,41,4,,1,70,,619,41,4,,1,30,,605,41,4,,1,70,,608,41,4,,1,28,,614,41,4,,1,80,,613,41,4,,1,29,,618,41,4,,1,67,,617,41,4,,1,30,,609,41,4,,1,70,,626,41,4,,1,33,,603,41,4,,1,74,,625,41,4,,1,74,,627,41,4,,1,30,,624,41,4,,1,70,,616,41,4,,1,28,,604,41,4,,1,30,,623,41,4,,1,63,,628,41,4,,1,30,,615,41,4,,1,70,,621,41,4,,1,30,,606,41,4,,1,70,,612,41,4,,1,30,,607,41,4,,1,70,,594,41,4,,1,21,,595,41,4,,1,70,,596,41,4,,1,30,,597,41,4,,1,70,,598,41,4,,1,30,,599,41,4,,1,70,,600,41,4,,1,26,,601,41,4,,1
22700,'Weekday',523,,629,1,,,1,30,,630,1,,,1,56,,629,48,4,,1,14,,631,1,,,1,16,,630,48,4,,1,14,,632,1,,,1,56,,631,48,4,,1,14,,633,1,,,1,16,,632,48,4,,1,14,,634,1,,,1,56,,633,48,4,,1,14,,635,1,,,1,16,,634,48,4,,1,70,,635,48,4,,1,633,,641,1,,,1,78,,636,1,,,1,8,,641,48,4,,1,31,,637,1,,,1,47,,636,48,4,,1,23,,638,1,,,1,16,,637,48,4,,1,14,,639,1,,,1,56,,638,48,4,,1,14,,640,1,,,1,16,,639,48,4,,1,70,,640,48,4,,1
22701,'Weekday',558,,642,1,,,1,70,,643,1,,,1,18,,642,47,4,,1,12,,644,1,,,1,58,,643,47,4,,1,12,,645,1,,,1,18,,644,47,4,,1,12,,646,1,,,1,58,,645,47,4,,1,12,,647,1,,,1,18,,646,47,4,,1,70,,647,47,4,,1,698,,648,1,,,1,30,,649,1,,,1,58,,648,47,4,,1,12,,650,1,,,1,18,,649,47,4,,1,12,,651,1,,,1,58,,650,47,4,,1,12,,652,1,,,1,18,,651,47,4,,1,12,,653,1,,,1,58,,652,47,4,,1,30,,653,47,4,,1
91500,'SatSun',427,,3176,1,,,1,30,,3136,1,,,1,65,,3137,1,,,1,25,,3138,1,,,1,65,,3139,1,,,1,30,,3140,1,,,1,70,,3141,1,,,1,30,,3142,1,,,1,70,,3143,1,,,1,30,,3144,1,,,1,65,,3145,1,,,1,30,,3146,1,,,1,70,,3147,1,,,1,30,,3148,1,,,1,70,,3149,1,,,1,30,,3150,1,,,1,70,,3151,1,,,1,33,,3152,1,,,1,70,,3153,1,,,1,30,,3154,1,,,1,70,,3155,1,,,1,30,,3156,1,,,1,70,,3157,1,,,1,30,,3158,1,,,1,70,,3159,1,,,1,30,,3160,1,,,1,70,,3161,1,,,1,30,,3162,1,,,1,70,,3163,1,,,1,30,,3164,1,,,1,70,,3165,1,,,1,27,,3166,1,,,1,70,,3167,1,,,1,30,,3168,1,,,1,20,,3169,1,,,1,70,,3170,1,,,1,30,,3171,1,,,1,70,,3172,1,,,1,30,,3173,1,,,1,70,,3174,1,,,1,30,,3175,1,,,1
91500,'Weekday',346,,3177,1,,,1,80,,3178,1,,,1,30,,3179,1,,,1,70,,3180,1,,,1,20,,3181,1,,,1,65,,3182,1,,,1,20,,3183,1,,,1,20,,3184,1,,,1,60,,3185,1,,,1,20,,3186,1,,,1,20,,3187,1,,,1,60,,3188,1,,,1,20,,3189,1,,,1,20,,3190,1,,,1,60,,3191,1,,,1,20,,3192,1,,,1,20,,3193,1,,,1,59,,3194,1,,,1,20,,3195,1,,,1,20,,3196,1,,,1,60,,3197,1,,,1,20,,3198,1,,,1,20,,3199,1,,,1,60,,3200,1,,,1,20,,3201,1,,,1,20,,3202,1,,,1,60,,3203,1,,,1,20,,3204,1,,,1,20,,3205,1,,,1,60,,3206,1,,,1,20,,3207,1,,,1,22,,3208,1,,,1,63,,3209,1,,,1,20,,3210,1,,,1,20,,3211,1,,,1,63,,3212,1,,,1,20,,3213,1,,,1,20,,3214,1,,,1,62,,3215,1,,,1,20,,3216,1,,,1,60,,3217,1,,,1,20,,3218,1,,,1,20,,3219,1,,,1,60,,3220,1,,,1,23,,3221,1,,,1,25,,3222,1,,,1,70,,3223,1,,,1,35,,3224,1,,,1,70,,3225,1,,,1,35,,3226,1,,,1,70,,3227,1,,,1,30,,3228,1,,,1,70,,3229,1,,,1,30,,3230,1,,,1,70,,3231,1,,,1,30,,3232,1,,,1
91501,'SatSun',611,,3233,55,4,,1,30,,3234,55,4,,1,64,,3235,55,4,,1,30,,3236,55,4,,1,78,,3237,55,4,,1,30,,3238,55,4,,1,72,,3239,55,4,,1,34,,3240,55,4,,1,70,,3241,55,4,,1,26,,3242,55,4,,1,76,,3243,55,4,,1,30,,3244,55,4,,1,70,,3245,55,4,,1,82,,3246,55,4,,1,30,,3247,55,4,,1,70,,3248,55,4,,1,26,,3249,55,4,,1,74,,3250,55,4,,1,30,,3251,55,4,,1,70,,3252,55,4,,1,30,,3253,55,4,,1,70,,3254,55,4,,1,30,,3255,55,4,,1,74,,3256,55,4,,1,30,,3257,55,4,,1,22,,3258,55,4,,1,70,,3259,55,4,,1,30,,3260,55,4,,1,70,,3261,55,4,,1,24,,3262,55,4,,1,66,,3263,55,4,,1,30,,3264,55,4,,1,70,,3265,55,4,,1,30,,3266,55,4,,1,75,,3267,55,4,,1,25,,3268,55,4,,1,70,,3269,55,4,,1
91501,'Weekday',536,,3270,55,4,,1,75,,3271,55,4,,1,30,,3272,55,4,,1,70,,3273,55,4,,1,30,,3274,55,4,,1,15,,3275,55,4,,1,61,,3276,55,4,,1,20,,3277,55,4,,1,20,,3278,55,4,,1,60,,3279,55,4,,1,21,,3280,55,4,,1,20,,3281,55,4,,1,60,,3282,55,4,,1,20,,3283,55,4,,1,20,,3284,55,4,,1,60,,3285,55,4,,1,20,,3286,55,4,,1,20,,3287,55,4,,1,60,,3288,55,4,,1,20,,3289,55,4,,1,20,,3290,55,4,,1,60,,3291,55,4,,1,20,,3292,55,4,,1,20,,3293,55,4,,1,65,,3294,55,4,,1,20,,3295,55,4,,1,60,,3296,55,4,,1,20,,3297,55,4,,1,23,,3298,55,4,,1,60,,3299,55,4,,1,20,,3300,55,4,,1,20,,3301,55,4,,1,60,,3302,55,4,,1,25,,3303,55,4,,1,20,,3304,55,4,,1,60,,3305,55,4,,1,20,,3306,55,4,,1,20,,3307,55,4,,1,65,,3308,55,4,,1,17,,3309,55,4,,1,20,,3310,55,4,,1,59,,3311,55,4,,1,26,,3312,55,4,,1,20,,3313,55,4,,1,70,,3314,55,4,,1,20,,3315,55,4,,1,70,,3316,55,4,,1,30,,3317,55,4,,1,70,,3318,55,4,,1,30,,3319,55,4,,1
91700,'Overnight',534,,3503,14,4,,1,70,,3501,14,4,,1,2330,,3504,14,4,,1,70,,3502,14,4,,1
91700,'SatSun',445,,3505,1,,,1,95,,3506,1,,,1,70,,3507,1,,,1,28,5,3508,14,,,1,70,5,3509,14,,,1,30,5,3510,14,,,1,70,5,3511,14,,,1,30,8,3512,14,,,1,64,44,3513,14,,,1,30,4,3514,14,,,1,70,44,3515,14,,,1,30,4,3516,14,,,1,70,44,3517,14,,,1,30,4,3518,14,,,1,70,44,3519,14,,,1,29,4,3520,14,,,1,70,44,3521,14,,,1,30,4,3522,14,,,1,70,44,3523,14,,,1,30,4,3524,14,,,1,70,44,3525,14,,,1,30,4,3526,14,,,1,70,44,3527,14,,,1,30,4,3528,14,,,1,71,44,3529,14,,,1,30,4,3530,14,,,1,70,44,3531,14,,,1,30,4,3532,14,,,1,70,44,3533,14,,,1,30,4,3534,14,,,1,71,44,3535,14,,,1,30,4,3536,14,,,1,77,5,3537,14,,,1,30,5,3538,14,,,1,65,5,3539,14,,,1,30,5,3540,14,,,1,20,,3541,14,4,,1,70,,3542,14,4,,1,25,,3543,14,4,,1,68,,3544,14,4,,1
91700,'Weekday',439,,3584,1,,,1,69,3,3566,14,,,1,30,3,3583,14,,,1,70,3,3550,14,,,1,36,3,3549,14,,,1,70,3,3547,14,,,1,30,3,3582,14,,,1,74,3,3564,14,,,1,30,3,3556,14,,,1,70,3,3563,14,,,1,39,3,3555,14,,,1,70,3,3578,14,,,1,30,3,3567,14,,,1,72,2,3560,14,,,1,73,2,3559,14,,,1,35,2,3577,14,,,1,70,2,3557,14,,,1,26,2,3573,14,,,1,68,42,3546,14,,,1,19,5,3580,14,,,1,30,5,3565,14,,,1,70,5,3545,14,,,1,30,5,3561,14,,,1,68,5,3572,14,,,1,30,5,3575,14,,,1,70,5,3554,14,,,1,17,,3551,14,,,1,70,,3558,14,,,1,30,,3569,14,,,1,70,,3552,14,,,1,30,,3548,14,,,1,70,,3568,14,,,1,30,,3570,14,,,1,70,,3574,14,,,1,30,,3581,14,,,1,70,,3571,14,,,1,30,,3579,14,,,1,70,,3562,14,,,1,30,,3553,14,,,1,70,,3576,14,,,1
91701,'Overnight',2220,,3585,1,,,1,30,,3586,1,,,1
91701,'SatSun',509,,3587,1,,,1,27,,3588,1,,,1,67,45,3590,39,,,1,33,,3589,1,,,1,65,45,3591,39,,,1,30,5,3592,39,,,1,26,3,3593,39,,,1,70,3,3594,39,,,1,30,3,3595,39,,,1,70,3,3596,39,,,1,30,3,3597,39,,,1,70,3,3598,39,,,1,30,3,3599,39,,,1,70,3,3600,39,,,1,30,3,3601,39,,,1,70,3,3602,39,,,1,30,3,3603,39,,,1,70,3,3604,39,,,1,30,3,3605,39,,,1,70,3,3606,39,,,1,30,3,3607,39,,,1,70,3,3608,39,,,1,30,3,3609,39,,,1,70,3,3610,39,,,1,30,3,3611,39,,,1,70,3,3612,39,,,1,30,3,3613,39,,,1,70,3,3614,39,,,1,30,3,3615,39,,,1,70,3,3616,39,,,1,78,46,3617,39,,,1,30,6,3618,39,,,1,70,46,3619,39,,,1,25,6,3620,39,,,1,70,46,3621,39,,,1,28,5,3622,39,,,1,30,5,3623,39,,,1,65,5,3624,39,,,1,24,,3625,39,4,,1
91701,'Weekday',435,4,3655,24,,,1,70,4,3648,24,,,1,30,4,3638,39,,,1,76,4,3660,39,,,1,30,4,3650,39,,,1,70,4,3665,39,,,1,34,4,3631,39,,,1,70,4,3642,39,,,1,30,4,3627,39,,,1,79,4,3659,39,,,1,30,4,3653,39,,,1,71,2,3626,39,,,1,30,2,3629,39,,,1,70,2,3664,39,,,1,75,42,3657,39,,,1,30,2,3646,39,,,1,26,2,3644,39,,,1,80,2,3633,39,,,1,70,2,3640,39,,,1,30,2,3652,39,,,1,70,2,3649,39,,,1,28,5,3634,39,,,1,70,45,3656,39,,,1,30,5,3628,39,,,1,70,45,3643,39,,,1,25,5,3651,39,,,1,78,5,3630,39,,,1,30,5,3661,39,,,1,70,5,3662,39,,,1,30,5,3654,39,,,1,70,5,3647,39,,,1,30,3,3632,39,,,1,70,3,3645,39,,,1,30,3,3635,39,,,1,70,3,3636,39,,,1,30,3,3637,39,,,1,63,42,3658,39,,,1,30,2,3639,39,,,1,28,,3641,39,4,,1,70,,3663,39,4,,1
