30201,'Canada Day',552,,8939,5,,,1,70,,8940,5,,,1,30,,8941,5,,,1,70,,8942,5,,,1,30,,8943,5,,,1,70,,8944,5,,,1,30,,8945,5,,,1,70,,8946,5,,,1,30,,8947,5,,,1,70,,8948,5,,,1,30,,8949,5,,,1,70,,8950,5,,,1,30,,8951,5,,,1,70,,8952,5,,,1,30,,8953,5,,,1,70,,8954,5,,,1,30,,8955,5,,,1,70,,8956,5,,,1,30,,8957,5,,,1,70,,8958,5,,,1,30,,8959,5,,,1,70,,8960,5,,,1,30,,8961,5,,,1,70,,8962,5,,,1,30,,8963,5,,,1,70,,8964,5,,,1,30,,8965,5,,,1,70,,8966,5,,,1,30,,8967,5,,,1,70,,8968,5,,,1,30,,8969,5,,,1,70,,8970,5,,,1,30,,8971,5,,,1
30201,'SatSun',552,,8972,5,,,1,70,,8973,5,,,1,30,,8974,5,,,1,70,,8975,5,,,1,30,,8976,5,,,1,70,,8977,5,,,1,30,,8978,5,,,1,70,,8979,5,,,1,30,,8988,5,,,1,70,,8989,5,,,1,30,,8990,5,,,1,70,,8991,5,,,1,30,,8992,5,,,1,70,,8993,5,,,1,30,,8994,5,,,1,70,,8995,5,,,1,30,,8996,5,,,1,70,,8997,5,,,1,30,,8998,5,,,1,70,,8999,5,,,1,30,,9000,5,,,1,70,,9001,5,,,1,30,,9002,5,,,1,70,,9003,5,,,1,30,,9004,5,,,1,70,,8980,5,,,1,30,,8981,5,,,1,70,,8982,5,,,1,30,,8983,5,,,1,70,,8984,5,,,1,30,,8985,5,,,1,70,,8986,5,,,1,30,,8987,5,,,1
30201,'Weekday',417,,9005,5,,,1,32,,9006,5,,,1,75,,9007,5,,,1,30,,9008,5,,,1,70,,9009,5,,,1,30,,9010,5,,,1,70,,9011,5,,,1,30,,9012,5,,,1,70,,9013,5,,,1,30,,9014,5,,,1,67,,9015,5,,,1,30,,9016,5,,,1,70,,9017,5,,,1,30,,9018,5,,,1,70,,9019,5,,,1,30,,9020,5,,,1,70,,9021,5,,,1,29,,9022,5,,,1,70,,9023,5,,,1,30,,9024,5,,,1,70,,9025,5,,,1,34,,9026,5,,,1,70,,9027,5,,,1,30,,9028,5,,,1,70,,9029,5,,,1,30,,9030,5,,,1,70,,9031,5,,,1,30,,9032,5,,,1,66,,9033,5,,,1,30,,9034,5,,,1,70,,9035,5,,,1,34,,9036,5,,,1,66,,9037,5,,,1,30,,9038,5,,,1,70,,9039,5,,,1,30,,9040,5,,,1
40900,'Canada Day',718,,9797,24,,,1,30,,9798,24,,,1,70,,9799,24,,,1,30,,9800,24,,,1,70,,9801,24,,,1,30,,9802,24,,,1,70,,9803,24,,,1,30,,9804,24,,,1,70,,9805,24,,,1,30,,9806,24,,,1,70,,9807,24,,,1,30,,9808,24,,,1,70,,9809,24,,,1,30,,9810,24,,,1,70,,9811,24,,,1,30,,9812,24,,,1,70,,9813,24,,,1,30,,9814,24,,,1,70,,9815,24,,,1,30,,9816,24,,,1,70,,9817,24,,,1,30,,9818,24,,,1,70,,9819,24,,,1,30,,9820,24,,,1,70,,9821,24,,,1,30,,9822,24,,,1,260,,9823,24,,,1,110,,9824,24,,,1
40900,'SatSun',718,,9825,24,,,1,30,,9826,24,,,1,70,,9827,24,,,1,30,,9828,24,,,1,70,,9829,24,,,1,30,,9830,24,,,1,70,,9831,24,,,1,30,,9832,24,,,1,70,,9833,24,,,1,30,,9834,24,,,1,70,,9835,24,,,1,30,,9836,24,,,1,70,,9837,24,,,1,30,,9838,24,,,1,70,,9839,24,,,1,30,,9840,24,,,1,70,,9841,24,,,1,30,,9842,24,,,1,70,,9843,24,,,1,30,,9844,24,,,1,70,,9845,24,,,1,30,,9846,24,,,1,70,,9847,24,,,1,30,,9848,24,,,1,70,,9849,24,,,1,30,,9850,24,,,1,260,,9851,24,,,1,110,,9852,24,,,1
40900,'Weekday',658,,9859,24,,,1,70,,9860,24,,,1,72,,9861,24,,,1,30,,9862,24,,,1,70,,9863,24,,,1,30,,9864,24,,,1,28,,9865,24,,,1,72,,9866,31,0,5 20 21,1,28,,9867,24,,,1,70,,9868,24,,,1,30,,9869,24,,,1,72,,9870,31,0,5 20 21,1,28,,9871,24,,,1,70,,9872,24,,,1,30,,9873,24,,,1,72,,9874,31,0,5 20 21,1,70,,9875,24,,,1,30,,9876,24,,,1,70,,9877,24,,,1,33,,9878,31,0,5 20 21,1,67,,9879,24,,,1,30,,9880,24,,,1,70,,9881,24,,,1,30,,9882,24,,,1,70,,9883,24,,,1,30,,9884,24,,,1,70,,9853,24,,,1,30,,9854,24,,,1,70,,9855,24,,,1,30,,9856,24,,,1,70,,9857,24,,,1,42,,9858,24,,,1
61800,'Weekday',1111,,10754,5,,,1,130,,10755,5,,,1,484,,10756,21,,,1,130,,10757,21,,,1
90100,'Canada Day',2206,,11261,39,,,1,44,,11264,39,,,1
90100,'Overnight',2323,,11271,39,,,1,30,,11270,39,,,1
90100,'SatSun',2206,,11303,39,,,1,44,,11336,39,,,1
90100,'Weekday',2250,,11433,39,,,1
90500,'Canada Day',640,,11970,42,0,5 19,1,70,,11971,42,0,7 20 21,1,30,,11972,42,0,7 20 21,1,70,,11973,42,0,5 19,1,30,,11974,42,0,7 20 21,1,70,,11975,42,0,7 20 21,1,31,,11976,42,0,5 19,1,70,,11977,42,0,7 20 21,1,30,,11978,42,0,7 20 21,1,70,,11979,42,0,5 19,1,30,,11980,42,0,7 20 21,1,70,,11981,42,0,7 20 21,1,30,,11982,42,0,5 19,1,70,,11983,42,0,7 20 21,1,30,,11984,42,0,7 20 21,1,70,,11985,42,0,5 19,1,30,,11986,42,0,7 20 21,1,70,,11987,42,0,7 20 21,1,30,,11988,42,0,5 19,1,70,,11989,42,0,7 20 21,1,30,,11990,42,0,7 20 21,1,69,,11991,42,0,5 19,1,30,,11992,42,0,7 20 21,1,70,,11993,42,0,7 20 21,1,30,,11994,42,0,5 19,1,70,,11995,42,0,7 20 21,1,30,,11996,42,0,7 20 21,1,70,,11997,42,0,5 19,1,30,,11998,42,0,7 20 21,1,70,,11999,42,0,7 20 21,1,30,,12000,42,0,5 19,1,70,,12001,42,0,7 20 21,1,30,,12002,42,0,7 20 21,1,70,,12003,42,0,5 19,1,42,,12004,42,0,7 20 21,1
90500,'SatSun',640,,12005,42,0,5 19,1,70,,12017,42,0,7 20 21,1,30,,12018,42,0,7 20 21,1,70,,12006,42,0,5 19,1,30,,12019,42,0,7 20 21,1,70,,12020,42,0,7 20 21,1,31,,12007,42,0,5 19,1,70,,12021,42,0,7 20 21,1,30,,12022,42,0,7 20 21,1,70,,12008,42,0,5 19,1,30,,12023,42,0,7 20 21,1,70,,12024,42,0,7 20 21,1,30,,12009,42,0,5 19,1,70,,12025,42,0,7 20 21,1,30,,12026,42,0,7 20 21,1,70,,12010,42,0,5 19,1,30,,12027,42,0,7 20 21,1,70,,12028,42,0,7 20 21,1,30,,12011,42,0,5 19,1,70,,12029,42,0,7 20 21,1,30,,12030,42,0,7 20 21,1,69,,12012,42,0,5 19,1,30,,12031,42,0,7 20 21,1,70,,12032,42,0,7 20 21,1,30,,12013,42,0,5 19,1,70,,12033,42,0,7 20 21,1,30,,12034,42,0,7 20 21,1,70,,12014,42,0,5 19,1,30,,12035,42,0,7 20 21,1,70,,12036,42,0,7 20 21,1,30,,12015,42,0,5 19,1,70,,12037,42,0,7 20 21,1,30,,12038,42,0,7 20 21,1,70,,12016,42,0,5 19,1,42,,12039,42,0,7 20 21,1,58,,12040,42,0,7 20 21,1,30,,12041,42,0,7 20 21,1
90500,'Weekday',621,,12065,42,0,5 19,1,31,,12042,42,0,7 20 21,1,70,,12043,42,0,7 20 21,1,15,,12077,32,0,54 20 21,1,14,,12066,42,0,5 19,1,56,,12078,32,0,54 20 21,1,15,,12044,42,0,7 20 21,1,15,,12079,32,0,54 20 21,1,15,,12045,42,0,7 20 21,1,55,,12080,32,0,54 20 21,1,15,,12067,42,0,5 19,1,15,,12081,32,0,54 20 21,1,15,,12046,42,0,7 20 21,1,55,,12082,32,0,54 20 21,1,15,,12047,42,0,7 20 21,1,15,,12083,32,0,54 20 21,1,15,,12068,42,0,5 19,1,55,,12084,32,0,54 20 21,1,15,,12048,42,0,7 20 21,1,15,,12085,32,0,54 20 21,1,15,,12049,42,0,7 20 21,1,55,,12086,32,0,54 20 21,1,15,,12069,42,0,5 19,1,14,,12087,32,0,54 20 21,1,14,,12050,42,0,7 20 21,1,56,,12088,32,0,54 20 21,1,14,,12051,42,0,7 20 21,1,16,,12089,32,0,54 20 21,1,23,,12070,42,0,5 19,1,54,,12090,32,0,54 20 21,1,15,,12052,42,0,7 20 21,1,15,,12091,32,0,54 20 21,1,15,,12053,42,0,7 20 21,1,55,,12092,32,0,54 20 21,1,19,,12071,42,0,5 19,1,15,,12093,32,0,54 20 21,1,55,,12054,42,0,7 20 21,1,15,,12094,32,0,54 20 21,1,15,,12055,42,0,7 20 21,1,15,,12095,32,0,54 20 21,1,55,,12072,42,0,5 19,1,15,,12096,32,0,54 20 21,1,15,,12056,42,0,7 20 21,1,15,,12097,32,0,54 20 21,1,55,,12057,42,0,7 20 21,1,15,,12098,32,0,54 20 21,1,15,,12073,42,0,5 19,1,13,,12099,32,0,54 20 21,1,57,,12058,42,0,7 20 21,1,30,,12059,42,0,7 20 21,1,70,,12074,42,0,5 19,1,30,,12060,42,0,7 20 21,1,70,,12061,42,0,7 20 21,1,25,,12075,42,0,5 19,1,75,,12062,42,0,7 20 21,1,30,,12063,42,0,7 20 21,1,25,,12076,42,0,5 19,1,75,,12064,42,0,7 20 21,1,70,,12100,42,0,7 20 21,1,30,,12101,42,0,7 20 21,1,70,,12102,42,0,7 20 21,1
1400000200,'Overnight',329,,13190,38,,,1,30,,13185,38,,,1,70,,13179,38,,,1,27,,13189,38,,,1,70,,13183,38,,,1,1902,,13182,38,,,1,30,,13178,38,,,1,68,,13191,38,,,1,30,,13177,38,,,1,70,,13180,38,,,1,33,,13184,38,,,1,70,,13181,38,,,1,30,,13187,38,,,1,70,,13186,38,,,1,27,,13188,38,,,1,70,,13192,38,,,1
