40501,'Canada Day',628,,9498,2,,,1,30,,9499,2,,,1,70,,9500,2,,,1,30,,9501,2,,,1,71,,9502,2,,,1,29,,9503,2,,,1,70,,9504,2,,,1,30,,9505,2,,,1,70,,9506,2,,,1,30,,9507,2,,,1,70,,9508,2,,,1,30,,9509,2,,,1,70,,9510,2,,,1,30,,9511,2,,,1,70,,9512,2,,,1,30,,9513,2,,,1,70,,9514,2,,,1,30,,9515,2,,,1,70,,9516,2,,,1,30,,9517,2,,,1,70,,9518,2,,,1,30,,9519,2,,,1,70,,9520,2,,,1,30,,9521,2,,,1,70,,9522,2,,,1,30,,9523,2,,,1,70,,9524,2,,,1,30,,9525,2,,,1,70,,9526,2,,,1,30,,9527,2,,,1,70,,9528,2,,,1,30,,9529,2,,,1,70,,9530,2,,,1
40501,'SatSun',628,,9531,2,,,1,30,,9532,2,,,1,70,,9533,2,,,1,30,,9534,2,,,1,70,,9535,2,,,1,30,,9536,2,,,1,70,,9537,2,,,1,30,,9538,2,,,1,70,,9539,2,,,1,30,,9540,2,,,1,70,,9541,2,,,1,30,,9542,2,,,1,70,,9543,2,,,1,30,,9544,2,,,1,70,,9545,2,,,1,30,,9546,2,,,1,70,,9547,2,,,1,30,,9548,2,,,1,70,,9549,2,,,1,30,,9550,2,,,1,70,,9551,2,,,1,30,,9552,2,,,1,70,,9553,2,,,1,30,,9554,2,,,1,70,,9555,2,,,1,30,,9556,2,,,1,70,,9557,2,,,1,30,,9558,2,,,1,70,,9559,2,,,1,30,,9560,2,,,1,70,,9561,2,,,1,30,,9562,2,,,1,70,,9563,2,,,1
40501,'Weekday',601,,9581,2,,,1,30,,9582,2,,,1,70,,9583,2,,,1,25,,9584,2,,,1,74,,9585,2,,,1,30,,9586,2,,,1,27,,9587,2,,,1,70,,9588,2,,,1,30,,9589,2,,,1,70,,9590,2,,,1,30,,9591,2,,,1,70,,9592,2,,,1,30,,9593,2,,,1,70,,9594,2,,,1,30,,9595,2,,,1,70,,9596,2,,,1,24,,9597,2,,,1,70,,9564,2,,,1,25,,9565,2,,,1,70,,9566,2,,,1,32,,9568,2,,,1,68,,9569,2,,,1,32,,9570,2,,,1,68,,9571,2,,,1,28,,9572,2,,,1,70,,9573,2,,,1,30,,9574,2,,,1,70,,9575,2,,,1,22,,9576,2,,,1,75,,9567,2,,,1,30,,9577,2,,,1,70,,9578,2,,,1,30,,9579,2,,,1,70,,9580,2,,,1
40700,'Weekday',608,,9665,35,0,29 16 17,1,22,,9666,32,,,1,78,,9667,35,0,29 16 17,1,13,,9668,32,,,1,83,,9669,35,0,29 16 17,1,30,,9670,32,,,1,69,,9671,35,0,29 16 17,1,27,,9672,32,,,1,73,,9673,35,0,29 16 17,1,27,,9674,32,,,1,73,,9675,35,0,29 16 17,1,14,,9676,32,,,1,32,,9677,35,0,29 16 17,1,67,,9678,32,,,1,33,,9679,35,0,29 16 17,1,77,,9680,32,,,1,33,,9681,35,0,29 16 17,1,67,,9682,32,,,1,33,,9683,35,0,29 16 17,1,67,,9684,32,,,1,83,,9685,35,0,29 16 17,1,17,,9686,32,,,1,84,,9687,35,0,29 16 17,1,16,,9688,32,,,1,84,,9689,35,0,29 16 17,1,26,,9690,32,,,1,74,,9691,35,0,29 16 17,1,26,,9692,32,,,1,80,,9693,32,,,1,20,,9694,32,,,1,70,,9695,32,,,1,30,,9696,32,,,1,70,,9664,32,,,1,30,,9697,32,,,1
41901,'Canada Day',722,,10270,3,,,1,30,,10271,3,,,1,70,,10272,3,,,1,30,,10273,3,,,1,70,,10274,3,,,1,30,,10275,3,,,1,70,,10276,3,,,1,30,,10277,3,,,1,70,,10278,3,,,1,30,,10279,3,,,1,70,,10280,3,,,1,30,,10281,3,,,1,70,,10282,3,,,1,30,,10283,3,,,1,70,,10284,3,,,1,30,,10285,3,,,1,70,,10286,3,,,1,30,,10287,3,,,1,70,,10288,3,,,1,30,,10289,3,,,1,70,,10290,3,,,1,30,,10291,3,,,1,70,,10292,3,,,1,30,,10293,3,,,1,70,,10294,3,,,1,30,,10295,3,,,1
41901,'SatSun',722,,10298,3,,,1,30,,10299,3,,,1,70,,10300,3,,,1,30,,10301,3,,,1,70,,10302,3,,,1,30,,10303,3,,,1,70,,10304,3,,,1,30,,10305,3,,,1,70,,10306,3,,,1,30,,10307,3,,,1,70,,10308,3,,,1,30,,10309,3,,,1,70,,10310,3,,,1,30,,10311,3,,,1,70,,10312,3,,,1,30,,10313,3,,,1,70,,10314,3,,,1,30,,10315,3,,,1,70,,10316,3,,,1,30,,10317,3,,,1,70,,10318,3,,,1,30,,10319,3,,,1,70,,10320,3,,,1,30,,10321,3,,,1,70,,10322,3,,,1,30,,10323,3,,,1
41901,'Weekday',639,,10329,3,,,1,70,,10349,3,,,1,30,,10330,3,,,1,70,,10350,3,,,1,30,,10331,3,,,1,70,,10332,3,,,1,30,,10351,3,,,1,70,,10333,3,,,1,30,,10334,3,,,1,70,,10352,3,,,1,30,,10335,3,,,1,70,,10336,3,,,1,30,,10337,3,,,1,70,,10353,3,,,1,30,,10338,3,,,1,70,,10339,3,,,1,30,,10340,3,,,1,70,,10341,3,,,1,30,,10354,3,,,1,70,,10342,3,,,1,30,,10343,3,,,1,70,,10355,3,,,1,30,,10344,3,,,1,70,,10345,3,,,1,30,,10356,3,,,1,70,,10346,3,,,1,30,,10347,3,,,1,70,,10324,3,,,1,30,,10325,3,,,1,70,,10326,3,,,1,30,,10327,3,,,1,85,,10328,3,,,1
91600,'Canada Day',520,,12507,53,,,1,30,,12508,53,,,1,64,,12509,67,,,1,30,,12510,67,,,1,77,,12511,67,,,1,30,,12512,67,,,1,73,,12513,67,,,1,30,,12514,67,,,1,70,,12515,67,,,1,25,,12516,67,,,1,65,,12517,67,,,1,30,,12518,67,,,1,70,,12519,67,,,1,43,,12520,67,,,1,70,,12521,67,,,1,30,,12522,67,,,1,65,,12523,67,,,1,35,,12524,67,,,1,70,,12525,67,,,1,30,,12526,67,,,1,70,,12527,67,,,1,30,,12528,67,,,1,70,,12529,67,,,1,73,,12530,67,,,1,30,,12531,67,,,1,70,,12532,67,,,1,30,,12533,67,,,1,70,,12534,67,,,1,30,,12535,67,,,1,25,,12536,67,,,1,66,,12537,67,,,1,30,,12538,67,,,1,70,,12539,67,,,1,30,,12540,67,,,1,80,,12541,67,,,1,70,,12542,67,,,1,30,,12543,67,,,1,70,,12544,67,,,1,30,,12545,67,,,1,70,,12546,67,,,1
91600,'Overnight',2255,,12547,67,,,1,70,,12548,67,,,1,30,,12549,67,,,1
91600,'SatSun',520,,12550,53,,,1,30,,12551,53,,,1,64,,12552,67,,,1,30,,12553,67,,,1,77,,12554,67,,,1,30,,12555,67,,,1,73,,12556,67,,,1,30,,12557,67,,,1,70,,12558,67,,,1,25,,12559,67,,,1,65,,12560,67,,,1,30,,12561,67,,,1,70,,12562,67,,,1,43,,12563,67,,,1,70,,12564,67,,,1,30,,12565,67,,,1,65,,12566,67,,,1,35,,12567,67,,,1,70,,12568,67,,,1,30,,12569,67,,,1,70,,12570,67,,,1,30,,12571,67,,,1,70,,12572,67,,,1,73,,12573,67,,,1,30,,12574,67,,,1,70,,12575,67,,,1,30,,12576,67,,,1,70,,12577,67,,,1,30,,12578,67,,,1,25,,12579,67,,,1,66,,12580,67,,,1,30,,12581,67,,,1,70,,12582,67,,,1,30,,12583,67,,,1,80,,12584,67,,,1,200,,12585,67,,,1,70,,12586,67,,,1
91600,'Weekday',508,,12587,67,,,1,30,,12588,67,,,1,70,,12589,67,,,1,30,,12590,67,,,1,72,,12591,67,,,1,20,,12592,67,,,1,20,,12593,67,,,1,60,,12594,67,,,1,23,,12595,67,,,1,20,,12596,67,,,1,60,,12597,67,,,1,20,,12598,67,,,1,20,,12599,67,,,1,60,,12600,67,,,1,20,,12601,67,,,1,19,,12602,67,,,1,60,,12603,67,,,1,20,,12604,67,,,1,20,,12605,67,,,1,60,,12606,67,,,1,20,,12607,67,,,1,20,,12608,67,,,1,60,,12609,67,,,1,20,,12610,67,,,1,20,,12611,67,,,1,60,,12612,67,,,1,20,,12613,67,,,1,20,,12614,67,,,1,60,,12615,67,,,1,3,,12636,41,,,1,17,,12616,67,,,1,20,,12617,67,,,1,67,,12618,67,,,1,18,,12619,67,,,1,64,,12620,67,,,1,20,,12621,67,,,1,20,,12622,67,,,1,65,,12623,67,,,1,20,,12624,67,,,1,20,,12625,67,,,1,60,,12626,67,,,1,12,,12627,67,,,1,20,,12628,67,,,1,20,,12629,67,,,1,65,,12630,67,,,1,25,,12631,67,,,1,69,,12632,67,,,1,30,,12633,67,,,1,70,,12634,67,,,1,30,,12635,67,,,1,188,,12637,67,,,1,24,,12638,67,,,1
