11800,'Weekday',631,,8068,7,,,1,70,,8087,7,,,1,30,,8079,7,,,1,70,,8077,7,,,1,30,,8090,7,,,1,70,,8075,7,,,1,30,,8076,7,,,1,70,,8082,7,,,1,30,,8069,7,,,1,70,,8085,7,,,1,24,,8071,7,,,1,27,,8088,7,,,1,66,,8072,7,,,1,30,,8065,7,,,1,70,,8086,7,,,1,30,,8064,7,,,1,70,,8080,7,,,1,30,,8067,7,,,1,70,,8073,7,,,1,31,,8089,7,,,1,70,,8083,7,,,1,30,,8070,7,,,1,70,,8081,7,,,1,36,,8074,7,,,1,75,,8084,7,,,1,24,,8066,7,,,1,68,,8078,7,,,1
90001,'Canada Day',525,,10982,49,,,1,25,,10983,49,,,1,75,,10984,49,,,1,30,,10985,49,,,1,80,,10987,49,,,1,66,,10989,49,,,1,26,,10991,49,,,1,30,,10993,49,,,1,78,,10995,49,,,1,77,,10997,49,,,1,30,,10999,49,,,1,65,,11001,49,,,1,30,,11003,49,,,1,70,,11005,49,,,1,30,,11007,49,,,1,70,,11009,49,,,1,30,,11011,49,,,1,70,,11013,49,,,1,25,,11015,49,,,1,70,,11017,49,,,1,30,,11019,49,,,1,70,,11021,49,,,1,40,,11024,49,,,1,70,,11026,49,,,1,30,,11028,49,,,1,70,,11030,49,,,1,30,,11032,49,,,1,70,,11034,49,,,1,23,,11036,49,,,1,70,,11038,49,,,1,30,,11040,49,,,1,69,,11042,49,,,1,45,,11044,49,,,1,70,,11045,49,,,1,30,,11046,49,,,1,70,,11047,49,,,1,30,,11048,49,,,1,70,,11049,49,,,1
90001,'Overnight',2302,,11050,49,,,1,30,,11051,49,,,1
90001,'SatSun',525,,11052,49,,,1,25,,11053,49,,,1,75,,11054,49,,,1,30,,11055,49,,,1,80,,11056,49,,,1,66,,11057,49,,,1,26,,11058,49,,,1,30,,11059,49,,,1,78,,11060,49,,,1,77,,11061,49,,,1,30,,11062,49,,,1,65,,11063,49,,,1,30,,11064,49,,,1,70,,11065,49,,,1,30,,11066,49,,,1,70,,11067,49,,,1,30,,11068,49,,,1,70,,11069,49,,,1,25,,11070,49,,,1,70,,11071,49,,,1,30,,11072,49,,,1,70,,11073,49,,,1,40,,11074,49,,,1,70,,11075,49,,,1,30,,11076,49,,,1,70,,11077,49,,,1,30,,11078,49,,,1,70,,11079,49,,,1,23,,11080,49,,,1,70,,11081,49,,,1,30,,11082,49,,,1,69,,11083,49,,,1,45,,11084,49,,,1,70,,11085,49,,,1,30,,11086,49,,,1,70,,11087,49,,,1,30,,11088,49,,,1,70,,11089,49,,,1
90001,'Weekday',516,,11200,49,,,1,36,,11131,49,,,1,70,,11132,49,,,1,24,,11120,49,,,1,64,,11133,49,,,1,24,,11137,49,,,1,24,,11138,49,,,1,64,,11139,49,,,1,24,,11122,49,,,1,64,,11140,49,,,1,29,,11141,49,,,1,64,,11142,49,,,1,24,,11143,49,,,1,24,,11144,49,,,1,64,,11145,49,,,1,24,,11123,49,,,1,18,,11146,49,,,1,65,,11147,49,,,1,24,,11148,49,,,1,64,,11124,49,,,1,24,,11149,49,,,1,24,,11150,49,,,1,64,,11151,49,,,1,24,,11125,49,,,1,64,,11152,49,,,1,24,,11153,49,,,1,24,,11154,49,,,1,64,,11155,49,,,1,24,,11156,49,,,1,64,,11126,49,,,1,24,,11157,49,,,1,24,,11158,49,,,1,64,,11159,49,,,1,24,,11127,49,,,1,58,,11160,49,,,1,24,,11161,49,,,1,24,,11162,49,,,1,64,,11130,49,,,1,24,,11163,49,,,1,64,,11164,49,,,1,24,,11134,49,,,1,24,,11135,49,,,1,64,,11128,49,,,1,24,,11136,49,,,1
91701,'Canada Day',818,,12901,61,0,55 56 57,1,30,,12902,61,0,55 56 57,1,70,,12903,61,0,55 56 57,1,30,,12904,61,0,55 56 57,1,70,,12905,61,0,55 56 57,1,30,,12906,61,0,55 56 57,1,70,,12907,61,0,55 56 57,1,30,,12908,61,0,55 56 57,1,70,,12909,61,0,55 56 57,1,30,,12910,61,0,55 56 57,1,70,,12911,61,0,55 56 57,1,30,,12912,61,0,55 56 57,1,70,,12913,61,0,55 56 57,1,33,,12914,61,0,55 56 57,1,70,,12915,61,0,55 56 57,1,33,,12916,61,0,55 56 57,1,70,,12917,61,0,55 56 57,1,30,,12918,61,0,55 56 57,1,70,,12919,61,0,55 56 57,1,30,,12920,61,0,55 56 57,1,70,,12921,61,0,55 56 57,1,27,,12922,61,0,55 56 57,1,72,,12923,61,0,55 56 57,1,30,,12924,61,0,55 56 57,1
91701,'SatSun',818,,12942,61,0,55 56 57,1,30,,12943,61,0,55 56 57,1,70,,12944,61,0,55 56 57,1,30,,12945,61,0,55 56 57,1,70,,12946,61,0,55 56 57,1,30,,12947,61,0,55 56 57,1,70,,12948,61,0,55 56 57,1,30,,12949,61,0,55 56 57,1,70,,12950,61,0,55 56 57,1,30,,12951,61,0,55 56 57,1,70,,12952,61,0,55 56 57,1,30,,12953,61,0,55 56 57,1,70,,12954,61,0,55 56 57,1,33,,12955,61,0,55 56 57,1,70,,12956,61,0,55 56 57,1,33,,12957,61,0,55 56 57,1,70,,12958,61,0,55 56 57,1,30,,12959,61,0,55 56 57,1,70,,12960,61,0,55 56 57,1,30,,12961,61,0,55 56 57,1,70,,12962,61,0,55 56 57,1,27,,12963,61,0,55 56 57,1,72,,12964,61,0,55 56 57,1,30,,12965,61,0,55 56 57,1
92001,'Weekday',1001,,13084,50,,,1,20,,13085,50,,,1,20,,13086,50,,,1,60,,13087,50,,,1,20,,13088,50,,,1,20,,13089,50,,,1,60,,13090,50,,,1,20,,13091,50,,,1,20,,13092,50,,,1,60,,13093,50,,,1,20,,13094,50,,,1,20,,13095,50,,,1,60,,13096,50,,,1,20,,13097,50,,,1,20,,13098,50,,,1,60,,13099,50,,,1,20,,13101,50,,,1,20,,13100,50,,,1,66,,13105,50,,,1,20,,13103,50,,,1,20,,13102,50,,,1,60,,13104,50,,,1,251,,13081,50,,,1,64,,13106,50,,,1,25,,13063,50,,,1,75,,13064,50,,,1,30,,13065,50,,,1,70,,13066,50,,,1,30,,13067,50,,,1,70,,13068,50,,,1
92101,'Weekday',557,,13131,17,,,1,60,,13126,17,,,1,20,,13134,17,,,1,20,,13130,17,,,1,68,,13142,17,,,1,20,,13127,17,,,1,60,,13141,17,,,1,20,,13129,17,,,1,10,,13145,17,,,1,10,,13133,17,,,1,60,,13144,17,,,1,20,,13143,17,,,1,20,,13136,17,,,1,769,,13128,17,,,1,20,,13140,17,,,1,20,,13139,17,,,1,60,,13137,17,,,1,20,,13132,17,,,1,20,,13138,17,,,1,60,,13135,17,,,1,25,,13125,17,,,1
1400000101,'Overnight',351,,13163,69,,,1,70,,13164,69,,,1,27,,13165,69,,,1,1952,,13168,69,,,1,30,,13166,69,,,1,28,,13167,69,,,1,72,,13170,69,,,1,28,,13172,69,,,1,70,,13169,69,,,1,30,,13174,69,,,1,63,,13175,69,,,1,30,,13173,69,,,1,70,,13176,69,,,1,27,,13171,69,,,1
