'Canada Day',60500,72100,4,'',1,7900,,'',1,2200,4,'',1,800,,'',1,2200,4,'',1,7800,,'',1,2200,4,'',1,4800,,'',1,2200,4,'',1,7800,,'',1,2200,4,'',1,800,,'',1,2200,4,'',1,7800,,'',1,2200,4,'',1,400,,'',1,6200,4,'',1,8200,,'',1,2200,4,'',1,800,,'',1,2200,4,'',1,7800,,'',1,2200,4,'',1,4800,,'',1,2200,4,'',1,7800,,'',1,2200,4,'',1,800,,'',1,2200,4,'',1,7800,,'',1,2200,4,'',1,4800,,'',1,2200,4,'',1,7800,,'',1,2200,4,'',1,800,,'',1,2200,4,'',1
'SatSunmerged942979',60500,71900,4,'',1,3100,,'',1,6200,4,'',1,800,,'',1,2200,4,'',1,7800,,'',1,2200,4,'',1,800,,'',1,6200,4,'',1,3800,,'',1,6200,4,'',1,800,,'',1,2200,4,'',1,7800,,'',1,2200,4,'',1,800,,'',1,6200,4,'',1,3800,,'',1,6200,4,'',1,800,,'',1,2200,4,'',1,7800,,'',1,2200,4,'',1,800,,'',1,6200,4,'',1,3800,,'',1,6200,4,'',1,800,,'',1,2200,4,'',1,7800,,'',1,2200,4,'',1,800,,'',1,6200,4,'',1
'Stat Holidaymerged942977',60500,72100,4,'',1,7900,,'',1,2200,4,'',1,800,,'',1,2200,4,'',1,7800,,'',1,2200,4,'',1,4800,,'',1,2200,4,'',1,7800,,'',1,2200,4,'',1,800,,'',1,2200,4,'',1,7800,,'',1,2200,4,'',1,4800,,'',1,2200,4,'',1,7800,,'',1,2200,4,'',1,800,,'',1,2200,4,'',1,7800,,'',1,2200,4,'',1,4800,,'',1,2200,4,'',1,7800,,'',1,2200,4,'',1,800,,'',1,2200,4,'',1,7800,,'',1,2200,4,'',1,4800,,'',1,2200,4,'',1,7800,,'',1,2200,4,'',1,800,,'',1,2200,4,'',1
'Weekdaymerged942978',60500,63600,,'',1,2200,4,'',1,7200,,'',1,2200,4,'',1,4800,,'',1,2200,4,'',1,7800,,'',1,2200,4,'',1,800,,'',1,2200,4,'',1,7800,,'',1,2200,4,'',1,4800,,'',1,2200,4,'',1,7800,,'',1,2200,4,'',1,800,,'',1,2200,4,'',1,7800,,'',1,2200,4,'',1,4800,,'',1,2200,4,'',1,7800,,'',1,2200,4,'',1,800,,'',1,2200,4,'',1,8300,,'',1,2200,4,'',1,4800,,'',1,2200,4,'',1,7800,,'',1,2200,4,'',1,800,,'',1,2200,4,'',1,7800,,'',1,2200,4,'',1,4800,,'',1,2200,4,'',1,7800,,'',1,2200,4,'',1,800,,'',1,2200,4,'',1
'Canada Day',90500,90800,4,'',1,13000,4,'',1,17000,4,'',1,13000,4,'',1,17000,4,'',1,13000,4,'',1,17200,4,'',1,13000,4,'',1,16500,4,'',1,13000,4,'',1
'Canada Day',90501,55500,,'',1,17000,,'',1,13000,,'',1,17000,,'',1,12600,,'',1,17000,,'',1,13000,,'',1,17000,,'',1,13400,,'',1,17000,,'',1
'SatSunmerged942979',90500,73800,4,'',1,17000,4,'',1,13000,4,'',1,17000,4,'',1,13000,4,'',1,17000,4,'',1,13000,4,'',1,17200,4,'',1,13000,4,'',1,16500,4,'',1,13000,4,'',1,17000,4,'',1
'SatSunmerged942979',90501,55500,,'',1,17000,,'',1,13000,,'',1,17000,,'',1,12600,,'',1,17000,,'',1,13000,,'',1,17000,,'',1,13400,,'',1,17000,,'',1,18500,,'',1
'Stat Holidaymerged942977',90500,90800,4,'',1,13000,4,'',1,17000,4,'',1,13000,4,'',1,17000,4,'',1,13000,4,'',1,17200,4,'',1,13000,4,'',1,16500,4,'',1,13000,4,'',1
'Stat Holidaymerged942977',90501,55500,,'',1,17000,,'',1,13000,,'',1,17000,,'',1,12600,,'',1,17000,,'',1,13000,,'',1,17000,,'',1,13400,,'',1,17000,,'',1
'Weekdaymerged942978',90500,71900,4,'',1,13000,4,'',1,17300,4,'',1,13000,4,'',1,17000,4,'',1,13000,4,'',1,17300,4,'',1,13000,4,'',1,17000,4,'',1,13000,4,'',1,25100,4,'',1
'Weekdaymerged942978',90501,55000,,'',1,15000,,'',1,13000,,'',1,17000,,'',1,13000,,'',1,17000,,'',1,13000,,'',1,17000,,'',1,14500,,'',1,16500,,'',1,13500,,'',1
