41000,'SatSun',712,,1529,43,4,,1,30,,1530,43,4,,1,70,,1531,43,4,,1,30,,1532,43,4,,1,70,,1533,43,4,,1,30,,1534,43,4,,1,72,,1535,43,4,,1,30,,1536,43,4,,1,70,,1537,43,4,,1,30,,1538,43,4,,1,70,,1539,43,4,,1,30,,1540,43,4,,1,70,,1541,43,4,,1,32,,1542,43,4,,1,70,,1543,43,4,,1,30,,1544,43,4,,1,70,,1545,43,4,,1,30,,1546,43,4,,1,70,,1547,43,4,,1,30,,1548,43,4,,1,70,,1549,43,4,,1,30,,1561,43,4,,1,68,,1550,43,4,,1,30,,1551,43,4,,1,70,,1552,43,4,,1,30,,1553,43,4,,1,70,,1554,43,4,,1,30,,1555,43,4,,1,68,,1556,43,4,,1,32,,1557,43,4,,1,70,,1558,43,4,,1,35,,1559,43,4,,1,70,,1560,43,4,,1
41000,'Weekday',639,,1562,43,4,,1,70,,1563,43,4,,1,30,,1564,43,4,,1,70,,1565,43,4,,1,30,,1566,43,4,,1,70,,1567,43,4,,1,30,,1568,43,4,,1,70,,1569,43,4,,1,30,,1570,43,4,,1,70,,1571,43,4,,1,30,,1572,43,4,,1,70,,1573,43,4,,1,30,,1574,43,4,,1,70,,1575,43,4,,1,30,,1576,43,4,,1,70,,1577,43,4,,1,30,,1578,43,4,,1,70,,1579,43,4,,1,30,,1580,43,4,,1,70,,1581,43,4,,1,30,,1582,43,4,,1,63,,1583,43,4,,1,37,,1584,43,4,,1,70,,1585,43,4,,1,30,,1586,43,4,,1,70,,1587,43,4,,1,31,,1588,43,4,,1,69,,1589,43,4,,1,30,,1590,43,4,,1,70,,1591,43,4,,1,30,,1592,43,4,,1,70,,1593,43,4,,1,30,,1594,43,4,,1,70,,1595,43,4,,1,30,,1596,43,4,,1
41001,'SatSun',619,,1597,1,,,1,30,,1598,1,,,1,70,,1599,1,,,1,30,,1600,1,,,1,70,,1601,1,,,1,30,,1602,1,,,1,70,,1603,1,,,1,30,,1604,1,,,1,70,,1605,1,,,1,30,,1606,1,,,1,70,,1607,1,,,1,30,,1608,1,,,1,70,,1609,1,,,1,30,,1610,1,,,1,70,,1611,1,,,1,30,,1612,1,,,1,70,,1613,1,,,1,30,,1614,1,,,1,70,,1615,1,,,1,30,,1616,1,,,1,70,,1617,1,,,1,30,,1618,1,,,1,70,,1619,1,,,1,30,,1620,1,,,1,70,,1621,1,,,1,30,,1622,1,,,1,70,,1623,1,,,1,28,,1624,1,,,1,70,,1625,1,,,1,30,,1626,1,,,1,65,,1627,1,,,1,35,,1628,1,,,1,70,,1629,1,,,1
41001,'Weekday',540,,1663,1,,,1,80,,1630,1,,,1,25,,1631,1,,,1,70,,1632,1,,,1,30,,1633,1,,,1,70,,1634,1,,,1,30,,1635,1,,,1,70,,1636,1,,,1,30,,1637,1,,,1,70,,1638,1,,,1,30,,1639,1,,,1,70,,1640,1,,,1,30,,1641,1,,,1,70,,1642,1,,,1,30,,1643,1,,,1,70,,1644,1,,,1,30,,1645,1,,,1,70,,1646,1,,,1,30,,1647,1,,,1,70,,1648,1,,,1,30,,1649,1,,,1,70,,1650,1,,,1,30,,1651,1,,,1,70,,1652,1,,,1,30,,1653,1,,,1,70,,1654,1,,,1,30,,1655,1,,,1,70,,1656,1,,,1,25,,1657,1,,,1,69,,1658,1,,,1,30,,1659,1,,,1,70,,1660,1,,,1,30,,1661,1,,,1,70,,1662,1,,,1,30,,1665,1,,,1,70,,1664,1,,,1,30,,1666,1,,,1,19,,1667,1,,,1,100,,1668,1,,,1
41900,'SatSun',743,,1707,17,4,,1,70,,1708,17,4,,1,31,,1709,17,4,,1,70,,1710,17,4,,1,30,,1711,17,4,,1,70,,1712,17,4,,1,30,,1713,17,4,,1,70,,1714,17,4,,1,30,,1715,17,4,,1,70,,1716,17,4,,1,30,,1717,17,4,,1,70,,1718,17,4,,1,30,,1719,17,4,,1,70,,1720,17,4,,1,30,,1721,17,4,,1,70,,1722,17,4,,1,30,,1723,17,4,,1,70,,1724,17,4,,1,30,,1725,17,4,,1,69,,1726,17,4,,1,30,,1727,17,4,,1,70,,1728,17,4,,1,30,,1729,17,4,,1,70,,1730,17,4,,1,30,,1731,17,4,,1,70,,1732,17,4,,1
41900,'Weekday',723,,1739,17,4,,1,31,,1740,17,4,,1,73,,1741,17,4,,1,30,,1742,17,4,,1,70,,1743,17,4,,1,29,,1744,17,4,,1,67,,1745,17,4,,1,32,,1746,17,4,,1,68,,1747,17,4,,1,30,,1748,17,4,,1,70,,1749,17,4,,1,32,,1750,17,4,,1,68,,1751,17,4,,1,33,,1752,17,4,,1,70,,1753,17,4,,1,32,,1754,17,4,,1,71,,1755,17,4,,1,30,,1756,17,4,,1,70,,1757,17,4,,1,73,,1758,17,4,,1,27,,1759,17,4,,1,30,,1760,17,4,,1,70,,1761,17,4,,1,30,,1762,17,4,,1,70,,1764,17,4,,1,30,,1763,17,4,,1,70,,1733,17,4,,1,30,,1734,17,4,,1,70,,1735,17,4,,1,30,,1736,17,4,,1,70,,1737,17,4,,1,82,,1738,17,4,,1
41901,'SatSun',718,,1767,1,,,1,30,,1768,1,,,1,70,,1769,1,,,1,30,,1770,1,,,1,70,,1771,1,,,1,30,,1772,1,,,1,70,,1773,1,,,1,30,,1774,1,,,1,70,,1775,1,,,1,30,,1776,1,,,1,70,,1777,1,,,1,30,,1778,1,,,1,70,,1779,1,,,1,30,,1780,1,,,1,70,,1781,1,,,1,30,,1782,1,,,1,70,,1783,1,,,1,30,,1784,1,,,1,70,,1785,1,,,1,30,,1786,1,,,1,70,,1787,1,,,1,30,,1788,1,,,1,70,,1789,1,,,1,30,,1790,1,,,1,70,,1791,1,,,1,30,,1792,1,,,1
41901,'Weekday',635,,1798,1,,,1,70,,1818,1,,,1,30,,1799,1,,,1,70,,1819,1,,,1,30,,1800,1,,,1,70,,1801,1,,,1,30,,1820,1,,,1,70,,1802,1,,,1,30,,1803,1,,,1,70,,1821,1,,,1,30,,1804,1,,,1,70,,1805,1,,,1,30,,1806,1,,,1,70,,1822,1,,,1,30,,1807,1,,,1,70,,1808,1,,,1,30,,1809,1,,,1,70,,1810,1,,,1,30,,1823,1,,,1,70,,1811,1,,,1,30,,1812,1,,,1,70,,1824,1,,,1,30,,1813,1,,,1,70,,1814,1,,,1,30,,1825,1,,,1,70,,1815,1,,,1,30,,1816,1,,,1,70,,1793,1,,,1,30,,1794,1,,,1,70,,1795,1,,,1,30,,1796,1,,,1,85,,1797,1,,,1
42300,'Weekday',724,,1883,44,4,,1,30,,1884,44,4,,1,72,,1885,44,4,,1,30,,1886,44,4,,1,70,,1887,44,4,,1,30,,1900,44,4,,1,70,,1901,44,4,,1,30,,1902,44,4,,1,68,,1894,44,4,,1,30,,1895,44,4,,1,70,,1896,44,4,,1,30,,1897,44,4,,1,70,,1899,44,4,,1,30,,1903,44,4,,1,70,,1904,44,4,,1,30,,1905,44,4,,1,72,,1898,44,4,,1,30,,1906,44,4,,1,70,,1888,44,4,,1,30,,1889,44,4,,1,70,,1890,44,4,,1,30,,1891,44,4,,1,70,,1892,44,4,,1,30,,1893,44,4,,1,65,,1907,44,4,,1,30,,1908,44,4,,1,70,,1909,44,4,,1
42301,'Weekday',609,,1910,1,,,1,30,,1911,1,,,1,70,,1912,1,,,1,21,,1920,1,,,1,70,,1921,1,,,1,30,,1922,1,,,1,70,,1930,1,,,1,30,,1931,1,,,1,70,,1932,1,,,1,30,,1933,1,,,1,70,,1934,1,,,1,30,,1924,1,,,1,70,,1925,1,,,1,30,,1926,1,,,1,70,,1927,1,,,1,30,,1929,1,,,1,70,,1935,1,,,1,30,,1928,1,,,1,70,,1936,1,,,1,30,,1923,1,,,1,70,,1913,1,,,1,30,,1914,1,,,1,75,,1915,1,,,1,25,,1916,1,,,1,70,,1917,1,,,1,30,,1918,1,,,1,70,,1919,1,,,1
