40300,'Canada Day',654,,9187,29,4,,1,70,,9188,29,4,,1,30,,9189,29,4,,1,70,,9190,29,4,,1,30,,9191,29,4,,1,70,,9192,29,4,,1,30,,9193,29,4,,1,72,,9194,29,4,,1,30,,9195,29,4,,1,66,,9196,29,4,,1,30,,9197,29,4,,1,74,,9198,29,4,,1,30,,9199,29,4,,1,70,,9200,29,4,,1,30,,9201,29,4,,1,70,,9202,29,4,,1,30,,9203,29,4,,1,70,,9204,29,4,,1,29,,9205,29,4,,1,67,,9206,29,4,,1,34,,9207,29,4,,1,70,,9208,29,4,,1,33,,9209,29,4,,1,67,,9210,29,4,,1,30,,9211,29,4,,1,70,,9212,29,4,,1,30,,9213,29,4,,1,70,,9214,29,4,,1,30,,9215,29,4,,1,70,,9216,29,4,,1,30,,9217,29,4,,1
40300,'SatSun',654,,9218,29,4,,1,70,,9219,29,4,,1,30,,9220,29,4,,1,70,,9221,29,4,,1,30,,9222,29,4,,1,70,,9223,29,4,,1,30,,9224,29,4,,1,72,,9225,29,4,,1,30,,9226,29,4,,1,66,,9227,29,4,,1,30,,9228,29,4,,1,74,,9229,29,4,,1,30,,9230,29,4,,1,70,,9231,29,4,,1,30,,9232,29,4,,1,70,,9233,29,4,,1,30,,9234,29,4,,1,70,,9235,29,4,,1,30,,9236,29,4,,1,66,,9237,29,4,,1,34,,9238,29,4,,1,70,,9239,29,4,,1,33,,9240,29,4,,1,67,,9241,29,4,,1,30,,9242,29,4,,1,70,,9243,29,4,,1,30,,9244,29,4,,1,70,,9245,29,4,,1,30,,9246,29,4,,1,70,,9247,29,4,,1,30,,9248,29,4,,1
40300,'Weekday',630,,9269,29,4,,1,16,,9253,16,4,,1,54,,9285,29,4,,1,16,,9254,16,4,,1,14,,9280,29,4,,1,16,,9255,16,4,,1,54,,9286,29,4,,1,16,,9256,16,4,,1,14,,9287,29,4,,1,70,,9288,29,4,,1,30,,9289,29,4,,1,72,,9290,29,4,,1,30,,9291,29,4,,1,70,,9292,29,4,,1,30,,9249,29,4,,1,70,,9250,29,4,,1,30,,9251,29,4,,1,70,,9252,29,4,,1,30,,9263,29,4,,1,70,,9264,29,4,,1,30,,9265,29,4,,1,73,,9266,29,4,,1,22,,9267,29,4,,1,15,,9257,16,4,,1,15,,9268,29,4,,1,55,,9258,16,4,,1,15,,9270,29,4,,1,15,,9259,16,4,,1,15,,9271,29,4,,1,55,,9260,16,4,,1,15,,9272,29,4,,1,15,,9261,16,4,,1,15,,9273,29,4,,1,55,,9262,16,4,,1,15,,9274,29,4,,1,30,,9275,29,4,,1,70,,9276,29,4,,1,29,,9277,29,4,,1,70,,9278,29,4,,1,30,,9279,29,4,,1,70,,9281,29,4,,1,30,,9282,29,4,,1,70,,9283,29,4,,1,30,,9284,29,4,,1
40301,'Canada Day',600,,9293,1,,,1,30,,9294,1,,,1,70,,9295,1,,,1,30,,9296,1,,,1,70,,9297,1,,,1,30,,9298,1,,,1,70,,9299,1,,,1,30,,9300,1,,,1,70,,9301,1,,,1,30,,9302,1,,,1,70,,9303,1,,,1,30,,9304,1,,,1,70,,9305,1,,,1,30,,9306,1,,,1,70,,9307,1,,,1,30,,9308,1,,,1,70,,9309,1,,,1,30,,9310,1,,,1,70,,9311,1,,,1,30,,9312,1,,,1,70,,9313,1,,,1,30,,9314,1,,,1,73,,9315,1,,,1,27,,9316,1,,,1,70,,9317,1,,,1,30,,9318,1,,,1,70,,9319,1,,,1,30,,9320,1,,,1,70,,9321,1,,,1,30,,9322,1,,,1,70,,9323,1,,,1,30,,9324,1,,,1,70,,9325,1,,,1
40301,'SatSun',600,,9326,1,,,1,30,,9327,1,,,1,70,,9328,1,,,1,30,,9329,1,,,1,70,,9330,1,,,1,30,,9331,1,,,1,70,,9332,1,,,1,30,,9333,1,,,1,70,,9334,1,,,1,30,,9335,1,,,1,70,,9336,1,,,1,30,,9337,1,,,1,70,,9338,1,,,1,30,,9339,1,,,1,70,,9340,1,,,1,30,,9341,1,,,1,70,,9342,1,,,1,30,,9343,1,,,1,70,,9344,1,,,1,30,,9345,1,,,1,70,,9346,1,,,1,30,,9347,1,,,1,73,,9348,1,,,1,27,,9349,1,,,1,70,,9350,1,,,1,30,,9351,1,,,1,70,,9352,1,,,1,30,,9353,1,,,1,70,,9354,1,,,1,30,,9355,1,,,1,70,,9356,1,,,1,30,,9357,1,,,1,70,,9358,1,,,1
40301,'Weekday',603,,9369,1,,,1,30,,9368,1,,,1,20,,9359,1,0,10 31 32,1,50,,9370,1,,,1,20,,9360,1,0,10 31 32,1,10,,9371,1,,,1,20,,9361,1,0,10 31 32,1,50,,9372,1,,,1,30,,9373,1,,,1,70,,9374,1,,,1,28,,9375,1,,,1,70,,9376,1,,,1,30,,9377,1,,,1,70,,9378,1,,,1,30,,9379,1,,,1,70,,9380,1,,,1,30,,9381,1,,,1,70,,9382,1,,,1,30,,9383,1,,,1,70,,9384,1,,,1,25,,9385,1,,,1,30,,9386,1,,,1,63,,9362,1,0,10 31 32,1,7,,9387,1,,,1,23,,9363,1,0,10 31 32,1,7,,9388,1,,,1,63,,9364,1,0,10 31 32,1,7,,9389,1,,,1,23,,9365,1,0,10 31 32,1,7,,9390,1,,,1,63,,9366,1,0,10 31 32,1,7,,9391,1,,,1,23,,9367,1,0,10 31 32,1,7,,9392,1,,,1,70,,9393,1,,,1,30,,9394,1,,,1,70,,9395,1,,,1,30,,9396,1,,,1,70,,9397,1,,,1,30,,9398,1,,,1,70,,9399,1,,,1,74,,9400,1,,,1,32,,9401,1,,,1
40500,'Canada Day',628,,9402,1,,,1,30,,9403,1,,,1,71,,9404,1,,,1,71,,9405,1,,,1,35,,9406,1,,,1,70,,9407,1,,,1,30,,9408,1,,,1,70,,9409,1,,,1,30,,9410,1,,,1,70,,9411,1,,,1,30,,9412,1,,,1,70,,9413,1,,,1,30,,9414,1,,,1,70,,9415,1,,,1,30,,9416,1,,,1,70,,9417,1,,,1,30,,9418,1,,,1,70,,9419,1,,,1,30,,9420,1,,,1,70,,9421,1,,,1,30,,9422,1,,,1,70,,9423,1,,,1,30,,9424,1,,,1,70,,9425,1,,,1,30,,9426,1,,,1,70,,9427,1,,,1,30,,9428,1,,,1,70,,9429,1,,,1,30,,9430,1,,,1,70,,9431,1,,,1,30,,9432,1,,,1,70,,9433,1,,,1
40500,'SatSun',635,,9434,1,,,1,70,,9435,1,,,1,30,,9436,1,,,1,70,,9437,1,,,1,30,,9438,1,,,1,70,,9439,1,,,1,30,,9440,1,,,1,70,,9441,1,,,1,30,,9442,1,,,1,70,,9443,1,,,1,30,,9444,1,,,1,70,,9445,1,,,1,30,,9446,1,,,1,70,,9447,1,,,1,30,,9448,1,,,1,70,,9449,1,,,1,30,,9450,1,,,1,70,,9451,1,,,1,30,,9452,1,,,1,70,,9453,1,,,1,30,,9454,1,,,1,70,,9455,1,,,1,30,,9456,1,,,1,70,,9457,1,,,1,30,,9458,1,,,1,70,,9459,1,,,1,30,,9460,1,,,1,70,,9461,1,,,1,30,,9462,1,,,1,70,,9463,1,,,1,30,,9464,1,,,1,70,,9465,1,,,1
40500,'Weekday',558,,9482,1,,,1,80,,9483,1,,,1,72,,9484,1,,,1,30,,9485,1,,,1,70,,9486,1,,,1,30,,9487,1,,,1,70,,9488,1,,,1,30,,9489,1,,,1,70,,9490,1,,,1,30,,9491,1,,,1,70,,9492,1,,,1,30,,9493,1,,,1,70,,9494,1,,,1,25,,9495,1,,,1,70,,9496,1,,,1,35,,9497,1,,,1,70,,9466,1,,,1,30,,9467,1,,,1,70,,9468,1,,,1,25,,9469,1,,,1,70,,9470,1,,,1,30,,9471,1,,,1,70,,9472,1,,,1,30,,9473,1,,,1,66,,9474,1,,,1,29,,9475,1,,,1,70,,9476,1,,,1,35,,9477,1,,,1,70,,9478,1,,,1,30,,9479,1,,,1,70,,9480,1,,,1,30,,9481,1,,,1
40501,'Canada Day',656,,9498,41,4,,1,70,,9499,41,4,,1,30,,9500,41,4,,1,70,,9501,41,4,,1,31,,9502,41,4,,1,69,,9503,41,4,,1,30,,9504,41,4,,1,73,,9505,41,4,,1,30,,9506,41,4,,1,70,,9507,41,4,,1,30,,9508,41,4,,1,70,,9509,41,4,,1,30,,9510,41,4,,1,70,,9511,41,4,,1,30,,9512,41,4,,1,70,,9513,41,4,,1,30,,9514,41,4,,1,70,,9515,41,4,,1,30,,9516,41,4,,1,70,,9517,41,4,,1,30,,9518,41,4,,1,70,,9519,41,4,,1,30,,9520,41,4,,1,70,,9521,41,4,,1,30,,9522,41,4,,1,67,,9523,41,4,,1,30,,9524,41,4,,1,70,,9525,41,4,,1,30,,9526,41,4,,1,70,,9527,41,4,,1,30,,9528,41,4,,1,70,,9529,41,4,,1,30,,9530,41,4,,1
40501,'SatSun',656,,9531,41,4,,1,70,,9532,41,4,,1,30,,9533,41,4,,1,70,,9534,41,4,,1,30,,9535,41,4,,1,70,,9536,41,4,,1,30,,9537,41,4,,1,73,,9538,41,4,,1,30,,9539,41,4,,1,70,,9540,41,4,,1,30,,9541,41,4,,1,70,,9542,41,4,,1,30,,9543,41,4,,1,70,,9544,41,4,,1,30,,9545,41,4,,1,70,,9546,41,4,,1,30,,9547,41,4,,1,70,,9548,41,4,,1,30,,9549,41,4,,1,70,,9550,41,4,,1,30,,9551,41,4,,1,70,,9552,41,4,,1,30,,9553,41,4,,1,70,,9554,41,4,,1,30,,9555,41,4,,1,67,,9556,41,4,,1,30,,9557,41,4,,1,70,,9558,41,4,,1,30,,9559,41,4,,1,70,,9560,41,4,,1,30,,9561,41,4,,1,70,,9562,41,4,,1,30,,9563,41,4,,1
40501,'Weekday',630,,9581,41,4,,1,70,,9582,41,4,,1,30,,9583,41,4,,1,25,,9584,41,4,,1,74,,9585,41,4,,1,30,,9586,41,4,,1,67,,9587,41,4,,1,30,,9588,41,4,,1,70,,9589,41,4,,1,30,,9590,41,4,,1,70,,9591,41,4,,1,30,,9592,41,4,,1,70,,9593,41,4,,1,30,,9594,41,4,,1,70,,9595,41,4,,1,30,,9596,41,4,,1,64,,9597,41,4,,1,30,,9564,41,4,,1,71,,9565,41,4,,1,30,,9566,41,4,,1,72,,9568,41,4,,1,28,,9569,41,4,,1,72,,9570,41,4,,1,28,,9571,41,4,,1,68,,9572,41,4,,1,30,,9573,41,4,,1,64,,9574,41,4,,1,30,,9575,41,4,,1,62,,9576,41,4,,1,35,,9567,41,4,,1,70,,9577,41,4,,1,30,,9578,41,4,,1,70,,9579,41,4,,1,30,,9580,41,4,,1
40900,'Canada Day',653,,9797,1,,,1,70,,9798,1,,,1,30,,9799,1,,,1,70,,9800,1,,,1,30,,9801,1,,,1,70,,9802,1,,,1,30,,9803,1,,,1,70,,9804,1,,,1,30,,9805,1,,,1,70,,9806,1,,,1,30,,9807,1,,,1,70,,9808,1,,,1,30,,9809,1,,,1,70,,9810,1,,,1,30,,9811,1,,,1,70,,9812,1,,,1,30,,9813,1,,,1,70,,9814,1,,,1,30,,9815,1,,,1,70,,9816,1,,,1,30,,9817,1,,,1,70,,9818,1,,,1,30,,9819,1,,,1,70,,9820,1,,,1,30,,9821,1,,,1,70,,9822,1,,,1,220,,9823,1,,,1,110,,9824,1,,,1
40900,'SatSun',653,,9825,1,,,1,70,,9826,1,,,1,30,,9827,1,,,1,70,,9828,1,,,1,30,,9829,1,,,1,70,,9830,1,,,1,30,,9831,1,,,1,70,,9832,1,,,1,30,,9833,1,,,1,70,,9834,1,,,1,30,,9835,1,,,1,70,,9836,1,,,1,30,,9837,1,,,1,70,,9838,1,,,1,30,,9839,1,,,1,70,,9840,1,,,1,30,,9841,1,,,1,70,,9842,1,,,1,30,,9843,1,,,1,70,,9844,1,,,1,30,,9845,1,,,1,70,,9846,1,,,1,30,,9847,1,,,1,70,,9848,1,,,1,30,,9849,1,,,1,70,,9850,1,,,1,220,,9851,1,,,1,110,,9852,1,,,1
40900,'Weekday',633,,9859,1,,,1,70,,9860,1,,,1,30,,9861,1,,,1,70,,9862,1,,,1,30,,9863,1,,,1,70,,9864,1,,,1,30,,9865,1,,,1,26,,9866,1,0,5 20 21,1,74,,9867,1,,,1,70,,9868,1,,,1,30,,9869,1,,,1,26,,9870,1,0,5 20 21,1,74,,9871,1,,,1,70,,9872,1,,,1,30,,9873,1,,,1,26,,9874,1,0,5 20 21,1,74,,9875,1,,,1,70,,9876,1,,,1,30,,9877,1,,,1,72,,9878,1,0,5 20 21,1,28,,9879,1,,,1,70,,9880,1,,,1,30,,9881,1,,,1,70,,9882,1,,,1,30,,9883,1,,,1,70,,9884,1,,,1,30,,9853,1,,,1,70,,9854,1,,,1,30,,9855,1,,,1,70,,9856,1,,,1,30,,9857,1,,,1,82,,9858,1,,,1
40901,'Canada Day',705,,9885,28,4,,1,30,,9886,28,4,,1,70,,9887,28,4,,1,30,,9888,28,4,,1,70,,9889,28,4,,1,30,,9890,28,4,,1,70,,9891,28,4,,1,30,,9892,28,4,,1,70,,9893,28,4,,1,30,,9894,28,4,,1,70,,9895,28,4,,1,30,,9896,28,4,,1,70,,9897,28,4,,1,30,,9898,28,4,,1,70,,9899,28,4,,1,33,,9900,28,4,,1,70,,9901,28,4,,1,30,,9902,28,4,,1,70,,9903,28,4,,1,30,,9904,28,4,,1,70,,9905,28,4,,1,30,,9906,28,4,,1,70,,9907,28,4,,1,30,,9908,28,4,,1,70,,9909,28,4,,1,30,,9910,28,4,,1,70,,9911,28,4,,1,30,,9912,28,4,,1,202,,9913,28,4,,1,106,,9914,28,4,,1
40901,'SatSun',705,,9915,28,4,,1,30,,9916,28,4,,1,70,,9917,28,4,,1,30,,9918,28,4,,1,70,,9919,28,4,,1,30,,9920,28,4,,1,70,,9921,28,4,,1,30,,9922,28,4,,1,70,,9923,28,4,,1,30,,9924,28,4,,1,70,,9925,28,4,,1,30,,9926,28,4,,1,70,,9927,28,4,,1,30,,9928,28,4,,1,70,,9929,28,4,,1,33,,9930,28,4,,1,70,,9931,28,4,,1,30,,9932,28,4,,1,70,,9933,28,4,,1,30,,9934,28,4,,1,70,,9935,28,4,,1,30,,9936,28,4,,1,70,,9937,28,4,,1,30,,9938,28,4,,1,70,,9939,28,4,,1,30,,9940,28,4,,1,70,,9941,28,4,,1,30,,9942,28,4,,1,202,,9943,28,4,,1,106,,9944,28,4,,1
40901,'Weekday',655,,9977,28,4,,1,70,,9951,28,4,,1,30,,9952,28,4,,1,70,,9953,28,4,,1,30,,9954,28,4,,1,70,,9955,28,4,,1,30,,9956,28,4,,1,74,,9957,34,4,,1,26,,9958,28,4,,1,70,,9959,28,4,,1,30,,9960,28,4,,1,73,,9961,34,4,,1,27,,9962,28,4,,1,70,,9963,28,4,,1,30,,9964,28,4,,1,74,,9965,34,4,,1,26,,9966,28,4,,1,70,,9967,28,4,,1,31,,9968,27,4,,1,69,,9969,28,4,,1,30,,9970,28,4,,1,70,,9971,28,4,,1,30,,9972,28,4,,1,70,,9973,28,4,,1,30,,9974,28,4,,1,70,,9975,28,4,,1,30,,9976,28,4,,1,70,,9945,28,4,,1,30,,9946,28,4,,1,70,,9947,28,4,,1,30,,9948,28,4,,1,70,,9949,28,4,,1,83,,9950,28,4,,1
41000,'Canada Day',645,,9978,1,,,1,70,,9979,1,,,1,30,,9980,1,,,1,70,,9981,1,,,1,30,,9982,1,,,1,70,,9983,1,,,1,30,,9984,1,,,1,70,,9985,1,,,1,30,,9986,1,,,1,70,,9987,1,,,1,30,,9988,1,,,1,70,,9989,1,,,1,30,,9990,1,,,1,70,,9991,1,,,1,30,,9992,1,,,1,70,,9993,1,,,1,30,,9994,1,,,1,70,,9995,1,,,1,30,,9996,1,,,1,70,,9997,1,,,1,30,,9998,1,,,1,70,,9999,1,,,1,30,,10000,1,,,1,70,,10001,1,,,1,30,,10002,1,,,1,70,,10003,1,,,1,30,,10004,1,,,1,70,,10005,1,,,1,28,,10006,1,,,1,72,,10007,1,,,1,30,,10008,1,,,1,75,,10009,1,,,1,30,,10010,1,,,1
41000,'SatSun',645,,10011,1,,,1,70,,10012,1,,,1,30,,10013,1,,,1,70,,10014,1,,,1,30,,10015,1,,,1,70,,10016,1,,,1,30,,10017,1,,,1,70,,10018,1,,,1,30,,10019,1,,,1,70,,10020,1,,,1,30,,10021,1,,,1,70,,10022,1,,,1,30,,10023,1,,,1,70,,10024,1,,,1,30,,10025,1,,,1,70,,10026,1,,,1,30,,10027,1,,,1,70,,10028,1,,,1,30,,10029,1,,,1,70,,10030,1,,,1,30,,10031,1,,,1,70,,10043,1,,,1,30,,10032,1,,,1,70,,10033,1,,,1,30,,10034,1,,,1,70,,10035,1,,,1,30,,10036,1,,,1,70,,10037,1,,,1,28,,10038,1,,,1,72,,10039,1,,,1,30,,10040,1,,,1,75,,10041,1,,,1,30,,10042,1,,,1
41000,'Weekday',610,,10044,1,,,1,30,,10045,1,,,1,70,,10046,1,,,1,30,,10047,1,,,1,70,,10048,1,,,1,30,,10049,1,,,1,70,,10050,1,,,1,30,,10051,1,,,1,70,,10052,1,,,1,30,,10053,1,,,1,70,,10054,1,,,1,30,,10055,1,,,1,70,,10056,1,,,1,30,,10057,1,,,1,70,,10058,1,,,1,30,,10059,1,,,1,70,,10060,1,,,1,30,,10061,1,,,1,70,,10062,1,,,1,30,,10063,1,,,1,70,,10064,1,,,1,23,,10065,1,,,1,77,,10066,1,,,1,30,,10067,1,,,1,70,,10068,1,,,1,30,,10069,1,,,1,71,,10070,1,,,1,29,,10071,1,,,1,70,,10072,1,,,1,30,,10073,1,,,1,70,,10074,1,,,1,30,,10075,1,,,1,70,,10076,1,,,1,30,,10077,1,,,1,70,,10078,1,,,1
41001,'Canada Day',645,,10079,42,4,,1,70,,10080,42,4,,1,30,,10081,42,4,,1,70,,10082,42,4,,1,30,,10083,42,4,,1,70,,10084,42,4,,1,30,,10085,42,4,,1,72,,10086,42,4,,1,30,,10087,42,4,,1,70,,10088,42,4,,1,30,,10089,42,4,,1,70,,10090,42,4,,1,30,,10091,42,4,,1,70,,10092,42,4,,1,30,,10093,42,4,,1,70,,10094,42,4,,1,30,,10095,42,4,,1,70,,10096,42,4,,1,30,,10097,42,4,,1,70,,10098,42,4,,1,30,,10099,42,4,,1,70,,10100,42,4,,1,29,,10101,42,4,,1,74,,10102,42,4,,1,26,,10103,42,4,,1,70,,10104,42,4,,1,30,,10105,42,4,,1,68,,10106,42,4,,1,30,,10107,42,4,,1,70,,10108,42,4,,1,25,,10109,42,4,,1,75,,10110,42,4,,1,30,,10111,42,4,,1
41001,'SatSun',645,,10112,42,4,,1,70,,10113,42,4,,1,30,,10114,42,4,,1,70,,10115,42,4,,1,30,,10116,42,4,,1,70,,10117,42,4,,1,30,,10118,42,4,,1,72,,10119,42,4,,1,30,,10120,42,4,,1,70,,10121,42,4,,1,30,,10122,42,4,,1,70,,10123,42,4,,1,30,,10124,42,4,,1,70,,10125,42,4,,1,30,,10126,42,4,,1,70,,10127,42,4,,1,30,,10128,42,4,,1,70,,10129,42,4,,1,30,,10130,42,4,,1,70,,10131,42,4,,1,30,,10132,42,4,,1,70,,10133,42,4,,1,29,,10134,42,4,,1,70,,10135,42,4,,1,30,,10136,42,4,,1,70,,10137,42,4,,1,30,,10138,42,4,,1,68,,10139,42,4,,1,30,,10140,42,4,,1,70,,10141,42,4,,1,25,,10142,42,4,,1,75,,10143,42,4,,1,30,,10144,42,4,,1
41001,'Weekday',605,,10178,42,4,,1,40,,10145,42,4,,1,65,,10146,42,4,,1,32,,10147,42,4,,1,70,,10148,42,4,,1,30,,10149,42,4,,1,70,,10150,42,4,,1,30,,10151,42,4,,1,70,,10152,42,4,,1,30,,10153,42,4,,1,70,,10154,42,4,,1,30,,10155,42,4,,1,70,,10156,42,4,,1,30,,10157,42,4,,1,70,,10158,42,4,,1,30,,10159,42,4,,1,70,,10160,42,4,,1,30,,10161,42,4,,1,74,,10162,42,4,,1,30,,10163,42,4,,1,70,,10164,42,4,,1,30,,10165,42,4,,1,70,,10166,42,4,,1,30,,10167,42,4,,1,70,,10168,42,4,,1,30,,10169,42,4,,1,70,,10170,42,4,,1,25,,10171,42,4,,1,65,,10172,42,4,,1,29,,10173,42,4,,1,70,,10174,42,4,,1,30,,10175,42,4,,1,70,,10176,42,4,,1,30,,10177,42,4,,1,70,,10180,42,4,,1,30,,10179,42,4,,1,70,,10181,42,4,,1,19,,10182,42,4,,1,100,,10183,42,4,,1
42100,'Canada Day',951,,10357,1,,,1,70,,10358,1,,,1,30,,10359,1,,,1,70,,10360,1,,,1,30,,10361,1,,,1,70,,10362,1,,,1,30,,10363,1,,,1,70,,10364,1,,,1,30,,10365,1,,,1,70,,10366,1,,,1,30,,10367,1,,,1,70,,10368,1,,,1,30,,10369,1,,,1,70,,10370,1,,,1,30,,10371,1,,,1,70,,10372,1,,,1,30,,10373,1,,,1,73,,10374,1,0,10 26,1,30,,10375,1,0,10 26,1
42100,'SatSun',951,,10376,1,,,1,70,,10377,1,,,1,30,,10378,1,,,1,70,,10379,1,,,1,30,,10380,1,,,1,70,,10381,1,,,1,30,,10382,1,,,1,70,,10383,1,,,1,30,,10384,1,,,1,70,,10385,1,,,1,30,,10386,1,,,1,70,,10387,1,,,1,30,,10388,1,,,1,70,,10389,1,,,1,30,,10390,1,,,1,70,,10391,1,,,1,30,,10392,1,,,1,73,,10393,1,0,10 26,1,30,,10394,1,0,10 26,1
42100,'Weekday',605,5,10395,6,0,7 30,1,30,5,10396,6,0,7 30,1,70,5,10397,6,0,7 30,1,31,5,10398,6,0,7 30,1,82,5,10399,6,0,7 30,1,30,5,10400,6,0,7 30,1,70,5,10401,6,0,7 30,1,25,5,10402,6,0,7 30,1,75,5,10403,6,0,7 30,1,25,,10404,6,0,7 30,1,70,,10405,6,0,7 30,1,30,,10406,6,0,7 30,1,70,,10407,6,0,7 30,1,94,,10408,6,0,7 30,1,30,,10409,6,0,5 30,1,70,,10410,6,0,7 30,1,31,,10411,6,0,7 30,1,70,,10412,6,0,7 30,1,41,,10421,6,0,7 30,1,59,,10423,6,0,7 30,1,30,,10422,6,0,7 30,1
42101,'Canada Day',957,,10424,17,4,,1,70,,10425,17,4,,1,73,,10426,46,4,,1,30,,10427,46,4,,1,70,,10428,46,4,,1,30,,10429,46,4,,1,70,,10430,46,4,,1,30,,10431,46,4,,1,70,,10432,46,4,,1,30,,10433,46,4,,1,70,,10434,46,4,,1,30,,10435,46,4,,1,70,,10436,46,4,,1,30,,10437,46,4,,1,70,,10438,46,4,,1,30,,10439,46,4,,1,70,,10440,46,4,,1,30,,10441,46,4,,1,70,,10442,46,4,,1
42101,'SatSun',957,,10443,17,4,,1,70,,10444,17,4,,1,73,,10445,46,4,,1,30,,10446,46,4,,1,70,,10447,46,4,,1,30,,10448,46,4,,1,70,,10449,46,4,,1,30,,10450,46,4,,1,70,,10451,46,4,,1,30,,10452,46,4,,1,70,,10453,46,4,,1,30,,10454,46,4,,1,70,,10455,46,4,,1,30,,10456,46,4,,1,70,,10457,46,4,,1,30,,10458,46,4,,1,70,,10459,46,4,,1,30,,10460,46,4,,1,70,,10461,46,4,,1
42101,'Weekday',1022,2,10470,43,0,7 22 9,1,30,2,10471,43,0,7 22 9,1,65,2,10472,43,0,7 22 9,1,35,2,10473,43,0,7 22 9,1,70,2,10474,43,0,7 22 9,1,30,2,10475,43,0,7 22 9,1,68,2,10476,43,0,7 22 9,1,28,2,10477,43,0,7 22 9,1,95,2,10478,43,0,7 22 9,1,80,,10479,43,0,7 22 9,1,19,,10480,43,0,7 22 9,1,70,,10481,43,0,7 22 9,1,30,,10482,43,0,7 22 9,1,74,,10483,43,0,7 22 9,1,26,,10484,43,0,7 22 9,1,77,,10485,43,0,7 22 9,1,30,,10486,43,0,7 22 9,1,70,,10487,43,0,7 22 9,1,30,,10488,43,0,7 22 9,1,70,,10489,43,0,7 22 9,1
42300,'Weekday',655,,10490,1,,,1,70,,10491,1,,,1,30,,10492,1,,,1,70,,10493,1,,,1,30,,10494,1,,,1,70,,10507,1,,,1,30,,10508,1,,,1,70,,10509,1,,,1,30,,10501,1,,,1,70,,10502,1,,,1,30,,10503,1,,,1,70,,10504,1,,,1,30,,10506,1,,,1,70,,10510,1,,,1,30,,10511,1,,,1,70,,10512,1,,,1,30,,10505,1,,,1,70,,10513,1,,,1,30,,10495,1,,,1,70,,10496,1,,,1,30,,10497,1,,,1,70,,10498,1,,,1,30,,10499,1,,,1,70,,10500,1,,,1,25,,10514,1,,,1,70,,10515,1,,,1,30,,10516,1,,,1
42301,'Weekday',635,,10517,40,4,,1,70,,10518,40,4,,1,32,,10519,40,4,,1,21,,10527,40,4,,1,70,,10528,40,4,,1,30,,10529,40,4,,1,70,,10537,40,4,,1,30,,10538,40,4,,1,70,,10539,40,4,,1,30,,10540,40,4,,1,70,,10541,40,4,,1,30,,10531,40,4,,1,70,,10532,40,4,,1,30,,10533,40,4,,1,70,,10534,40,4,,1,30,,10536,40,4,,1,70,,10542,40,4,,1,30,,10535,40,4,,1,70,,10543,40,4,,1,30,,10530,40,4,,1,70,,10520,40,4,,1,30,,10521,40,4,,1,75,,10522,40,4,,1,25,,10523,40,4,,1,70,,10524,40,4,,1,28,,10525,40,4,,1,70,,10526,40,4,,1
90100,'Canada Day',724,,11206,1,0,10 16 17 13,1,30,,11208,1,0,10 16 17 13,1,70,,11210,1,0,10 16 17 13,1,30,,11212,1,0,10 16 17 13,1,70,,11214,1,0,10 16 17 13,1,30,,11216,1,0,10 16 17 13,1,70,,11218,1,0,10 16 17 13,1,30,,11220,1,0,10 16 17 13,1,70,,11222,1,0,10 16 17 13,1,30,,11224,1,0,10 16 17 13,1,70,,11226,1,0,10 16 17 13,1,30,,11228,1,0,10 16 17 13,1,70,,11230,1,0,10 16 17 13,1,30,,11232,1,0,10 16 17 13,1,70,,11234,1,0,10 16 17 13,1,20,,11235,1,0,10 16 17 13,1,80,,11238,1,0,10 16 17 13,1,30,,11240,1,0,10 16 17 13,1,70,,11242,1,0,10 16 17 13,1,30,,11244,1,0,10 16 17 13,1,70,,11246,1,0,10 16 17 13,1,30,,11248,1,0,10 16 17 13,1,70,,11250,1,0,10 16 17 13,1,30,,11252,1,0,10 16 17 13,1,70,,11254,1,0,10 16 17 13,1,30,,11256,1,0,10 16 17 13,1,70,,11258,1,0,10 16 17 13,1,30,,11260,1,0,10 16 17 13,1,70,,11262,1,0,10 16 17 13,1
90100,'SatSun',724,,11304,1,0,10 16 17 13,1,30,,11305,1,0,10 16 17 13,1,70,,11306,1,0,10 16 17 13,1,30,,11307,1,0,10 16 17 13,1,70,,11308,1,0,10 16 17 13,1,30,,11309,1,0,10 16 17 13,1,70,,11310,1,0,10 16 17 13,1,30,,11311,1,0,10 16 17 13,1,70,,11312,1,0,10 16 17 13,1,30,,11313,1,0,10 16 17 13,1,70,,11314,1,0,10 16 17 13,1,30,,11315,1,0,10 16 17 13,1,70,,11316,1,0,10 16 17 13,1,30,,11317,1,0,10 16 17 13,1,70,,11318,1,0,10 16 17 13,1,20,,11319,1,0,10 16 17 13,1,80,,11320,1,0,10 16 17 13,1,30,,11321,1,0,10 16 17 13,1,70,,11322,1,0,10 16 17 13,1,30,,11323,1,0,10 16 17 13,1,70,,11324,1,0,10 16 17 13,1,30,,11325,1,0,10 16 17 13,1,70,,11326,1,0,10 16 17 13,1,30,,11327,1,0,10 16 17 13,1,70,,11328,1,0,10 16 17 13,1,30,,11329,1,0,10 16 17 13,1,70,,11330,1,0,10 16 17 13,1,30,,11331,1,0,10 16 17 13,1,70,,11332,1,0,10 16 17 13,1
90100,'Weekday',639,,11370,1,0,10 16 17 13,1,64,,11371,1,0,10 16 17 13,1,10,,11372,1,0,10 16 17 13,1,20,,11373,1,0,10 16 17 13,1,10,,11374,1,0,10 16 17 13,1,60,,11375,1,0,10 16 17 13,1,10,,11376,1,0,10 16 17 13,1,20,,11377,1,0,10 16 17 13,1,10,,11378,1,0,10 16 17 13,1,60,,11379,1,0,10 16 17 13,1,10,,11380,1,0,10 16 17 13,1,20,,11381,1,0,10 16 17 13,1,10,,11382,1,0,10 16 17 13,1,61,,11383,1,0,10 16 17 13,1,10,,11384,1,0,10 16 17 13,1,20,,11385,1,0,10 16 17 13,1,10,,11386,1,0,10 16 17 13,1,64,,11387,1,0,10 16 17 13,1,10,,11388,1,0,10 16 17 13,1,20,,11389,1,0,10 16 17 13,1,10,,11390,1,0,10 16 17 13,1,60,,11391,1,0,10 16 17 13,1,10,,11392,1,0,10 16 17 13,1,20,,11393,1,0,10 16 17 13,1,10,,11394,1,0,10 16 17 13,1,60,,11395,1,0,10 16 17 13,1,10,,11396,1,0,10 16 17 13,1,20,,11397,1,0,10 16 17 13,1,10,,11398,1,0,10 16 17 13,1,60,,11399,1,0,10 16 17 13,1,10,,11400,1,0,10 16 17 13,1,30,,11401,1,0,10 16 17 13,1,60,,11402,1,0,10 16 17 13,1,10,,11403,1,0,10 16 17 13,1,22,,11404,1,0,10 16 17 13,1,10,,11405,1,0,10 16 17 13,1,60,,11406,1,0,10 16 17 13,1,10,,11407,1,0,10 16 17 13,1,20,,11408,1,0,10 16 17 13,1,10,,11409,1,0,10 16 17 13,1,57,,11410,1,0,10 16 17 13,1,10,,11411,1,0,10 16 17 13,1,20,,11412,1,0,10 16 17 13,1,10,,11413,1,0,10 16 17 13,1,60,,11414,1,0,10 16 17 13,1,10,,11415,1,0,10 16 17 13,1,20,,11416,1,0,10 16 17 13,1,10,,11417,1,0,10 16 17 13,1,60,,11418,1,0,10 16 17 13,1,10,,11419,1,0,10 16 17 13,1,18,,11420,1,0,10 16 17 13,1,10,,11421,1,0,10 16 17 13,1,65,,11422,1,0,10 16 17 13,1,30,,11423,1,0,10 16 17 13,1,70,,11424,1,0,10 16 17 13,1,30,,11425,1,0,10 16 17 13,1,70,,11426,1,0,10 16 17 13,1
90101,'Canada Day',722,,11438,22,4,,1,30,,11440,22,4,,1,70,,11442,22,4,,1,30,,11444,22,4,,1,70,,11446,22,4,,1,30,,11448,22,4,,1,70,,11450,22,4,,1,30,,11452,22,4,,1,70,,11454,22,4,,1,30,,11456,22,4,,1,70,,11458,22,4,,1,30,,11460,22,4,,1,70,,11462,22,4,,1,30,,11464,22,4,,1,70,,11466,22,4,,1,20,,11468,22,4,,1,80,,11470,22,4,,1,30,,11472,22,4,,1,70,,11474,22,4,,1,30,,11476,22,4,,1,70,,11478,22,4,,1,30,,11480,22,4,,1,70,,11482,22,4,,1,30,,11484,22,4,,1,70,,11486,22,4,,1,30,,11488,22,4,,1,70,,11490,22,4,,1,30,,11492,22,4,,1,70,,11494,22,4,,1,30,,11496,22,4,,1
90101,'SatSun',722,,11539,22,4,,1,30,,11540,22,4,,1,70,,11541,22,4,,1,30,,11542,22,4,,1,70,,11543,22,4,,1,30,,11544,22,4,,1,70,,11545,22,4,,1,30,,11546,22,4,,1,70,,11547,22,4,,1,30,,11548,22,4,,1,70,,11549,22,4,,1,30,,11550,22,4,,1,70,,11551,22,4,,1,30,,11552,22,4,,1,70,,11553,22,4,,1,20,,11554,22,4,,1,80,,11555,22,4,,1,30,,11556,22,4,,1,70,,11557,22,4,,1,30,,11558,22,4,,1,70,,11559,22,4,,1,30,,11560,22,4,,1,70,,11561,22,4,,1,30,,11562,22,4,,1,70,,11563,22,4,,1,30,,11564,22,4,,1,70,,11565,22,4,,1,30,,11566,22,4,,1,70,,11567,22,4,,1,30,,11568,22,4,,1
90101,'Weekday',636,,11606,22,4,,1,70,,11607,22,4,,1,25,,11608,22,4,,1,10,,11609,22,4,,1,60,,11610,22,4,,1,10,,11611,22,4,,1,20,,11612,22,4,,1,10,,11613,22,4,,1,60,,11614,22,4,,1,11,,11615,22,4,,1,20,,11616,22,4,,1,10,,11617,22,4,,1,60,,11618,22,4,,1,14,,11619,22,4,,1,20,,11620,22,4,,1,10,,11621,22,4,,1,60,,11622,22,4,,1,10,,11623,22,4,,1,20,,11624,22,4,,1,10,,11625,22,4,,1,60,,11626,22,4,,1,10,,11627,22,4,,1,20,,11628,22,4,,1,10,,11629,22,4,,1,60,,11630,22,4,,1,10,,11631,22,4,,1,20,,11632,22,4,,1,10,,11633,22,4,,1,60,,11634,22,4,,1,10,,11635,22,4,,1,22,,11636,22,4,,1,10,,11637,22,4,,1,60,,11638,22,4,,1,10,,11639,22,4,,1,20,,11640,22,4,,1,10,,11641,22,4,,1,57,,11642,22,4,,1,10,,11643,22,4,,1,20,,11644,22,4,,1,10,,11645,22,4,,1,60,,11646,22,4,,1,10,,11647,22,4,,1,20,,11648,22,4,,1,10,,11649,22,4,,1,60,,11650,22,4,,1,10,,11651,22,4,,1,18,,11652,22,4,,1,10,,11653,22,4,,1,60,,11654,22,4,,1,10,,11655,22,4,,1,25,,11656,22,4,,1,70,,11657,22,4,,1,30,,11658,22,4,,1,68,,11659,22,4,,1,30,,11660,22,4,,1,70,,11661,22,4,,1,30,,11662,22,4,,1
90200,'Canada Day',645,7,11668,6,,,1,70,7,11669,6,,,1,30,7,11670,6,,,1,70,7,11671,6,,,1,30,7,11672,6,,,1,70,7,11673,6,,,1,30,5,11674,6,,,1,55,,11676,1,0,10 30,1,15,5,11675,6,,,1,15,,11678,1,0,10 30,1,15,5,11677,6,,,1,55,,11680,1,0,10 30,1,15,5,11679,6,,,1,15,,11682,1,0,10 30,1,15,5,11681,6,,,1,55,,11684,1,0,10 30,1,15,5,11683,6,,,1,15,,11686,1,0,10 30,1,15,5,11685,6,,,1,55,,11688,1,0,10 30,1,15,5,11687,6,,,1,15,,11690,1,0,10 30,1,15,5,11689,6,,,1,55,,11692,1,0,10 30,1,15,5,11691,6,,,1,15,,11694,1,0,10 30,1,15,5,11693,6,,,1,55,,11696,1,0,10 30,1,15,5,11695,6,,,1,15,,11698,1,0,10 30,1,15,5,11697,6,,,1,55,,11700,1,0,10 30,1,15,5,11699,6,,,1,15,,11702,1,0,10 30,1,15,5,11701,6,,,1,55,,11704,1,0,10 30,1,15,5,11703,6,,,1,15,,11706,1,0,10 30,1,15,5,11705,6,,,1,55,,11708,1,0,10 30,1,15,5,11707,6,,,1,30,5,11709,6,,,1,70,5,11710,6,,,1,30,5,11711,6,,,1,70,5,11712,6,,,1,30,5,11713,6,,,1,70,5,11714,6,,,1,30,5,11715,6,,,1,70,7,11716,6,,,1,30,7,11717,6,,,1,70,7,11718,6,,,1
90200,'SatSun',645,7,11736,6,,,1,70,7,11737,6,,,1,30,7,11738,6,,,1,70,7,11739,6,,,1,30,7,11740,6,,,1,70,7,11741,6,,,1,30,5,11742,6,,,1,55,,11719,1,0,10 30,1,15,5,11743,6,,,1,15,,11720,1,0,10 30,1,15,5,11744,6,,,1,55,,11721,1,0,10 30,1,15,5,11745,6,,,1,15,,11722,1,0,10 30,1,15,5,11746,6,,,1,55,,11723,1,0,10 30,1,15,5,11747,6,,,1,15,,11724,1,0,10 30,1,15,5,11748,6,,,1,55,,11725,1,0,10 30,1,15,5,11749,6,,,1,15,,11726,1,0,10 30,1,15,5,11750,6,,,1,55,,11727,1,0,10 30,1,15,5,11751,6,,,1,15,,11728,1,0,10 30,1,15,5,11752,6,,,1,55,,11729,1,0,10 30,1,15,5,11753,6,,,1,15,,11730,1,0,10 30,1,15,5,11754,6,,,1,55,,11731,1,0,10 30,1,15,5,11755,6,,,1,15,,11732,1,0,10 30,1,15,5,11756,6,,,1,55,,11733,1,0,10 30,1,15,5,11757,6,,,1,15,,11734,1,0,10 30,1,15,5,11758,6,,,1,55,,11735,1,0,10 30,1,15,5,11759,6,,,1,30,5,11760,6,,,1,70,5,11761,6,,,1,30,5,11762,6,,,1,70,5,11763,6,,,1,30,5,11764,6,,,1,70,5,11765,6,,,1,30,5,11766,6,,,1,70,7,11767,6,,,1,30,7,11768,6,,,1,70,7,11769,6,,,1
90200,'Weekday',612,5,11770,6,,,1,20,5,11771,6,,,1,20,5,11772,6,,,1,60,5,11773,6,,,1,20,5,11774,6,,,1,20,5,11775,6,,,1,65,5,11776,6,,,1,15,5,11777,6,,,1,20,5,11778,6,,,1,60,5,11779,6,,,1,20,5,11780,6,,,1,17,2,11781,6,,,1,60,2,11782,6,,,1,20,2,11783,6,,,1,20,2,11784,6,,,1,60,2,11785,6,,,1,20,2,11786,6,,,1,20,2,11787,6,,,1,65,2,11788,6,,,1,20,2,11789,6,,,1,15,2,11790,6,,,1,65,2,11791,6,,,1,15,2,11792,6,,,1,20,2,11793,6,,,1,60,2,11794,6,,,1,20,2,11795,6,,,1,20,2,11796,6,,,1,60,2,11797,6,,,1,30,2,11798,6,,,1,10,2,11799,6,,,1,60,2,11800,6,,,1,20,2,11801,6,,,1,20,2,11802,6,,,1,60,2,11803,6,,,1,20,2,11804,6,,,1,20,2,11805,6,,,1,60,2,11806,6,,,1,20,2,11807,6,,,1,20,2,11808,6,,,1,60,2,11809,6,,,1,30,2,11810,6,,,1,70,2,11811,6,,,1,30,2,11812,6,,,1,73,2,11813,6,,,1,27,2,11814,6,,,1,70,2,11815,6,,,1,30,2,11816,6,,,1,70,2,11817,6,,,1
90201,'Canada Day',615,5,11818,40,,,1,30,5,11819,40,,,1,70,5,11820,40,,,1,30,5,11821,40,,,1,72,7,11822,40,,,1,30,7,11823,40,,,1,70,7,11824,40,,,1,30,7,11825,40,,,1,68,4,11826,40,,,1,29,7,11827,34,,,1,12,,11828,24,4,,1,58,7,11829,34,,,1,12,,11830,24,4,,1,17,4,11831,34,,,1,13,,11832,24,4,,1,57,4,11833,34,,,1,13,,11834,24,4,,1,17,4,11835,34,,,1,13,,11836,24,4,,1,57,4,11837,34,,,1,13,,11838,24,4,,1,17,4,11839,34,,,1,13,,11840,24,4,,1,57,4,11841,34,,,1,13,,11842,24,4,,1,17,4,11843,34,,,1,13,,11844,24,4,,1,57,4,11845,34,,,1,11,,11846,24,4,,1,19,4,11847,34,,,1,11,,11848,24,4,,1,59,4,11849,34,,,1,11,,11850,24,4,,1,19,4,11851,34,,,1,11,,11852,24,4,,1,59,4,11853,34,,,1,11,,11854,24,4,,1,19,4,11855,34,,,1,11,,11856,24,4,,1,60,7,11857,34,,,1,10,,11858,24,4,,1,20,7,11859,34,,,1,10,,11860,24,4,,1,60,7,11861,34,,,1,30,7,11862,34,,,1,70,7,11863,34,,,1,31,7,11864,40,,,1,70,7,11865,40,,,1,30,7,11866,40,,,1,70,7,11867,40,,,1,30,7,11868,40,,,1,70,7,11869,40,,,1
90201,'SatSun',615,5,11870,40,,,1,30,5,11871,40,,,1,70,5,11872,40,,,1,30,5,11873,40,,,1,72,7,11874,40,,,1,30,7,11875,40,,,1,70,7,11876,40,,,1,30,7,11877,40,,,1,68,4,11878,40,,,1,29,7,11879,34,,,1,12,,11905,24,4,,1,58,7,11880,34,,,1,12,,11906,24,4,,1,17,4,11881,34,,,1,13,,11907,24,4,,1,57,4,11882,34,,,1,13,,11908,24,4,,1,17,4,11883,34,,,1,13,,11909,24,4,,1,57,4,11884,34,,,1,13,,11910,24,4,,1,17,4,11885,34,,,1,13,,11911,24,4,,1,57,4,11886,34,,,1,13,,11912,24,4,,1,17,4,11887,34,,,1,13,,11913,24,4,,1,57,4,11888,34,,,1,11,,11914,24,4,,1,19,4,11889,34,,,1,11,,11915,24,4,,1,59,4,11890,34,,,1,11,,11916,24,4,,1,19,4,11891,34,,,1,11,,11917,24,4,,1,59,4,11892,34,,,1,11,,11918,24,4,,1,19,4,11893,34,,,1,11,,11919,24,4,,1,60,7,11894,34,,,1,10,,11920,24,4,,1,20,7,11895,34,,,1,10,,11921,24,4,,1,60,7,11896,34,,,1,30,7,11897,34,,,1,70,7,11898,34,,,1,31,7,11899,40,,,1,70,7,11900,40,,,1,30,7,11901,40,,,1,70,7,11902,40,,,1,30,7,11903,40,,,1,70,7,11904,40,,,1
90201,'Weekday',551,5,11922,40,,,1,70,5,11923,40,,,1,20,5,11924,40,,,1,70,5,11925,40,,,1,10,5,11926,40,,,1,30,5,11927,40,,,1,60,5,11928,40,,,1,20,5,11929,40,,,1,20,5,11930,40,,,1,60,5,11931,40,,,1,20,5,11932,40,,,1,20,5,11933,40,,,1,60,5,11934,40,,,1,20,5,11935,40,,,1,20,5,11936,40,,,1,60,5,11937,40,,,1,20,5,11938,40,,,1,20,5,11939,40,,,1,60,5,11940,40,,,1,20,5,11941,40,,,1,20,5,11942,40,,,1,60,5,11943,40,,,1,20,5,11944,40,,,1,20,5,11945,40,,,1,60,5,11946,40,,,1,20,5,11947,40,,,1,20,5,11948,40,,,1,60,5,11949,40,,,1,20,5,11950,40,,,1,21,3,11951,40,,,1,60,3,11952,40,,,1,20,3,11953,40,,,1,20,3,11954,40,,,1,70,3,11955,40,,,1,10,3,11956,40,,,1,22,3,11967,40,,,1,58,3,11968,40,,,1,20,3,11969,40,,,1,22,3,11957,40,,,1,58,3,11958,40,,,1,20,3,11959,40,,,1,22,3,11960,40,,,1,52,2,11961,34,,,1,44,2,11962,34,,,1,70,2,11963,34,,,1,30,2,11964,34,,,1,70,2,11965,34,,,1,30,2,11966,34,,,1
91700,'Canada Day',522,,12772,36,4,,1,95,,12773,36,4,,1,30,,12774,36,4,,1,68,,12775,49,4,,1,30,,12776,49,4,,1,70,,12777,49,4,,1,30,,12778,49,4,,1,70,,12779,49,4,,1,34,,12780,63,4,,1,70,,12781,63,4,,1,30,,12782,63,4,,1,70,,12783,63,4,,1,30,,12784,63,4,,1,70,,12785,63,4,,1,27,,12786,63,4,,1,73,,12787,63,4,,1,30,,12788,63,4,,1,67,,12789,63,4,,1,33,,12790,63,4,,1,68,,12791,63,4,,1,32,,12792,63,4,,1,70,,12793,63,4,,1,30,,12794,63,4,,1,70,,12795,63,4,,1,30,,12796,63,4,,1,70,,12797,63,4,,1,30,,12798,63,4,,1,70,,12799,63,4,,1,30,,12800,63,4,,1,70,,12801,63,4,,1,30,,12802,63,4,,1,70,,12803,63,4,,1,28,,12804,49,4,,1,70,,12805,49,4,,1,25,,12806,49,4,,1,70,,12807,49,4,,1
91700,'SatSun',522,,12816,36,4,,1,95,,12817,36,4,,1,30,,12818,36,4,,1,68,,12819,49,4,,1,30,,12820,49,4,,1,70,,12821,49,4,,1,30,,12822,49,4,,1,70,,12823,49,4,,1,34,,12824,63,4,,1,70,,12825,63,4,,1,30,,12826,63,4,,1,70,,12827,63,4,,1,30,,12828,63,4,,1,70,,12829,63,4,,1,27,,12830,63,4,,1,73,,12831,63,4,,1,30,,12832,63,4,,1,67,,12833,63,4,,1,33,,12834,63,4,,1,68,,12835,63,4,,1,32,,12836,63,4,,1,70,,12837,63,4,,1,30,,12838,63,4,,1,70,,12839,63,4,,1,30,,12840,63,4,,1,70,,12841,63,4,,1,30,,12842,63,4,,1,70,,12843,63,4,,1,30,,12844,63,4,,1,70,,12845,63,4,,1,30,,12846,63,4,,1,70,,12847,63,4,,1,28,,12848,49,4,,1,70,,12849,49,4,,1,25,,12850,49,4,,1,70,,12851,49,4,,1
91700,'Weekday',518,,12895,36,4,,1,29,,12877,49,4,,1,70,,12894,49,4,,1,30,,12861,49,4,,1,76,,12860,49,4,,1,30,,12858,49,4,,1,70,,12893,49,4,,1,34,,12875,49,4,,1,70,,12867,49,4,,1,30,,12874,49,4,,1,79,,12866,49,4,,1,70,,12889,49,4,,1,30,,12878,49,4,,1,73,,12871,49,4,,1,33,,12870,49,4,,1,75,,12888,49,4,,1,30,,12868,49,4,,1,66,,12884,49,4,,1,28,,12857,49,4,,1,64,,12891,49,4,,1,35,,12876,49,4,,1,65,,12856,49,4,,1,30,,12872,49,4,,1,68,,12883,49,4,,1,30,,12886,49,4,,1,70,,12865,49,4,,1,9,,12862,49,4,,1,30,,12869,49,4,,1,70,,12880,49,4,,1,30,,12863,49,4,,1,70,,12859,49,4,,1,30,,12879,49,4,,1,70,,12881,49,4,,1,30,,12885,49,4,,1,70,,12892,49,4,,1,30,,12882,49,4,,1,70,,12890,49,4,,1,30,,12873,49,4,,1,70,,12864,49,4,,1,30,,12887,49,4,,1
91701,'Canada Day',525,,12897,1,,,1,95,,12898,1,,,1,30,,12900,1,,,1,70,,12901,1,0,55 56 57,1,30,,12902,1,0,55 56 57,1,70,,12903,1,0,55 56 57,1,30,,12904,1,0,55 56 57,1,70,,12905,1,0,55 56 57,1,30,,12906,1,0,55 56 57,1,70,,12907,1,0,55 56 57,1,30,,12908,1,0,55 56 57,1,70,,12909,1,0,55 56 57,1,30,,12910,1,0,55 56 57,1,70,,12911,1,0,55 56 57,1,30,,12912,1,0,55 56 57,1,70,,12913,1,0,55 56 57,1,33,,12914,1,0,55 56 57,1,70,,12915,1,0,55 56 57,1,33,,12916,1,0,55 56 57,1,70,,12917,1,0,55 56 57,1,30,,12918,1,0,55 56 57,1,70,,12919,1,0,55 56 57,1,30,,12920,1,0,55 56 57,1,70,,12921,1,0,55 56 57,1,27,,12922,1,0,55 56 57,1,72,,12923,1,0,55 56 57,1,30,,12924,1,0,55 56 57,1,70,,12925,1,,,1,30,,12926,1,,,1,70,,12927,1,,,1,30,,12928,1,,,1,70,,12929,1,,,1,27,,12930,1,,,1,67,,12931,1,,,1,28,,12932,1,,,1,70,,12933,1,0,7 8 9,1
91701,'SatSun',525,,12939,1,,,1,95,,12940,1,,,1,30,,12941,1,,,1,70,,12942,1,0,55 56 57,1,30,,12943,1,0,55 56 57,1,70,,12944,1,0,55 56 57,1,30,,12945,1,0,55 56 57,1,70,,12946,1,0,55 56 57,1,30,,12947,1,0,55 56 57,1,70,,12948,1,0,55 56 57,1,30,,12949,1,0,55 56 57,1,70,,12950,1,0,55 56 57,1,30,,12951,1,0,55 56 57,1,70,,12952,1,0,55 56 57,1,30,,12953,1,0,55 56 57,1,70,,12954,1,0,55 56 57,1,33,,12955,1,0,55 56 57,1,70,,12956,1,0,55 56 57,1,33,,12957,1,0,55 56 57,1,70,,12958,1,0,55 56 57,1,30,,12959,1,0,55 56 57,1,70,,12960,1,0,55 56 57,1,30,,12961,1,0,55 56 57,1,70,,12962,1,0,55 56 57,1,27,,12963,1,0,55 56 57,1,72,,12964,1,0,55 56 57,1,30,,12965,1,0,55 56 57,1,70,,12966,1,,,1,30,,12967,1,,,1,70,,12968,1,,,1,30,,12969,1,,,1,70,,12970,1,,,1,27,,12971,1,,,1,67,,12972,1,,,1,28,,12973,1,,,1,70,,12974,1,0,7 8 9,1
91701,'Weekday',447,,12987,1,,,1,76,,13009,1,,,1,30,,12999,1,,,1,70,,13014,1,,,1,34,,12980,1,,,1,70,,12991,1,,,1,30,,12976,1,,,1,79,,13008,1,,,1,70,,13002,1,,,1,37,,12975,1,,,1,70,,12978,1,,,1,27,,13013,1,,,1,75,,13006,1,,,1,30,,12995,1,,,1,66,,12993,1,,,1,40,,12982,1,,,1,75,,12989,1,,,1,25,,13001,1,,,1,70,,12998,1,,,1,25,,12983,1,,,1,70,,13005,1,,,1,30,,12977,1,,,1,70,,12992,1,,,1,22,,13000,1,,,1,81,,12979,1,,,1,30,,13010,1,,,1,70,,13011,1,,,1,30,,13003,1,,,1,70,,12996,1,,,1,32,,12981,1,,,1,70,,12994,1,,,1,30,,12984,1,,,1,70,,12985,1,,,1,30,,12986,1,,,1,70,,13007,1,,,1,30,,12988,1,,,1,70,,12990,1,0,7 8 9,1,30,,13012,1,0,7 8 9,1
