11800,'Weekday',626,,8068,3,,,1,30,,8087,3,,,1,70,,8079,3,,,1,30,,8077,3,,,1,70,,8090,3,,,1,30,,8075,3,,,1,70,,8076,3,,,1,30,,8082,3,,,1,70,,8069,3,,,1,30,,8085,3,,,1,64,,8071,3,,,1,27,,8088,3,,,1,66,,8072,3,,,1,30,,8065,3,,,1,70,,8086,3,,,1,30,,8064,3,,,1,70,,8080,3,,,1,30,,8067,3,,,1,70,,8073,3,,,1,30,,8089,3,,,1,70,,8083,3,,,1,30,,8070,3,,,1,70,,8081,3,,,1,36,,8074,3,,,1,75,,8084,3,,,1,24,,8066,3,,,1,69,,8078,3,,,1
90001,'Canada Day',521,,10982,45,,,1,25,,10983,45,,,1,75,,10984,45,,,1,30,,10985,45,,,1,80,,10987,45,,,1,25,,10989,45,,,1,66,,10991,45,,,1,30,,10993,45,,,1,78,,10995,45,,,1,77,,10997,45,,,1,30,,10999,45,,,1,65,,11001,45,,,1,30,,11003,45,,,1,70,,11005,45,,,1,30,,11007,45,,,1,70,,11009,45,,,1,30,,11011,45,,,1,70,,11013,45,,,1,25,,11015,45,,,1,30,,11017,45,,,1,70,,11019,45,,,1,30,,11021,45,,,1,80,,11024,45,,,1,70,,11026,45,,,1,30,,11028,45,,,1,70,,11030,45,,,1,30,,11032,45,,,1,70,,11034,45,,,1,24,,11036,45,,,1,70,,11038,45,,,1,30,,11040,45,,,1,69,,11042,45,,,1,45,,11044,45,,,1,70,,11045,45,,,1,30,,11046,45,,,1,70,,11047,45,,,1,30,,11048,45,,,1,70,,11049,45,,,1
90001,'Overnight',2258,,11050,45,,,1,70,,11051,45,,,1
90001,'SatSun',521,,11052,45,,,1,25,,11053,45,,,1,75,,11054,45,,,1,30,,11055,45,,,1,80,,11056,45,,,1,25,,11057,45,,,1,66,,11058,45,,,1,30,,11059,45,,,1,78,,11060,45,,,1,77,,11061,45,,,1,30,,11062,45,,,1,65,,11063,45,,,1,30,,11064,45,,,1,70,,11065,45,,,1,30,,11066,45,,,1,70,,11067,45,,,1,30,,11068,45,,,1,70,,11069,45,,,1,25,,11070,45,,,1,30,,11071,45,,,1,70,,11072,45,,,1,30,,11073,45,,,1,80,,11074,45,,,1,70,,11075,45,,,1,30,,11076,45,,,1,70,,11077,45,,,1,30,,11078,45,,,1,70,,11079,45,,,1,24,,11080,45,,,1,70,,11081,45,,,1,30,,11082,45,,,1,69,,11083,45,,,1,45,,11084,45,,,1,70,,11085,45,,,1,30,,11086,45,,,1,70,,11087,45,,,1,30,,11088,45,,,1,70,,11089,45,,,1
90001,'Weekday',512,,11200,45,,,1,35,,11131,45,,,1,70,,11132,45,,,1,24,,11120,45,,,1,64,,11133,45,,,1,24,,11137,45,,,1,24,,11138,45,,,1,64,,11139,45,,,1,24,,11122,45,,,1,64,,11140,45,,,1,28,,11141,45,,,1,24,,11142,45,,,1,64,,11143,45,,,1,24,,11144,45,,,1,64,,11145,45,,,1,24,,11123,45,,,1,18,,11146,45,,,1,65,,11147,45,,,1,24,,11148,45,,,1,64,,11124,45,,,1,24,,11149,45,,,1,24,,11150,45,,,1,64,,11151,45,,,1,24,,11125,45,,,1,64,,11152,45,,,1,24,,11153,45,,,1,24,,11154,45,,,1,64,,11155,45,,,1,24,,11156,45,,,1,64,,11126,45,,,1,24,,11157,45,,,1,24,,11158,45,,,1,64,,11159,45,,,1,24,,11127,45,,,1,19,,11160,45,,,1,64,,11161,45,,,1,24,,11162,45,,,1,64,,11130,45,,,1,24,,11163,45,,,1,24,,11164,45,,,1,64,,11134,45,,,1,24,,11135,45,,,1,64,,11128,45,,,1,24,,11136,45,,,1
91701,'Canada Day',813,,12901,57,0,55 56 57,1,30,,12902,57,0,55 56 57,1,70,,12903,57,0,55 56 57,1,30,,12904,57,0,55 56 57,1,70,,12905,57,0,55 56 57,1,30,,12906,57,0,55 56 57,1,70,,12907,57,0,55 56 57,1,30,,12908,57,0,55 56 57,1,70,,12909,57,0,55 56 57,1,30,,12910,57,0,55 56 57,1,70,,12911,57,0,55 56 57,1,30,,12912,57,0,55 56 57,1,70,,12913,57,0,55 56 57,1,33,,12914,57,0,55 56 57,1,70,,12915,57,0,55 56 57,1,33,,12916,57,0,55 56 57,1,70,,12917,57,0,55 56 57,1,30,,12918,57,0,55 56 57,1,70,,12919,57,0,55 56 57,1,30,,12920,57,0,55 56 57,1,70,,12921,57,0,55 56 57,1,27,,12922,57,0,55 56 57,1,72,,12923,57,0,55 56 57,1,30,,12924,57,0,55 56 57,1
91701,'SatSun',813,,12942,57,0,55 56 57,1,30,,12943,57,0,55 56 57,1,70,,12944,57,0,55 56 57,1,30,,12945,57,0,55 56 57,1,70,,12946,57,0,55 56 57,1,30,,12947,57,0,55 56 57,1,70,,12948,57,0,55 56 57,1,30,,12949,57,0,55 56 57,1,70,,12950,57,0,55 56 57,1,30,,12951,57,0,55 56 57,1,70,,12952,57,0,55 56 57,1,30,,12953,57,0,55 56 57,1,70,,12954,57,0,55 56 57,1,33,,12955,57,0,55 56 57,1,70,,12956,57,0,55 56 57,1,33,,12957,57,0,55 56 57,1,70,,12958,57,0,55 56 57,1,30,,12959,57,0,55 56 57,1,70,,12960,57,0,55 56 57,1,30,,12961,57,0,55 56 57,1,70,,12962,57,0,55 56 57,1,27,,12963,57,0,55 56 57,1,72,,12964,57,0,55 56 57,1,30,,12965,57,0,55 56 57,1
92001,'Weekday',955,,13084,46,,,1,60,,13085,46,,,1,20,,13086,46,,,1,20,,13087,46,,,1,60,,13088,46,,,1,20,,13089,46,,,1,20,,13090,46,,,1,60,,13091,46,,,1,20,,13092,46,,,1,20,,13093,46,,,1,60,,13094,46,,,1,20,,13095,46,,,1,20,,13096,46,,,1,60,,13097,46,,,1,20,,13098,46,,,1,20,,13099,46,,,1,60,,13101,46,,,1,20,,13100,46,,,1,66,,13105,46,,,1,20,,13103,46,,,1,20,,13102,46,,,1,60,,13104,46,,,1,253,,13081,46,,,1,64,,13106,46,,,1,25,,13063,46,,,1,75,,13064,46,,,1,30,,13065,46,,,1,70,,13066,46,,,1,30,,13067,46,,,1,70,,13068,46,,,1
92101,'Weekday',554,,13131,13,,,1,60,,13126,13,,,1,20,,13134,13,,,1,20,,13130,13,,,1,67,,13142,13,,,1,20,,13127,13,,,1,60,,13141,13,,,1,20,,13129,13,,,1,10,,13145,13,,,1,10,,13133,13,,,1,60,,13144,13,,,1,20,,13143,13,,,1,20,,13136,13,,,1,770,,13128,13,,,1,20,,13140,13,,,1,20,,13139,13,,,1,60,,13137,13,,,1,20,,13132,13,,,1,20,,13138,13,,,1,60,,13135,13,,,1,25,,13125,13,,,1
1400000101,'Overnight',347,,13163,65,,,1,70,,13164,65,,,1,27,,13165,65,,,1,1912,,13168,65,,,1,70,,13166,65,,,1,28,,13167,65,,,1,72,,13170,65,,,1,28,,13172,65,,,1,70,,13169,65,,,1,30,,13174,65,,,1,63,,13175,65,,,1,30,,13173,65,,,1,70,,13176,65,,,1,27,,13171,65,,,1
