10100,1707,1,0
10100,1708,2,0
10100,1709,3,0
10100,1710,4,0
10100,1711,5,0
10100,1712,6,0
10100,1713,7,0
10100,1714,8,0
10100,1715,9,0
10100,1716,10,0
10100,1719,11,0
10100,1720,12,0
10100,1766,13,0
10100,1767,14,0
10100,1768,15,0
10100,1769,16,0
10100,1770,17,0
10100,1771,18,0
10100,2549,19,1
10101,2549,1,0
10101,1999,2,0
10101,2000,3,0
10101,2001,4,0
10101,1986,5,0
10101,1842,6,0
10101,1843,7,0
10101,1844,8,0
10101,1845,9,0
10101,1987,10,0
10101,1988,11,0
10101,1839,12,0
10101,1840,13,0
10101,1841,14,0
10101,93234,15,0
10101,93235,16,0
10101,1701,17,0
10101,1702,18,0
10101,1703,19,0
10101,1704,20,0
10101,1705,21,0
10101,1706,22,0
10101,1707,23,1
10300,2732,1,0
10300,93227,2,0
10300,1508,3,0
10300,1509,4,0
10300,1510,5,0
10300,1511,6,0
10300,1512,7,0
10300,1513,8,0
10300,93421,9,0
10300,1545,10,0
10300,93101,11,0
10300,1546,12,0
10300,1547,13,0
10300,1548,14,0
10300,1573,15,0
10300,1574,16,0
10300,1575,17,0
10300,1576,18,0
10300,1577,19,0
10300,1578,20,0
10300,1579,21,0
10300,1580,22,0
10300,1568,23,0
10300,93413,24,0
10300,93523,25,0
10300,93212,26,0
10300,93213,27,0
10300,93526,28,0
10300,93174,29,0
10300,93214,30,0
10300,93412,31,0
10300,1581,32,0
10300,1582,33,0
10300,1583,34,0
10300,1984,35,0
10300,1985,36,0
10300,1928,37,0
10300,1929,38,0
10300,1930,39,0
10300,1931,40,0
10300,1932,41,0
10300,1933,42,0
10300,1934,43,0
10300,1935,44,0
10300,93192,45,0
10300,1936,46,0
10300,1915,47,0
10300,93112,48,1
10301,93112,1,0
10301,93450,2,0
10301,1730,3,0
10301,1731,4,0
10301,1920,5,0
10301,1921,6,0
10301,1922,7,0
10301,1923,8,0
10301,1924,9,0
10301,1925,10,0
10301,1926,11,0
10301,1927,12,0
10301,90017,13,0
10301,1982,14,0
10301,1983,15,0
10301,2727,16,0
10301,1584,17,0
10301,1585,18,0
10301,93175,19,0
10301,93525,20,0
10301,1569,21,0
10301,1570,22,0
10301,1571,23,0
10301,1572,24,0
10301,1565,25,0
10301,1566,26,0
10301,1567,27,0
10301,1554,28,0
10301,1555,29,0
10301,1556,30,0
10301,1557,31,0
10301,1558,32,0
10301,93414,33,0
10301,93402,34,0
10301,93543,35,0
10301,93403,36,0
10301,93404,37,0
10301,93099,38,0
10301,1541,39,0
10301,1542,40,0
10301,1543,41,0
10301,1544,42,0
10301,2732,43,1
10700,1634,1,0
10700,1635,2,0
10700,1636,3,0
10700,1637,4,0
10700,1638,5,0
10700,1639,6,0
10700,93381,7,0
10700,93382,8,0
10700,93383,9,0
10700,93401,10,0
10700,93218,11,0
10700,93220,12,0
10700,93222,13,0
10700,93223,14,0
10700,93224,15,0
10700,1673,16,0
10700,1674,17,0
10700,1675,18,0
10700,1688,19,0
10700,1689,20,0
10700,1690,21,0
10700,1691,22,0
10700,1692,23,0
10700,1693,24,0
10700,1694,25,0
10700,2549,26,1
10701,2549,1,0
10701,1772,2,0
10701,1773,3,0
10701,1774,4,0
10701,1645,5,0
10701,1662,6,0
10701,1663,7,0
10701,1664,8,0
10701,1685,9,0
10701,1686,10,0
10701,1687,11,0
10701,93221,12,0
10701,93219,13,0
10701,1628,14,0
10701,1629,15,0
10701,1630,16,0
10701,1631,17,0
10701,1632,18,0
10701,1633,19,0
10701,1634,20,1
11000,93232,1,0
11000,93233,2,0
11000,1518,3,0
11000,1519,4,0
11000,1520,5,0
11000,1521,6,0
11000,1522,7,0
11000,1523,8,0
11000,1524,9,0
11000,2725,10,0
11000,1525,11,0
11000,1526,12,0
11000,1527,13,0
11000,1528,14,0
11000,1551,15,0
11000,1552,16,0
11000,1879,17,0
11000,1881,18,0
11000,1882,19,0
11000,1759,20,0
11000,93216,21,0
11000,1643,22,0
11000,1689,23,0
11000,1690,24,0
11000,1691,25,0
11000,1692,26,0
11000,1693,27,0
11000,1694,28,0
11000,2549,29,1
11001,93112,1,0
11001,93450,2,0
11001,1730,3,0
11001,1731,4,0
11001,1902,5,0
11001,1903,6,0
11001,93038,7,0
11001,1904,8,0
11001,1905,9,0
11001,1908,10,0
11001,1792,11,0
11001,1866,12,0
11001,1867,13,0
11001,1868,14,0
11001,1869,15,0
11001,1870,16,0
11001,1871,17,0
11001,1872,18,0
11001,1873,19,0
11001,1874,20,0
11001,1875,21,0
11001,93420,22,0
11001,93418,23,0
11001,93416,24,0
11001,93206,25,0
11001,93207,26,0
11001,93322,27,0
11001,93232,28,1
11100,1867,1,0
11100,1793,2,0
11100,1794,3,0
11100,1795,4,0
11100,1796,5,0
11100,1803,6,0
11100,1804,7,0
11100,93395,8,0
11100,1980,9,0
11100,1976,10,0
11100,1977,11,0
11100,1978,12,0
11100,1979,13,0
11100,1783,14,0
11100,1785,15,0
11100,93542,16,0
11100,93438,17,0
11100,93112,18,1
11101,93112,1,0
11101,93450,2,0
11101,1730,3,0
11101,93438,4,0
11101,93256,5,0
11101,1906,6,0
11101,1960,7,0
11101,1961,8,0
11101,1962,9,0
11101,1963,10,0
11101,1964,11,0
11101,1965,12,0
11101,1966,13,0
11101,1967,14,0
11101,1968,15,0
11101,1969,16,0
11101,1970,17,0
11101,1971,18,0
11101,1942,19,0
11101,1604,20,0
11101,1724,21,0
11101,93215,22,0
11101,93451,23,0
11101,1792,24,0
11101,1866,25,0
11101,1867,26,1
11200,93282,1,0
11200,93283,2,0
11200,93284,3,0
11200,93441,4,0
11200,93458,5,0
11200,1849,6,0
11200,1850,7,0
11200,1851,8,0
11200,1852,9,0
11200,1853,10,0
11200,1854,11,0
11200,1855,12,0
11200,1856,13,0
11200,1857,14,0
11200,1858,15,0
11200,1859,16,0
11200,1860,17,0
11200,1861,18,0
11200,93191,19,0
11200,1726,20,0
11200,1727,21,0
11200,1728,22,0
11200,1766,23,0
11200,1767,24,0
11200,1768,25,0
11200,1769,26,0
11200,1770,27,0
11200,1771,28,0
11200,2549,29,1
11201,2549,1,0
11201,1695,2,0
11201,1760,3,0
11201,1761,4,0
11201,1762,5,0
11201,1721,6,0
11201,1722,7,0
11201,93440,8,0
11201,1723,9,0
11201,1724,10,0
11201,1725,11,0
11201,1846,12,0
11201,1847,13,0
11201,93384,14,0
11201,93494,15,0
11201,93385,16,0
11201,93386,17,0
11201,93387,18,0
11201,93388,19,0
11201,93389,20,0
11201,93390,21,0
11201,93435,22,0
11201,93457,23,0
11201,93442,24,0
11201,93279,25,0
11201,93176,26,0
11201,93280,27,0
11201,93281,28,0
11201,93282,29,1
12000,2549,1,0
12000,1772,2,0
12000,1773,3,0
12000,1774,4,0
12000,1645,5,0
12000,1662,6,0
12000,1663,7,0
12000,1664,8,0
12000,1685,9,0
12000,1686,10,0
12000,1687,11,0
12000,93221,12,0
12000,93219,13,0
12000,93217,14,0
12000,1743,15,0
12000,1744,16,0
12000,1745,17,0
12000,1746,18,0
12000,1747,19,0
12000,1748,20,0
12000,1749,21,0
12000,1750,22,0
12000,1751,23,1
12001,1751,1,0
12001,1752,2,0
12001,1753,3,0
12001,1754,4,0
12001,1755,5,0
12001,93214,6,0
12001,1756,7,0
12001,1757,8,0
12001,1758,9,0
12001,1759,10,0
12001,93216,11,0
12001,93218,12,0
12001,93220,13,0
12001,93222,14,0
12001,93223,15,0
12001,93224,16,0
12001,1673,17,0
12001,1674,18,0
12001,1675,19,0
12001,1688,20,0
12001,1689,21,0
12001,1690,22,0
12001,1691,23,0
12001,1692,24,0
12001,1693,25,0
12001,1694,26,0
12001,2549,27,1
19900,2410,1,0
19900,1861,2,0
19900,93191,3,0
19900,1726,4,0
19900,1605,5,0
19900,1607,6,0
19900,1915,7,0
19900,1909,8,1
19901,1909,1,0
19901,1912,2,0
19901,1787,3,0
19901,1788,4,0
19901,1724,5,0
19901,1725,6,0
19901,1846,7,0
19901,1847,8,0
19901,2410,9,1
21803,2100,1,0
21803,2101,2,0
21803,2102,3,0
21803,2103,4,0
21803,2104,5,0
21803,2105,6,0
21803,2084,7,0
21803,2092,8,0
21803,2093,9,0
21803,2094,10,0
21803,2095,11,0
21803,2096,12,0
21803,2097,13,0
21803,2313,14,0
21803,2314,15,0
21803,2315,16,0
21803,2316,17,0
21803,2073,18,0
21803,2074,19,0
21803,93121,20,0
21803,93122,21,0
21803,2328,22,0
21803,2329,23,0
21803,2330,24,0
21803,256905,25,1
21804,256905,1,0
21804,2105,2,0
21804,2104,3,0
21804,2331,4,0
21804,2094,5,0
21804,2092,6,0
21804,2093,7,0
21804,2084,8,0
21804,2102,9,0
21804,2103,10,0
21804,2100,11,0
21804,2101,12,0
21804,2332,13,0
21804,2333,14,0
21804,2350,15,0
21804,2351,16,0
21804,2352,17,0
21804,2342,18,0
21804,2343,19,0
21804,2344,20,0
21804,2345,21,0
21804,2346,22,0
21804,2347,23,0
21804,2098,24,0
21804,2099,25,1
21903,256905,1,0
21903,2282,2,0
21903,2283,3,0
21903,2284,4,0
21903,2180,5,0
21903,2181,6,0
21903,2182,7,0
21903,2183,8,0
21903,2184,9,0
21903,2185,10,0
21903,2186,11,0
21903,93104,12,0
21903,93080,13,0
21903,93078,14,0
21903,93075,15,0
21903,93074,16,0
21903,93072,17,0
21903,93070,18,0
21903,93068,19,1
21904,93068,1,0
21904,2393,2,0
21904,2394,3,0
21904,2395,4,0
21904,2396,5,0
21904,2397,6,0
21904,2140,7,0
21904,2141,8,0
21904,2142,9,0
21904,2143,10,0
21904,2144,11,0
21904,92041,12,0
21904,92042,13,0
21904,2290,14,0
21904,2291,15,0
21904,93182,16,0
21904,2292,17,0
21904,90077,18,0
21904,2293,19,0
21904,93067,20,0
21904,93069,21,0
21904,93071,22,0
21904,93073,23,0
21904,93076,24,0
21904,93077,25,0
21904,93079,26,0
21904,92018,27,0
21904,92019,28,0
21904,92020,29,0
21904,92036,30,0
21904,92037,31,0
21904,92038,32,0
21904,92039,33,0
21904,92040,34,0
21904,2264,35,0
21904,2265,36,0
21904,2266,37,0
21904,256905,38,1
22103,256905,1,0
22103,92004,2,0
22103,92035,3,0
22103,2195,4,0
22103,2196,5,0
22103,93110,6,0
22103,2197,7,0
22103,2198,8,0
22103,2199,9,0
22103,2200,10,0
22103,92024,11,0
22103,2201,12,0
22103,2202,13,0
22103,2203,14,0
22103,92017,15,0
22103,2167,16,0
22103,2168,17,0
22103,2169,18,1
22104,2169,1,0
22104,2187,2,0
22104,2188,3,0
22104,2189,4,0
22104,2190,5,0
22104,2714,6,0
22104,2191,7,0
22104,2192,8,0
22104,2193,9,0
22104,2194,10,0
22104,2128,11,0
22104,2129,12,0
22104,2130,13,0
22104,2131,14,0
22104,2132,15,0
22104,2133,16,0
22104,2268,17,0
22104,256905,18,1
22203,2306,1,0
22203,2307,2,0
22203,2308,3,0
22203,2309,4,0
22203,2718,5,0
22203,2310,6,0
22203,2033,7,0
22203,2034,8,0
22203,2035,9,0
22203,2036,10,0
22203,2037,11,0
22203,2038,12,0
22203,93107,13,0
22203,2717,14,0
22203,2088,15,0
22203,2089,16,0
22203,2090,17,0
22203,2086,18,0
22203,2087,19,0
22203,2716,20,0
22203,2039,21,0
22203,2040,22,0
22203,2041,23,0
22203,2042,24,0
22203,2043,25,0
22203,2044,26,0
22203,2045,27,0
22203,2046,28,0
22203,2047,29,0
22203,2048,30,0
22203,2049,31,0
22203,93491,32,0
22203,2050,33,0
22203,2051,34,0
22203,93158,35,0
22203,93159,36,0
22203,2311,37,0
22203,2312,38,0
22203,2313,39,0
22203,2314,40,0
22203,2315,41,0
22203,2316,42,0
22203,2317,43,0
22203,2318,44,0
22203,2319,45,0
22203,2320,46,0
22203,2321,47,0
22203,2322,48,0
22203,2280,49,0
22203,2281,50,0
22203,256905,51,1
22204,256905,1,0
22204,2269,2,0
22204,2300,3,0
22204,2301,4,0
22204,2302,5,0
22204,2303,6,0
22204,2304,7,0
22204,2305,8,0
22204,2306,9,1
22403,2062,1,0
22403,2063,2,0
22403,2064,3,0
22403,2065,4,0
22403,2066,5,0
22403,2067,6,0
22403,2068,7,0
22403,2069,8,0
22403,2070,9,0
22403,2072,10,0
22403,2073,11,0
22403,2325,12,0
22403,2326,13,0
22403,2327,14,0
22403,2328,15,0
22403,2329,16,0
22403,2330,17,0
22403,256905,18,1
22404,256905,1,0
22404,2331,2,0
22404,2332,3,0
22404,2333,4,0
22404,2334,5,0
22404,2335,6,0
22404,2077,7,0
22404,2078,8,0
22404,2079,9,0
22404,2080,10,0
22404,2081,11,0
22404,2082,12,0
22404,2083,13,0
22404,2026,14,0
22404,2027,15,0
22404,2028,16,0
22404,2029,17,0
22404,2030,18,0
22404,2031,19,0
22404,2032,20,0
22404,2058,21,0
22404,2059,22,0
22404,2060,23,0
22404,2061,24,0
22404,2062,25,1
22503,256905,1,0
22503,2282,2,0
22503,2134,3,0
22503,2135,4,0
22503,2215,5,0
22503,2216,6,0
22503,92048,7,0
22503,92049,8,0
22503,2388,9,0
22503,2389,10,0
22503,92050,11,0
22503,92051,12,0
22503,92052,13,0
22503,92053,14,0
22503,92054,15,0
22503,93254,16,1
22504,93254,1,0
22504,92072,2,0
22504,2218,3,0
22504,2222,4,0
22504,2223,5,0
22504,2224,6,0
22504,2225,7,0
22504,2226,8,0
22504,2227,9,0
22504,93540,10,0
22504,93119,11,0
22504,2228,12,0
22504,2229,13,0
22504,2230,14,0
22504,2231,15,0
22504,93126,16,0
22504,92061,17,0
22504,92062,18,0
22504,93128,19,0
22504,93129,20,0
22504,93130,21,0
22504,93131,22,0
22504,93132,23,0
22504,93162,24,0
22504,93161,25,0
22504,93137,26,0
22504,2406,27,0
22504,2407,28,0
22504,93139,29,0
22504,93031,30,0
22504,93142,31,0
22504,2140,32,0
22504,2141,33,0
22504,2142,34,0
22504,2143,35,0
22504,93144,36,0
22504,2171,37,0
22504,93145,38,0
22504,93147,39,0
22504,93149,40,0
22504,93151,41,0
22504,92071,42,0
22504,92075,43,0
22504,2376,44,0
22504,2377,45,0
22504,2378,46,0
22504,2379,47,0
22504,2380,48,0
22504,2381,49,0
22504,2382,50,0
22504,2383,51,0
22504,2131,52,0
22504,2132,53,0
22504,2133,54,0
22504,2268,55,0
22504,256905,56,1
22603,2019,1,0
22603,2020,2,0
22603,2022,3,0
22603,2023,4,0
22603,2024,5,0
22603,2277,6,0
22603,93312,7,0
22603,2278,8,0
22603,2279,9,0
22603,2280,10,0
22603,2281,11,0
22603,256905,12,1
22604,256905,1,0
22604,2331,2,0
22604,2332,3,0
22604,2333,4,0
22604,92045,5,0
22604,2052,6,0
22604,2053,7,0
22604,2054,8,0
22604,2055,9,0
22604,92046,10,0
22604,92047,11,0
22604,2109,12,0
22604,2110,13,0
22604,2274,14,0
22604,2275,15,0
22604,2011,16,0
22604,2012,17,0
22604,2719,18,0
22604,2013,19,0
22604,2014,20,0
22604,2015,21,0
22604,2016,22,0
22604,2018,23,0
22604,2019,24,1
23203,256905,1,0
23203,93237,2,0
23203,92004,3,0
23203,92005,4,0
23203,92006,5,0
23203,92007,6,0
23203,92008,7,0
23203,92009,8,0
23203,92010,9,0
23203,92011,10,0
23203,92012,11,0
23203,92013,12,0
23203,92014,13,0
23203,92015,14,0
23203,92016,15,0
23203,92017,16,0
23203,92018,17,1
23204,92018,1,0
23204,92019,2,0
23204,92020,3,0
23204,92021,4,0
23204,92022,5,0
23204,92023,6,0
23204,2207,7,0
23204,2208,8,0
23204,2720,9,0
23204,2209,10,0
23204,2210,11,0
23204,2211,12,0
23204,2212,13,0
23204,2213,14,0
23204,2267,15,0
23204,2268,16,0
23204,256905,17,1
29100,1909,1,0
29100,1912,2,0
29100,1787,3,0
29100,1788,4,0
29100,1789,5,0
29100,1791,6,0
29100,93048,7,0
29100,2233,8,0
29100,2234,9,0
29100,2210,10,0
29100,2235,11,0
29100,2236,12,0
29100,2238,13,0
29100,2240,14,0
29100,2241,15,0
29100,2242,16,0
29100,1940,17,0
29100,1591,18,0
29100,1593,19,0
29100,2152,20,0
29100,2153,21,0
29100,2154,22,0
29100,2336,23,0
29100,2325,24,0
29100,2077,25,0
29100,2078,26,0
29100,2317,27,0
29100,2318,28,0
29100,2305,29,0
29100,2306,30,0
29100,2079,31,0
29100,2080,32,0
29100,2081,33,0
29100,2056,34,0
29100,2057,35,0
29100,2276,36,1
29101,2276,1,0
29101,2067,2,0
29101,2068,3,0
29101,2069,4,0
29101,2070,5,0
29101,2071,6,0
29101,2317,7,0
29101,2305,8,0
29101,2335,9,0
29101,2336,10,0
29101,2075,11,0
29101,2155,12,0
29101,2156,13,0
29101,2157,14,0
29101,2241,15,0
29101,2242,16,0
29101,1940,17,0
29101,1591,18,0
29101,1593,19,0
29101,1594,20,0
29101,1595,21,0
29101,1596,22,0
29101,1597,23,0
29101,2283,24,0
29101,2284,25,0
29101,2285,26,0
29101,2286,27,0
29101,2287,28,0
29101,2288,29,0
29101,2289,30,0
29101,93057,31,0
29101,93015,32,0
29101,93016,33,0
29101,2166,34,0
29101,2204,35,0
29101,2205,36,0
29101,2206,37,0
29101,2207,38,0
29101,2208,39,0
29101,2720,40,0
29101,2209,41,0
29101,93539,42,0
29101,1602,43,0
29101,1603,44,0
29101,1604,45,0
29101,1605,46,0
29101,1607,47,0
29101,1915,48,0
29101,1909,49,1
29200,2276,1,0
29200,2067,2,0
29200,2068,3,0
29200,2069,4,0
29200,2070,5,0
29200,2071,6,0
29200,2072,7,0
29200,2317,8,0
29200,2305,9,0
29200,2335,10,0
29200,2336,11,0
29200,2075,12,0
29200,2155,13,0
29200,2156,14,0
29200,2157,15,0
29200,2241,16,0
29200,2242,17,0
29200,1940,18,0
29200,1591,19,0
29200,1593,20,0
29200,1594,21,0
29200,1595,22,0
29200,1596,23,0
29200,1597,24,0
29200,1598,25,0
29200,1599,26,0
29200,1600,27,0
29200,2210,28,0
29200,93539,29,0
29200,1602,30,0
29200,1603,31,0
29200,1604,32,0
29200,1605,33,0
29200,1607,34,0
29200,1915,35,0
29200,1909,36,1
29201,1909,1,0
29201,1912,2,0
29201,1787,3,0
29201,1788,4,0
29201,1789,5,0
29201,1791,6,0
29201,93048,7,0
29201,2233,8,0
29201,92009,9,0
29201,92010,10,0
29201,92011,11,0
29201,92012,12,0
29201,92013,13,0
29201,92014,14,0
29201,92015,15,0
29201,92016,16,0
29201,92017,17,0
29201,92018,18,0
29201,2167,19,0
29201,2168,20,0
29201,2258,21,0
29201,2259,22,0
29201,2260,23,0
29201,2261,24,0
29201,2262,25,0
29201,2263,26,0
29201,92040,27,0
29201,2264,28,0
29201,2265,29,0
29201,2238,30,0
29201,2240,31,0
29201,2241,32,0
29201,2242,33,0
29201,1940,34,0
29201,1591,35,0
29201,1593,36,0
29201,2152,37,0
29201,2153,38,0
29201,2154,39,0
29201,2336,40,0
29201,2325,41,0
29201,2326,42,0
29201,2077,43,0
29201,2078,44,0
29201,2317,45,0
29201,2318,46,0
29201,2305,47,0
29201,2306,48,0
29201,2079,49,0
29201,2080,50,0
29201,2081,51,0
29201,2056,52,0
29201,2057,53,0
29201,2276,54,1
30103,2576,1,0
30103,166,2,0
30103,167,3,0
30103,89,4,0
30103,90,5,0
30103,91,6,0
30103,92,7,0
30103,93,8,0
30103,94,9,0
30103,95,10,0
30103,96,11,0
30103,97,12,0
30103,98,13,0
30103,99,14,0
30103,100,15,0
30103,101,16,0
30103,102,17,0
30103,103,18,0
30103,104,19,0
30103,105,20,0
30103,106,21,0
30103,107,22,0
30103,108,23,0
30103,109,24,0
30103,471,25,0
30103,110,26,0
30103,114,27,0
30103,115,28,0
30103,116,29,0
30103,117,30,0
30103,93091,31,0
30103,118,32,0
30103,93092,33,0
30103,119,34,0
30103,93083,35,1
30104,93083,1,0
30104,125,2,0
30104,126,3,0
30104,127,4,0
30104,128,5,0
30104,129,6,0
30104,130,7,0
30104,131,8,0
30104,132,9,0
30104,133,10,0
30104,134,11,0
30104,135,12,0
30104,136,13,0
30104,137,14,0
30104,138,15,0
30104,139,16,0
30104,140,17,0
30104,141,18,0
30104,142,19,0
30104,143,20,0
30104,144,21,0
30104,145,22,0
30104,146,23,0
30104,147,24,0
30104,148,25,0
30104,149,26,0
30104,150,27,0
30104,151,28,0
30104,152,29,0
30104,216,30,0
30104,217,31,0
30104,2576,32,1
30203,2576,1,0
30203,166,2,0
30203,167,3,0
30203,168,4,0
30203,169,5,0
30203,170,6,0
30203,171,7,0
30203,172,8,0
30203,173,9,0
30203,174,10,0
30203,175,11,0
30203,176,12,0
30203,177,13,0
30203,179,14,0
30203,180,15,0
30203,181,16,0
30203,182,17,0
30203,183,18,0
30203,184,19,0
30203,185,20,0
30203,186,21,0
30203,187,22,0
30203,188,23,0
30203,189,24,0
30203,93041,25,0
30203,190,26,0
30203,490,27,0
30203,491,28,0
30203,492,29,0
30203,493,30,0
30203,494,31,0
30203,495,32,0
30203,496,33,0
30203,93022,34,0
30203,497,35,0
30203,498,36,0
30203,499,37,0
30203,500,38,0
30203,501,39,0
30203,502,40,0
30203,503,41,0
30203,504,42,0
30203,505,43,0
30203,506,44,0
30203,507,45,1
30204,507,1,0
30204,508,2,0
30204,509,3,0
30204,510,4,0
30204,511,5,0
30204,512,6,0
30204,513,7,0
30204,514,8,0
30204,515,9,0
30204,535,10,0
30204,191,11,0
30204,93040,12,0
30204,192,13,0
30204,193,14,0
30204,194,15,0
30204,195,16,0
30204,196,17,0
30204,197,18,0
30204,198,19,0
30204,199,20,0
30204,200,21,0
30204,201,22,0
30204,202,23,0
30204,203,24,0
30204,204,25,0
30204,205,26,0
30204,206,27,0
30204,207,28,0
30204,208,29,0
30204,209,30,0
30204,210,31,0
30204,211,32,0
30204,212,33,0
30204,213,34,0
30204,214,35,0
30204,215,36,0
30204,216,37,0
30204,217,38,0
30204,2576,39,1
30303,2576,1,0
30303,166,2,0
30303,167,3,0
30303,153,4,0
30303,154,5,0
30303,155,6,0
30303,1,7,0
30303,2,8,0
30303,3,9,0
30303,4,10,0
30303,5,11,0
30303,6,12,0
30303,7,13,0
30303,8,14,0
30303,9,15,0
30303,10,16,0
30303,11,17,0
30303,12,18,0
30303,13,19,0
30303,14,20,0
30303,15,21,0
30303,16,22,0
30303,17,23,0
30303,18,24,0
30303,23,25,0
30303,22,26,0
30303,21,27,0
30303,20,28,1
30304,20,1,0
30304,90019,2,0
30304,90020,3,0
30304,90021,4,0
30304,90022,5,0
30304,90078,6,0
30304,93009,7,0
30304,24,8,0
30304,25,9,0
30304,26,10,0
30304,27,11,0
30304,28,12,0
30304,29,13,0
30304,30,14,0
30304,31,15,0
30304,32,16,0
30304,33,17,0
30304,34,18,0
30304,35,19,0
30304,90013,20,0
30304,36,21,0
30304,37,22,0
30304,38,23,0
30304,39,24,0
30304,224,25,0
30304,86,26,0
30304,87,27,0
30304,216,28,0
30304,217,29,0
30304,2576,30,1
30403,2576,1,0
30403,260,2,0
30403,261,3,0
30403,330,4,0
30403,332,5,0
30403,333,6,0
30403,334,7,0
30403,83,8,0
30403,84,9,0
30403,156,10,0
30403,157,11,0
30403,158,12,0
30403,159,13,0
30403,160,14,0
30403,432,15,0
30403,225,16,0
30403,226,17,0
30403,93433,18,0
30403,227,19,0
30403,228,20,0
30403,229,21,0
30403,230,22,0
30403,231,23,0
30403,232,24,0
30403,233,25,0
30403,234,26,0
30403,235,27,0
30403,236,28,0
30403,237,29,0
30403,238,30,0
30403,239,31,0
30403,240,32,0
30403,93109,33,0
30403,241,34,0
30403,242,35,0
30403,243,36,0
30403,244,37,1
30404,244,1,0
30404,245,2,0
30404,246,3,0
30404,247,4,0
30404,248,5,0
30404,249,6,0
30404,250,7,0
30404,251,8,0
30404,253,9,0
30404,254,10,0
30404,255,11,0
30404,256,12,0
30404,257,13,0
30404,93434,14,0
30404,258,15,0
30404,259,16,0
30404,393,17,0
30404,161,18,0
30404,162,19,0
30404,163,20,0
30404,164,21,0
30404,165,22,0
30404,85,23,0
30404,40,24,0
30404,41,25,0
30404,328,26,0
30404,2576,27,1
30503,2576,1,0
30503,260,2,0
30503,261,3,0
30503,330,4,0
30503,332,5,0
30503,333,6,0
30503,334,7,0
30503,335,8,0
30503,336,9,0
30503,272,10,0
30503,273,11,0
30503,274,12,0
30503,275,13,0
30503,276,14,0
30503,277,15,0
30503,278,16,0
30503,279,17,0
30503,309,18,0
30503,280,19,0
30503,281,20,0
30503,282,21,0
30503,283,22,0
30503,93185,23,0
30503,93186,24,0
30503,286,25,0
30503,287,26,0
30503,288,27,0
30503,289,28,0
30503,290,29,0
30503,292,30,0
30503,383,31,0
30503,384,32,1
30504,384,1,0
30504,293,2,0
30504,294,3,0
30504,295,4,0
30504,296,5,0
30504,297,6,0
30504,298,7,0
30504,299,8,0
30504,300,9,0
30504,301,10,0
30504,302,11,0
30504,303,12,0
30504,304,13,0
30504,305,14,0
30504,306,15,0
30504,307,16,0
30504,308,17,0
30504,310,18,0
30504,311,19,0
30504,312,20,0
30504,313,21,0
30504,314,22,0
30504,315,23,0
30504,316,24,0
30504,317,25,0
30504,93242,26,0
30504,321,27,0
30504,322,28,0
30504,323,29,0
30504,324,30,0
30504,325,31,0
30504,326,32,0
30504,327,33,0
30504,328,34,0
30504,329,35,0
30504,2576,36,1
30803,54,1,0
30803,55,2,0
30803,56,3,0
30803,57,4,0
30803,93058,5,0
30803,93273,6,0
30803,93059,7,0
30803,59,8,0
30803,60,9,0
30803,61,10,0
30803,62,11,0
30803,63,12,0
30803,64,13,0
30803,2576,14,1
30804,2576,1,0
30804,42,2,0
30804,43,3,0
30804,44,4,0
30804,90007,5,0
30804,45,6,0
30804,46,7,0
30804,47,8,0
30804,48,9,0
30804,49,10,0
30804,50,11,0
30804,51,12,0
30804,52,13,0
30804,54,14,1
31000,93482,1,0
31000,93483,2,0
31000,93484,3,0
31000,93485,4,0
31000,533,5,0
31000,93487,6,0
31000,93486,7,0
31000,93026,8,0
31000,90076,9,0
31000,698,10,1
31001,698,1,0
31001,703,2,0
31001,519,3,0
31001,520,4,0
31001,521,5,0
31001,522,6,0
31001,523,7,0
31001,492,8,0
31001,93480,9,0
31001,93481,10,0
31001,93482,11,1
31201,93265,1,0
31201,375,2,0
31201,376,3,0
31201,197,4,0
31201,198,5,0
31201,199,6,0
31201,200,7,0
31201,201,8,0
31201,93266,9,0
31201,477,10,0
31201,480,11,0
31201,30,12,0
31201,31,13,0
31201,93271,14,0
31201,93241,15,0
31201,255,16,0
31201,256,17,0
31201,257,18,0
31201,258,19,0
31201,450,20,0
31201,93249,21,0
31201,93277,22,0
31201,93248,23,0
31201,93247,24,0
31201,438,25,0
31201,439,26,0
31201,440,27,0
31201,441,28,0
31201,442,29,0
31201,443,30,0
31201,536,31,0
31201,1283,32,0
31201,1284,33,0
31201,1285,34,0
31201,1286,35,0
31201,2595,36,1
31202,2595,1,0
31202,1280,2,0
31202,1281,3,0
31202,1282,4,0
31202,537,5,0
31202,444,6,0
31202,93087,7,0
31202,343,8,0
31202,344,9,0
31202,345,10,0
31202,445,11,0
31202,446,12,0
31202,447,13,0
31202,448,14,0
31202,449,15,0
31202,389,16,0
31202,391,17,0
31202,393,18,0
31202,394,19,0
31202,396,20,0
31202,93267,21,0
31202,93250,22,0
31202,93524,23,0
31202,93251,24,0
31202,401,25,0
31202,93261,26,0
31202,93258,27,0
31202,93278,28,0
31202,93262,29,0
31202,93263,30,0
31202,93264,31,0
31202,93265,32,1
31803,2576,1,0
31803,166,2,0
31803,167,3,0
31803,153,4,0
31803,154,5,0
31803,155,6,0
31803,1,7,0
31803,2,8,0
31803,3,9,0
31803,4,10,0
31803,5,11,0
31803,6,12,0
31803,7,13,0
31803,8,14,0
31803,9,15,0
31803,10,16,0
31803,11,17,0
31803,12,18,0
31803,13,19,0
31803,14,20,0
31803,15,21,0
31803,16,22,0
31803,17,23,0
31803,18,24,0
31803,23,25,0
31803,22,26,0
31803,21,27,0
31803,20,28,1
31804,20,1,0
31804,489,2,0
31804,194,3,0
31804,195,4,0
31804,196,5,0
31804,370,6,0
31804,371,7,0
31804,120,8,0
31804,93088,9,0
31804,93089,10,0
31804,121,11,0
31804,93090,12,0
31804,122,13,0
31804,123,14,0
31804,124,15,0
31804,472,16,0
31804,473,17,0
31804,132,18,0
31804,133,19,0
31804,134,20,0
31804,135,21,0
31804,136,22,0
31804,137,23,0
31804,138,24,0
31804,139,25,0
31804,140,26,0
31804,141,27,0
31804,142,28,0
31804,143,29,0
31804,144,30,0
31804,145,31,0
31804,146,32,0
31804,147,33,0
31804,148,34,0
31804,149,35,0
31804,150,36,0
31804,151,37,0
31804,152,38,0
31804,216,39,0
31804,217,40,0
31804,2576,41,0
31804,42,42,0
31804,43,43,0
31804,44,44,0
31804,90007,45,0
31804,45,46,0
31804,46,47,0
31804,47,48,0
31804,48,49,0
31804,49,50,0
31804,50,51,0
31804,51,52,0
31804,52,53,0
31804,54,54,0
31804,55,55,0
31804,56,56,0
31804,57,57,0
31804,93058,58,0
31804,93273,59,0
31804,93059,60,0
31804,59,61,0
31804,60,62,0
31804,61,63,0
31804,62,64,0
31804,63,65,0
31804,64,66,1
38000,2327,1,0
38000,2576,2,1
38001,2576,1,0
38001,2327,2,1
40100,1029,1,0
40100,1030,2,0
40100,1031,3,0
40100,1032,4,0
40100,1033,5,0
40100,986,6,0
40100,987,7,0
40100,988,8,0
40100,989,9,0
40100,1020,10,0
40100,1096,11,0
40100,1097,12,0
40100,90015,13,0
40100,1099,14,0
40100,668,15,0
40100,669,16,0
40100,670,17,0
40100,671,18,0
40100,672,19,0
40100,673,20,0
40100,674,21,0
40100,675,22,0
40100,93178,23,0
40100,676,24,0
40100,677,25,0
40100,678,26,0
40100,679,27,0
40100,680,28,0
40100,681,29,0
40100,682,30,0
40100,683,31,0
40100,605,32,0
40100,684,33,0
40100,685,34,0
40100,686,35,0
40100,687,36,0
40100,688,37,0
40100,689,38,0
40100,690,39,0
40100,691,40,0
40100,692,41,0
40100,693,42,0
40100,694,43,0
40100,695,44,0
40100,93086,45,0
40100,697,46,0
40100,698,47,1
40101,698,1,0
40101,703,2,0
40101,706,3,0
40101,707,4,0
40101,708,5,0
40101,709,6,0
40101,710,7,0
40101,711,8,0
40101,712,9,0
40101,713,10,0
40101,714,11,0
40101,715,12,0
40101,716,13,0
40101,717,14,0
40101,718,15,0
40101,650,16,0
40101,651,17,0
40101,652,18,0
40101,653,19,0
40101,93007,20,0
40101,654,21,0
40101,655,22,0
40101,656,23,0
40101,657,24,0
40101,658,25,0
40101,659,26,0
40101,660,27,0
40101,661,28,0
40101,662,29,0
40101,663,30,0
40101,664,31,0
40101,665,32,0
40101,666,33,0
40101,667,34,0
40101,1093,35,0
40101,1094,36,0
40101,1095,37,0
40101,1021,38,0
40101,1022,39,0
40101,1023,40,0
40101,1024,41,0
40101,1025,42,0
40101,1026,43,0
40101,1027,44,0
40101,1028,45,0
40101,93028,46,0
40101,1029,47,1
40200,1217,1,0
40200,1218,2,0
40200,1219,3,0
40200,1220,4,0
40200,1221,5,0
40200,1222,6,0
40200,1223,7,0
40200,1133,8,0
40200,1134,9,0
40200,1135,10,0
40200,1136,11,0
40200,1137,12,0
40200,1156,13,0
40200,1157,14,0
40200,1158,15,0
40200,1159,16,0
40200,1160,17,0
40200,1161,18,0
40200,1162,19,0
40200,1163,20,0
40200,1164,21,0
40200,1165,22,0
40200,1166,23,0
40200,1167,24,0
40200,1359,25,0
40200,1360,26,0
40200,1361,27,0
40200,1274,28,0
40200,1275,29,0
40200,2595,30,1
40201,2595,1,0
40201,1290,2,0
40201,1291,3,0
40201,1363,4,0
40201,1364,5,0
40201,1181,6,0
40201,1182,7,0
40201,1183,8,0
40201,2603,9,0
40201,1242,10,0
40201,1185,11,0
40201,1243,12,0
40201,1186,13,0
40201,1187,14,0
40201,1188,15,0
40201,1189,16,0
40201,1190,17,0
40201,1191,18,0
40201,1192,19,0
40201,1193,20,0
40201,1194,21,0
40201,1195,22,0
40201,1196,23,0
40201,1197,24,0
40201,1198,25,0
40201,1199,26,0
40201,1200,27,0
40201,1224,28,0
40201,1225,29,0
40201,1244,30,0
40201,93111,31,0
40201,1245,32,0
40201,93323,33,1
40300,258514,1,0
40300,1053,2,0
40300,941,3,0
40300,942,4,0
40300,262,5,0
40300,318,6,0
40300,319,7,0
40300,320,8,0
40300,93243,9,0
40300,93463,10,0
40300,93465,11,0
40300,93459,12,0
40300,93461,13,0
40300,93246,14,0
40300,939,15,0
40300,960,16,0
40300,961,17,0
40300,962,18,0
40300,963,19,0
40300,964,20,0
40300,965,21,0
40300,995,22,0
40300,996,23,0
40300,997,24,0
40300,998,25,0
40300,999,26,0
40300,1000,27,0
40300,1001,28,0
40300,1002,29,0
40300,1003,30,0
40300,1055,31,0
40300,1004,32,0
40300,1005,33,0
40300,1006,34,0
40300,1007,35,0
40300,1008,36,0
40300,1132,37,0
40300,1276,38,0
40300,1277,39,0
40300,1278,40,0
40300,2595,41,1
40301,2595,1,0
40301,1287,2,0
40301,1288,3,0
40301,1289,4,0
40301,1362,5,0
40301,1009,6,0
40301,1010,7,0
40301,1011,8,0
40301,1012,9,0
40301,1013,10,0
40301,1091,11,0
40301,1014,12,0
40301,1015,13,0
40301,1016,14,0
40301,1017,15,0
40301,1018,16,0
40301,1019,17,0
40301,990,18,0
40301,991,19,0
40301,992,20,0
40301,993,21,0
40301,994,22,0
40301,984,23,0
40301,985,24,0
40301,970,25,0
40301,971,26,0
40301,972,27,0
40301,93001,28,0
40301,940,29,0
40301,973,30,0
40301,93462,31,0
40301,93460,32,0
40301,93464,33,0
40301,93527,34,0
40301,265,35,0
40301,266,36,0
40301,267,37,0
40301,268,38,0
40301,269,39,0
40301,270,40,0
40301,1052,41,0
40301,93179,42,0
40301,258514,43,1
40500,258514,1,0
40500,1053,2,0
40500,941,3,0
40500,942,4,0
40500,1286,5,0
40500,2595,6,0
40500,1290,7,0
40500,1291,8,0
40500,1363,9,0
40500,1364,10,0
40500,1181,11,0
40500,1182,12,0
40500,1183,13,0
40500,2603,14,0
40500,1242,15,0
40500,1185,16,0
40500,1243,17,0
40500,1186,18,0
40500,1187,19,0
40500,610,20,0
40500,611,21,0
40500,612,22,0
40500,613,23,0
40500,614,24,0
40500,615,25,0
40500,90061,26,0
40500,928,27,0
40500,929,28,0
40500,930,29,0
40500,931,30,0
40500,932,31,0
40500,933,32,0
40500,934,33,0
40500,935,34,0
40500,93364,35,0
40500,93362,36,0
40500,93361,37,0
40500,93360,38,0
40500,93359,39,0
40500,93357,40,0
40500,90045,41,0
40500,93356,42,0
40500,93354,43,0
40500,817,44,0
40500,812,45,1
40501,812,1,0
40501,93036,2,0
40501,817,3,0
40501,93353,4,0
40501,93355,5,0
40501,93358,6,0
40501,90054,7,0
40501,90070,8,0
40501,90055,9,0
40501,90056,10,0
40501,90057,11,0
40501,90083,12,0
40501,93363,13,0
40501,915,14,0
40501,916,15,0
40501,917,16,0
40501,918,17,0
40501,919,18,0
40501,920,19,0
40501,921,20,0
40501,922,21,0
40501,923,22,0
40501,90062,23,0
40501,90060,24,0
40501,634,25,0
40501,635,26,0
40501,636,27,0
40501,637,28,0
40501,1161,29,0
40501,1162,30,0
40501,1163,31,0
40501,1164,32,0
40501,1165,33,0
40501,1166,34,0
40501,1167,35,0
40501,1359,36,0
40501,1360,37,0
40501,1361,38,0
40501,1274,39,0
40501,1275,40,0
40501,2595,41,0
40501,958,42,0
40501,959,43,0
40501,258514,44,1
40700,90014,1,0
40700,93189,2,0
40700,1119,3,0
40700,1102,4,0
40700,1103,5,0
40700,1104,6,0
40700,1105,7,0
40700,874,8,0
40700,92003,9,0
40700,875,10,0
40700,876,11,0
40700,1121,12,0
40700,1122,13,0
40700,1123,14,0
40700,670,15,0
40700,671,16,0
40700,672,17,0
40700,673,18,0
40700,674,19,0
40700,675,20,0
40700,93178,21,0
40700,676,22,0
40700,677,23,0
40700,1385,24,0
40700,1382,25,0
40700,1386,26,0
40700,722,27,0
40700,879,28,0
40700,880,29,0
40700,881,30,0
40700,882,31,0
40700,883,32,0
40700,884,33,0
40700,885,34,0
40700,886,35,0
40700,887,36,0
40700,888,37,0
40700,889,38,0
40700,1371,39,0
40700,1372,40,0
40700,1353,41,0
40700,1354,42,0
40700,1355,43,0
40700,1356,44,0
40700,93531,45,0
40700,1387,46,0
40700,1388,47,0
40700,93426,48,0
40700,90051,49,0
40700,90053,50,0
40700,93493,51,0
40700,93424,52,0
40700,93425,53,0
40700,812,54,1
40701,812,1,0
40701,90041,2,0
40701,90042,3,0
40701,90043,4,0
40701,90044,5,0
40701,90052,6,0
40701,910,7,0
40701,90050,8,0
40701,859,9,0
40701,861,10,0
40701,862,11,0
40701,863,12,0
40701,864,13,0
40701,865,14,0
40701,866,15,0
40701,867,16,0
40701,868,17,0
40701,869,18,0
40701,870,19,0
40701,871,20,0
40701,872,21,0
40701,752,22,0
40701,606,23,0
40701,607,24,0
40701,1381,25,0
40701,1383,26,0
40701,1384,27,0
40701,658,28,0
40701,659,29,0
40701,660,30,0
40701,661,31,0
40701,662,32,0
40701,663,33,0
40701,664,34,0
40701,665,35,0
40701,1106,36,0
40701,1107,37,0
40701,1108,38,0
40701,1109,39,0
40701,1110,40,0
40701,1111,41,0
40701,1112,42,0
40701,1113,43,0
40701,1114,44,0
40701,1115,45,0
40701,1116,46,0
40701,1117,47,0
40701,1118,48,0
40701,1119,49,0
40701,1120,50,0
40701,93000,51,0
40701,1101,52,0
40701,90014,53,1
40900,385,1,0
40900,93428,2,0
40900,359,3,0
40900,551,4,0
40900,552,5,0
40900,93431,6,0
40900,566,7,0
40900,567,8,0
40900,952,9,0
40900,93455,10,0
40900,93376,11,0
40900,93429,12,0
40900,93439,13,0
40900,93551,14,0
40900,953,15,0
40900,93274,16,0
40900,955,17,0
40900,93275,18,0
40900,2595,19,1
40901,2595,1,0
40901,1280,2,0
40901,1281,3,0
40901,1282,4,0
40901,99998,5,0
40901,539,6,0
40901,540,7,0
40901,541,8,0
40901,1174,9,0
40901,386,10,0
40901,346,11,0
40901,347,12,0
40901,348,13,0
40901,349,14,0
40901,350,15,0
40901,351,16,0
40901,352,17,0
40901,353,18,0
40901,354,19,0
40901,355,20,0
40901,356,21,0
40901,93427,22,0
40901,93371,23,0
40901,385,24,1
41000,2595,1,0
41000,1290,2,0
41000,1291,3,0
41000,1292,4,0
41000,1293,5,0
41000,1294,6,0
41000,1295,7,0
41000,1296,8,0
41000,1297,9,0
41000,1298,10,0
41000,1299,11,0
41000,93027,12,0
41000,1300,13,0
41000,1301,14,0
41000,1302,15,0
41000,1303,16,0
41000,1304,17,0
41000,1305,18,0
41000,1153,19,0
41000,1154,20,0
41000,93552,21,0
41000,1155,22,0
41000,1138,23,0
41000,1139,24,0
41000,1140,25,0
41000,1141,26,0
41000,1142,27,0
41000,584,28,0
41000,638,29,0
41000,639,30,0
41000,640,31,0
41000,641,32,0
41000,642,33,0
41000,643,34,0
41000,644,35,0
41000,645,36,0
41000,646,37,0
41000,647,38,0
41000,648,39,0
41000,649,40,0
41000,90079,41,0
41000,90040,42,0
41000,812,43,1
41001,812,1,0
41001,90038,2,0
41001,90080,3,0
41001,799,4,0
41001,800,5,0
41001,801,6,0
41001,802,7,0
41001,803,8,0
41001,804,9,0
41001,805,10,0
41001,806,11,0
41001,807,12,0
41001,808,13,0
41001,809,14,0
41001,585,15,0
41001,93432,16,0
41001,1145,17,0
41001,1146,18,0
41001,1147,19,0
41001,1148,20,0
41001,1149,21,0
41001,1150,22,0
41001,1151,23,0
41001,1152,24,0
41001,1257,25,0
41001,1258,26,0
41001,1259,27,0
41001,1260,28,0
41001,1261,29,0
41001,1262,30,0
41001,1263,31,0
41001,1264,32,0
41001,1265,33,0
41001,1266,34,0
41001,1267,35,0
41001,1268,36,0
41001,1269,37,0
41001,1270,38,0
41001,1271,39,0
41001,1272,40,0
41001,1273,41,0
41001,1274,42,0
41001,1275,43,0
41001,2595,44,1
41100,1217,1,0
41100,1226,2,0
41100,1227,3,0
41100,1228,4,0
41100,1229,5,0
41100,1230,6,0
41100,1231,7,0
41100,1232,8,0
41100,1233,9,0
41100,1234,10,0
41100,93536,11,0
41100,93534,12,0
41100,93342,13,0
41100,1342,14,0
41100,1343,15,0
41100,93445,16,0
41100,93346,17,0
41100,93522,18,0
41100,93466,19,0
41100,93347,20,0
41100,93348,21,0
41100,93349,22,0
41100,93449,23,0
41100,1250,24,0
41100,1251,25,0
41100,1252,26,0
41100,1253,27,0
41100,1254,28,0
41100,1255,29,0
41100,1256,30,0
41100,1310,31,0
41100,1311,32,0
41100,1312,33,0
41100,1313,34,0
41100,1314,35,0
41100,1320,36,0
41100,1321,37,0
41100,1322,38,0
41100,1323,39,0
41100,1324,40,0
41100,877,41,0
41100,878,42,0
41100,1325,43,0
41100,1326,44,0
41100,92002,45,0
41100,1165,46,0
41100,1166,47,0
41100,1167,48,0
41100,1359,49,0
41100,1360,50,0
41100,1361,51,0
41100,1274,52,0
41100,1275,53,0
41100,2595,54,1
41101,2595,1,0
41101,1290,2,0
41101,1291,3,0
41101,1363,4,0
41101,1364,5,0
41101,1181,6,0
41101,1182,7,0
41101,1183,8,0
41101,2603,9,0
41101,1242,10,0
41101,90086,11,0
41101,93103,12,0
41101,608,13,0
41101,609,14,0
41101,873,15,0
41101,1315,16,0
41101,1316,17,0
41101,1317,18,0
41101,1318,19,0
41101,1319,20,0
41101,1327,21,0
41101,1328,22,0
41101,1329,23,0
41101,1330,24,0
41101,1152,25,0
41101,1306,26,0
41101,1307,27,0
41101,1308,28,0
41101,1309,29,0
41101,1247,30,0
41101,1248,31,0
41101,1249,32,0
41101,1079,33,0
41101,1067,34,0
41101,1068,35,0
41101,1069,36,0
41101,1070,37,0
41101,1071,38,0
41101,1073,39,0
41101,1074,40,0
41101,93345,41,0
41101,93344,42,0
41101,93343,43,0
41101,93535,44,0
41101,93537,45,0
41101,93305,46,0
41101,93306,47,0
41101,93307,48,0
41101,93443,49,0
41101,93338,50,0
41101,1214,51,0
41101,1215,52,0
41101,1216,53,0
41101,1217,54,1
41200,2595,1,0
41200,93054,2,0
41200,943,3,0
41200,944,4,0
41200,945,5,0
41200,1177,6,0
41200,1178,7,0
41200,1000000005,8,0
41200,1366,9,0
41200,1367,10,0
41200,719,11,0
41200,720,12,0
41200,721,13,0
41200,722,14,0
41200,93236,15,0
41200,724,16,0
41200,725,17,0
41200,726,18,0
41200,727,19,0
41200,728,20,0
41200,729,21,0
41200,730,22,0
41200,731,23,0
41200,732,24,0
41200,733,25,0
41200,734,26,0
41200,735,27,0
41200,736,28,0
41200,771,29,0
41200,772,30,0
41200,773,31,0
41200,774,32,0
41200,1201,33,0
41200,1202,34,0
41200,1203,35,0
41200,1204,36,0
41200,1205,37,0
41200,1206,38,0
41200,93084,39,0
41200,1207,40,0
41200,93329,41,0
41200,93327,42,0
41200,93324,43,0
41200,1217,44,1
41201,93323,1,0
41201,93325,2,0
41201,93326,3,0
41201,93328,4,0
41201,93330,5,0
41201,93331,6,0
41201,93332,7,0
41201,93333,8,0
41201,93334,9,0
41201,93335,10,0
41201,93336,11,0
41201,93337,12,0
41201,787,13,0
41201,788,14,0
41201,789,15,0
41201,790,16,0
41201,737,17,0
41201,738,18,0
41201,739,19,0
41201,740,20,0
41201,741,21,0
41201,742,22,0
41201,743,23,0
41201,744,24,0
41201,745,25,0
41201,746,26,0
41201,747,27,0
41201,748,28,0
41201,749,29,0
41201,750,30,0
41201,751,31,0
41201,752,32,0
41201,753,33,0
41201,754,34,0
41201,755,35,0
41201,93377,36,0
41201,93379,37,0
41201,93521,38,0
41201,93439,39,0
41201,93551,40,0
41201,953,41,0
41201,93274,42,0
41201,955,43,0
41201,93275,44,0
41201,2595,45,1
41403,93183,1,0
41403,1121,2,0
41403,1122,3,0
41403,1123,4,0
41403,670,5,0
41403,671,6,0
41403,2604,7,0
41403,1276,8,0
41403,1277,9,0
41403,1278,10,0
41403,2595,11,0
41403,1290,12,0
41403,1291,13,0
41403,1292,14,0
41403,1293,15,0
41403,675,16,0
41403,93178,17,0
41403,1242,18,0
41403,1243,19,0
41403,1381,20,0
41403,1383,21,0
41403,1384,22,0
41403,90073,23,0
41403,678,24,0
41403,679,25,0
41403,680,26,0
41403,681,27,0
41403,2606,28,0
41403,90058,29,0
41403,90059,30,0
41403,90061,31,0
41403,90063,32,0
41403,90065,33,0
41403,589,34,0
41403,90067,35,0
41403,90069,36,0
41403,618,37,0
41403,619,38,0
41403,620,39,0
41403,621,40,0
41403,622,41,0
41403,623,42,0
41403,624,43,0
41403,1369,44,0
41403,1370,45,0
41403,1371,46,0
41403,1372,47,0
41403,1353,48,0
41403,1354,49,0
41403,1355,50,0
41403,1356,51,0
41403,1387,52,0
41403,1388,53,1
41404,1388,1,0
41404,859,2,0
41404,861,3,0
41404,862,4,0
41404,1377,5,0
41404,625,6,0
41404,626,7,0
41404,627,8,0
41404,628,9,0
41404,629,10,0
41404,630,11,0
41404,90068,12,0
41404,580,13,0
41404,90066,14,0
41404,90064,15,0
41404,90062,16,0
41404,90060,17,0
41404,1350,18,0
41404,653,19,0
41404,93007,20,0
41404,654,21,0
41404,655,22,0
41404,656,23,0
41404,1384,24,0
41404,658,25,0
41404,659,26,0
41404,1242,27,0
41404,1243,28,0
41404,1326,29,0
41404,1270,30,0
41404,1271,31,0
41404,1272,32,0
41404,1273,33,0
41404,1274,34,0
41404,1275,35,0
41404,2595,36,0
41404,1287,37,0
41404,1288,38,0
41404,1289,39,0
41404,664,40,0
41404,665,41,0
41404,1106,42,0
41404,1107,43,0
41404,1108,44,0
41404,1109,45,1
41600,812,1,0
41600,815,2,0
41600,823,3,0
41600,824,4,0
41600,825,5,0
41600,826,6,0
41600,827,7,0
41600,828,8,0
41600,93426,9,0
41600,894,10,0
41600,895,11,0
41600,896,12,0
41600,897,13,0
41600,898,14,0
41600,93064,15,0
41600,899,16,0
41600,90076,17,0
41600,698,18,1
41601,698,1,0
41601,703,2,0
41601,2712,3,0
41601,852,4,0
41601,853,5,0
41601,854,6,0
41601,855,7,0
41601,856,8,0
41601,857,9,0
41601,858,10,0
41601,859,11,0
41601,843,12,0
41601,844,13,0
41601,845,14,0
41601,846,15,0
41601,847,16,0
41601,848,17,0
41601,810,18,0
41601,812,19,1
50101,1504,1,0
50101,90099,2,0
50101,1505,3,0
50101,1506,4,0
50101,1507,5,0
50101,90023,6,0
50101,90024,7,0
50101,93184,8,0
50101,90025,9,0
50101,90027,10,0
50101,1482,11,0
50101,1483,12,0
50101,1484,13,0
50101,1485,14,0
50101,1486,15,0
50101,1487,16,0
50101,1488,17,0
50101,1489,18,0
50101,1490,19,0
50101,1491,20,0
50101,1492,21,0
50101,1479,22,0
50101,1480,23,1
50102,1480,1,0
50102,1433,2,0
50102,1434,3,0
50102,1504,4,1
50201,1480,1,0
50201,1501,2,0
50201,93029,3,0
50201,1493,4,0
50201,1494,5,0
50201,1495,6,0
50201,1496,7,0
50201,1497,8,0
50201,1498,9,0
50201,1458,10,0
50201,1459,11,0
50201,1461,12,0
50201,1462,13,0
50201,1463,14,0
50201,1464,15,0
50201,1465,16,0
50201,1466,17,0
50201,1467,18,0
50201,1468,19,0
50201,1469,20,0
50201,1402,21,0
50201,1403,22,0
50201,1404,23,0
50201,1405,24,0
50201,90028,25,0
50201,90029,26,0
50201,90030,27,0
50201,90031,28,0
50201,1470,29,0
50201,1471,30,0
50201,1472,31,0
50201,1473,32,0
50201,90032,33,0
50201,90033,34,0
50201,90034,35,1
50202,90034,1,0
50202,90035,2,0
50202,1476,3,0
50202,1477,4,0
50202,1478,5,0
50202,1479,6,0
50202,1480,7,1
50601,1393,1,0
50601,1394,2,0
50601,1395,3,0
50601,1396,4,0
50601,93532,5,0
50601,1000000007,6,0
50601,1410,7,0
50601,1409,8,0
50601,93472,9,0
50601,93474,10,0
50601,93476,11,0
50601,93478,12,0
50601,93479,13,0
50601,93477,14,0
50601,93475,15,0
50601,93473,16,0
50601,1411,17,0
50601,1413,18,0
50601,1415,19,0
50601,93085,20,0
50601,1426,21,0
50601,1427,22,0
50601,1428,23,0
50601,1429,24,0
50601,1499,25,0
50601,1430,26,0
50601,1431,27,0
50601,1432,28,0
50601,1479,29,0
50601,1480,30,0
50601,1433,31,0
50601,1434,32,0
50601,1504,33,1
50602,1504,1,0
50602,90099,2,0
50602,90024,3,0
50602,93184,4,0
50602,90025,5,0
50602,1452,6,0
50602,1479,7,0
50602,1480,8,0
50602,1501,9,0
50602,93029,10,0
50602,1499,11,0
50602,1498,12,0
50602,1458,13,0
50602,1459,14,0
50602,1460,15,0
50602,1424,16,0
50602,99997,17,0
50602,93085,18,0
50602,1426,19,0
50602,1414,20,0
50602,1412,21,0
50602,93472,22,0
50602,93474,23,0
50602,93476,24,0
50602,93478,25,0
50602,93479,26,0
50602,93477,27,0
50602,93475,28,0
50602,93473,29,0
50602,1408,30,0
50602,1392,31,0
50602,1393,32,1
60103,2416,1,0
60103,2417,2,0
60103,2418,3,0
60103,93019,4,0
60103,2419,5,0
60103,2420,6,0
60103,2437,7,0
60103,2421,8,0
60103,2440,9,0
60103,2530,10,0
60103,2531,11,0
60103,2532,12,0
60103,2533,13,0
60103,93548,14,0
60103,93549,15,0
60103,2534,16,0
60103,2535,17,0
60103,93528,18,0
60103,93529,19,0
60103,93530,20,1
60104,93530,1,0
60104,2536,2,0
60104,2537,3,0
60104,2538,4,0
60104,2539,5,0
60104,2531,6,0
60104,2532,7,0
60104,2535,8,0
60104,2530,9,0
60104,2443,10,0
60104,2438,11,0
60104,2425,12,0
60104,2426,13,0
60104,2427,14,0
60104,2436,15,0
60104,93020,16,0
60104,93063,17,0
60104,2416,18,1
70101,2416,1,0
70101,2418,2,0
70101,93019,3,0
70101,2419,4,0
70101,2420,5,0
70101,2437,6,0
70101,2428,7,0
70101,2429,8,0
70101,2430,9,0
70101,2432,10,0
70101,2433,11,0
70101,2434,12,0
70101,2435,13,0
70101,2443,14,0
70101,2438,15,0
70101,2425,16,0
70101,2426,17,0
70101,2427,18,0
70101,2436,19,0
70101,93020,20,0
70101,93063,21,0
70101,93021,22,1
70102,2416,1,0
70102,2437,2,0
70102,2421,3,0
70102,93018,4,0
70102,2422,5,0
70102,2423,6,0
70102,93547,7,0
70102,93546,8,0
70102,2424,9,0
70102,2425,10,0
70102,2426,11,0
70102,2427,12,1
80101,2508,1,0
80101,2516,2,0
80101,2744,3,0
80101,2745,4,0
80101,2733,5,0
80101,2734,6,0
80101,2490,7,1
80102,2490,1,0
80102,2492,2,0
80102,2493,3,0
80102,2494,4,0
80102,2746,5,0
80102,2747,6,0
80102,2514,7,0
80102,2515,8,0
80102,2749,9,0
80102,2750,10,0
80102,2751,11,0
80102,2482,12,0
80102,2498,13,0
80102,2507,14,0
80102,2508,15,1
89004,93112,1,0
89004,2549,2,1
90000,93108,1,0
90000,93255,2,0
90000,93227,3,0
90000,93061,4,0
90000,1776,5,0
90000,1777,6,0
90000,1778,7,0
90000,1779,8,0
90000,1780,9,0
90000,1781,10,0
90000,1782,11,0
90000,1783,12,0
90000,93542,13,0
90000,1786,14,0
90000,1787,15,0
90000,1788,16,0
90000,1789,17,0
90000,1791,18,0
90000,93048,19,0
90000,2233,20,0
90000,2234,21,0
90000,2235,22,0
90000,2236,23,0
90000,2238,24,0
90000,2240,25,0
90000,2241,26,0
90000,2242,27,0
90000,93254,28,0
90000,92072,29,0
90000,2218,30,0
90000,2220,31,0
90000,2221,32,0
90000,412,33,0
90000,417,34,0
90000,418,35,0
90000,419,36,0
90000,422,37,0
90000,423,38,0
90000,424,39,0
90000,425,40,0
90000,426,41,0
90000,427,42,0
90000,431,43,0
90000,432,44,0
90000,434,45,0
90000,450,46,0
90000,451,47,0
90000,452,48,0
90000,453,49,0
90000,1175,50,0
90000,1176,51,0
90000,1177,52,0
90000,1178,53,0
90000,1181,54,0
90000,1183,55,0
90000,2603,56,0
90000,1242,57,0
90000,93239,58,1
90001,93239,1,0
90001,1165,2,0
90001,1166,3,0
90001,1167,4,0
90001,1169,5,0
90001,1171,6,0
90001,1172,7,0
90001,1173,8,0
90001,1174,9,0
90001,386,10,0
90001,387,11,0
90001,388,12,0
90001,389,13,0
90001,391,14,0
90001,393,15,0
90001,394,16,0
90001,396,17,0
90001,397,18,0
90001,398,19,0
90001,399,20,0
90001,400,21,0
90001,401,22,0
90001,404,23,0
90001,405,24,0
90001,406,25,0
90001,411,26,0
90001,1587,27,0
90001,1588,28,0
90001,1589,29,0
90001,1590,30,0
90001,1591,31,0
90001,1593,32,0
90001,1594,33,0
90001,1595,34,0
90001,1596,35,0
90001,1598,36,0
90001,1599,37,0
90001,1600,38,0
90001,1601,39,0
90001,1602,40,0
90001,1603,41,0
90001,1604,42,0
90001,1605,43,0
90001,1607,44,0
90001,1608,45,0
90001,1609,46,0
90001,1610,47,0
90001,1611,48,0
90001,1612,49,0
90001,1613,50,0
90001,1742,51,0
90001,1615,52,0
90001,1616,53,0
90001,1617,54,0
90001,93060,55,0
90001,93240,56,0
90001,93259,57,0
90001,93108,58,1
91003,2576,1,0
91003,260,2,0
91003,261,3,0
91003,330,4,0
91003,332,5,0
91003,333,6,0
91003,334,7,0
91003,335,8,0
91003,336,9,0
91003,337,10,0
91003,339,11,0
91003,941,12,0
91003,942,13,0
91003,1286,14,0
91003,2595,15,0
91003,1280,16,0
91003,1281,17,0
91003,1282,18,0
91003,99998,19,0
91003,539,20,0
91003,540,21,0
91003,541,22,0
91003,542,23,0
91003,543,24,0
91003,544,25,0
91003,545,26,0
91003,546,27,0
91003,547,28,0
91003,548,29,0
91003,549,30,0
91003,550,31,0
91003,566,32,0
91003,567,33,0
91003,568,34,0
91003,569,35,0
91003,570,36,0
91003,571,37,0
91003,605,38,0
91003,684,39,0
91003,685,40,0
91003,686,41,0
91003,687,42,0
91003,688,43,0
91003,689,44,0
91003,690,45,0
91003,691,46,0
91003,692,47,0
91003,693,48,0
91003,694,49,0
91003,695,50,0
91003,93086,51,0
91003,697,52,0
91003,698,53,1
91004,698,1,0
91004,703,2,0
91004,706,3,0
91004,707,4,0
91004,708,5,0
91004,709,6,0
91004,710,7,0
91004,711,8,0
91004,712,9,0
91004,713,10,0
91004,714,11,0
91004,715,12,0
91004,716,13,0
91004,717,14,0
91004,718,15,0
91004,597,16,0
91004,598,17,0
91004,599,18,0
91004,600,19,0
91004,601,20,0
91004,602,21,0
91004,603,22,0
91004,553,23,0
91004,554,24,0
91004,555,25,0
91004,556,26,0
91004,557,27,0
91004,558,28,0
91004,559,29,0
91004,560,30,0
91004,561,31,0
91004,93024,32,0
91004,93188,33,0
91004,563,34,0
91004,1283,35,0
91004,1284,36,0
91004,1285,37,0
91004,1286,38,0
91004,2595,39,0
91004,958,40,0
91004,959,41,0
91004,93276,42,0
91004,93257,43,0
91004,340,44,0
91004,339,45,0
91004,342,46,0
91004,321,47,0
91004,322,48,0
91004,323,49,0
91004,324,50,0
91004,325,51,0
91004,326,52,0
91004,327,53,0
91004,328,54,0
91004,329,55,0
91004,2576,56,1
91500,698,1,0
91500,703,2,0
91500,706,3,0
91500,707,4,0
91500,708,5,0
91500,709,6,0
91500,710,7,0
91500,711,8,0
91500,829,9,0
91500,830,10,0
91500,831,11,0
91500,832,12,0
91500,833,13,0
91500,834,14,0
91500,362,15,0
91500,363,16,0
91500,364,17,0
91500,365,18,0
91500,366,19,0
91500,367,20,0
91500,2713,21,0
91500,90088,22,0
91500,368,23,0
91500,369,24,0
91500,370,25,0
91500,371,26,0
91500,372,27,0
91500,2707,28,0
91500,2704,29,0
91500,93012,30,0
91500,2404,31,0
91500,2405,32,0
91500,2708,33,0
91500,2406,34,0
91500,2407,35,0
91500,2730,36,0
91500,2731,37,0
91500,93055,38,0
91500,2245,39,0
91500,2246,40,0
91500,2247,41,0
91500,2248,42,0
91500,2249,43,0
91500,2250,44,0
91500,2258,45,0
91500,2259,46,0
91500,2260,47,0
91500,2261,48,0
91500,2262,49,0
91500,2263,50,0
91500,2264,51,0
91500,2265,52,0
91500,2266,53,0
91500,2268,54,0
91500,256905,55,1
91501,256905,1,0
91501,2282,2,0
91501,2283,3,0
91501,2284,4,0
91501,2285,5,0
91501,2286,6,0
91501,2287,7,0
91501,2288,8,0
91501,2289,9,0
91501,2252,10,0
91501,2253,11,0
91501,2254,12,0
91501,92043,13,0
91501,2256,14,0
91501,2257,15,0
91501,93056,16,0
91501,2728,17,0
91501,2729,18,0
91501,2398,19,0
91501,2399,20,0
91501,2400,21,0
91501,2401,22,0
91501,2402,23,0
91501,2403,24,0
91501,93013,25,0
91501,2705,26,0
91501,373,27,0
91501,374,28,0
91501,93083,29,0
91501,125,30,0
91501,375,31,0
91501,376,32,0
91501,377,33,0
91501,90078,34,0
91501,378,35,0
91501,379,36,0
91501,380,37,0
91501,381,38,0
91501,382,39,0
91501,383,40,0
91501,384,41,0
91501,385,42,0
91501,835,43,0
91501,836,44,0
91501,837,45,0
91501,838,46,0
91501,839,47,0
91501,840,48,0
91501,841,49,0
91501,691,50,0
91501,692,51,0
91501,693,52,0
91501,694,53,0
91501,695,54,0
91501,93086,55,0
91501,697,56,0
91501,698,57,1
91600,812,1,0
91600,815,2,0
91600,911,3,0
91600,912,4,0
91600,913,5,0
91600,93365,6,0
91600,93367,7,0
91600,93454,8,0
91600,93370,9,0
91600,586,10,0
91600,587,11,0
91600,588,12,0
91600,589,13,0
91600,590,14,0
91600,591,15,0
91600,592,16,0
91600,593,17,0
91600,594,18,0
91600,595,19,0
91600,596,20,0
91600,597,21,0
91600,598,22,0
91600,599,23,0
91600,600,24,0
91600,601,25,0
91600,602,26,0
91600,603,27,0
91600,604,28,0
91600,454,29,0
91600,455,30,0
91600,456,31,0
91600,457,32,0
91600,458,33,0
91600,459,34,0
91600,460,35,0
91600,461,36,0
91600,462,37,0
91600,463,38,0
91600,464,39,0
91600,465,40,0
91600,466,41,0
91600,467,42,0
91600,468,43,0
91600,469,44,0
91600,470,45,0
91600,2176,46,0
91600,2177,47,0
91600,2178,48,0
91600,2179,49,0
91600,2244,50,0
91600,91001,51,0
91600,2145,52,0
91600,2146,53,0
91600,2147,54,0
91600,2148,55,0
91600,2149,56,0
91600,2151,57,0
91600,2152,58,0
91600,2153,59,0
91600,2154,60,0
91600,2076,61,0
91600,91000,62,0
91600,2325,63,0
91600,2326,64,0
91600,2327,65,0
91600,2328,66,0
91600,2329,67,0
91600,2330,68,0
91600,256905,69,1
91601,256905,1,0
91601,2331,2,0
91601,2332,3,0
91601,2333,4,0
91601,2334,5,0
91601,2335,6,0
91601,2074,7,0
91601,2075,8,0
91601,2155,9,0
91601,2156,10,0
91601,2157,11,0
91601,2158,12,0
91601,2159,13,0
91601,2160,14,0
91601,2161,15,0
91601,2162,16,0
91601,2163,17,0
91601,2164,18,0
91601,93144,19,0
91601,2171,20,0
91601,2172,21,0
91601,2173,22,0
91601,2174,23,0
91601,2175,24,0
91601,471,25,0
91601,472,26,0
91601,473,27,0
91601,474,28,0
91601,475,29,0
91601,476,30,0
91601,477,31,0
91601,480,32,0
91601,481,33,0
91601,482,34,0
91601,483,35,0
91601,484,36,0
91601,485,37,0
91601,486,38,0
91601,487,39,0
91601,488,40,0
91601,565,41,0
91601,566,42,0
91601,567,43,0
91601,568,44,0
91601,569,45,0
91601,570,46,0
91601,571,47,0
91601,573,48,0
91601,574,49,0
91601,575,50,0
91601,576,51,0
91601,577,52,0
91601,93035,53,0
91601,579,54,0
91601,580,55,0
91601,90066,56,0
91601,581,57,0
91601,582,58,0
91601,583,59,0
91601,93369,60,0
91601,93453,61,0
91601,93368,62,0
91601,93366,63,0
91601,1143,64,0
91601,1144,65,0
91601,93177,66,0
91601,810,67,0
91601,812,68,1
92200,812,1,0
92200,90038,2,0
92200,90080,3,0
92200,90039,4,0
92200,762,5,0
92200,763,6,0
92200,764,7,0
92200,766,8,0
92200,90082,9,0
92200,767,10,0
92200,768,11,0
92200,769,12,0
92200,770,13,0
92200,93097,14,0
92200,771,15,0
92200,772,16,0
92200,773,17,0
92200,774,18,0
92200,1201,19,0
92200,1442,20,0
92200,1225,21,0
92200,93285,22,0
92200,93340,23,0
92200,1331,24,0
92200,1332,25,0
92200,1333,26,0
92200,1334,27,0
92200,1335,28,0
92200,93448,29,0
92200,1339,30,0
92200,93437,31,0
92200,93522,32,0
92200,93466,33,0
92200,93347,34,0
92200,93348,35,0
92200,93349,36,0
92200,93350,37,0
92200,1080,38,0
92200,1082,39,0
92200,1083,40,0
92200,1084,41,0
92200,1085,42,0
92200,1086,43,0
92200,1087,44,0
92200,1088,45,0
92200,1089,46,0
92200,1090,47,0
92200,1091,48,0
92200,258514,49,0
92200,262,50,0
92200,221,51,0
92200,222,52,0
92200,93315,53,0
92200,223,54,0
92200,65,55,0
92200,66,56,0
92200,74,57,0
92200,75,58,0
92200,76,59,0
92200,77,60,0
92200,78,61,0
92200,79,62,0
92200,80,63,0
92200,81,64,0
92200,82,65,0
92200,2576,66,1
92201,2576,1,0
92201,65,2,0
92201,66,3,0
92201,67,4,0
92201,68,5,0
92201,69,6,0
92201,70,7,0
92201,71,8,0
92201,72,9,0
92201,73,10,0
92201,82,11,0
92201,218,12,0
92201,93314,13,0
92201,219,14,0
92201,220,15,0
92201,1052,16,0
92201,93179,17,0
92201,258514,18,0
92201,1053,19,0
92201,1054,20,0
92201,1055,21,0
92201,1056,22,0
92201,1057,23,0
92201,1058,24,0
92201,1059,25,0
92201,2709,26,0
92201,1060,27,0
92201,1061,28,0
92201,1062,29,0
92201,1063,30,0
92201,1064,31,0
92201,1065,32,0
92201,1066,33,0
92201,1067,34,0
92201,1068,35,0
92201,1069,36,0
92201,1070,37,0
92201,1071,38,0
92201,1073,39,0
92201,93492,40,0
92201,93436,41,0
92201,93293,42,0
92201,93447,43,0
92201,93298,44,0
92201,93299,45,0
92201,93300,46,0
92201,93301,47,0
92201,93302,48,0
92201,93341,49,0
92201,93339,50,0
92201,1222,51,0
92201,1223,52,0
92201,786,53,0
92201,787,54,0
92201,788,55,0
92201,789,56,0
92201,790,57,0
92201,93096,58,0
92201,791,59,0
92201,93043,60,0
92201,792,61,0
92201,793,62,0
92201,93095,63,0
92201,795,64,0
92201,796,65,0
92201,797,66,0
92201,798,67,0
92201,90081,68,0
92201,90079,69,0
92201,90040,70,0
92201,812,71,1
92300,93108,1,0
92300,93255,2,0
92300,93227,3,0
92300,93061,4,0
92300,1776,5,0
92300,1777,6,0
92300,1778,7,0
92300,1779,8,0
92300,1780,9,0
92300,1781,10,0
92300,1782,11,0
92300,1783,12,0
92300,1785,13,0
92300,93542,14,0
92300,1915,15,0
92300,93112,16,0
92300,1741,17,0
92300,2549,18,0
92300,1695,19,0
92300,1760,20,0
92300,1761,21,0
92300,1762,22,0
92300,1763,23,0
92300,1764,24,0
92300,2004,25,0
92300,2299,26,0
92300,2280,27,0
92300,2281,28,0
92300,256905,29,1
92301,256905,1,0
92301,2574,2,0
92301,2269,3,0
92301,2270,4,0
92301,2324,5,0
92301,2323,6,0
92301,1765,7,0
92301,1766,8,0
92301,1767,9,0
92301,1768,10,0
92301,1769,11,0
92301,1770,12,0
92301,1771,13,0
92301,2549,14,0
92301,1729,15,0
92301,1958,16,0
92301,1911,17,0
92301,1912,18,0
92301,1608,19,0
92301,1609,20,0
92301,1610,21,0
92301,1611,22,0
92301,1612,23,0
92301,1613,24,0
92301,1742,25,0
92301,1615,26,0
92301,1616,27,0
92301,1617,28,0
92301,93060,29,0
92301,93240,30,0
92301,93259,31,0
92301,93108,32,1
95000,92001,1,0
95000,93187,2,0
95000,2416,3,0
95000,2417,4,0
95000,2418,5,0
95000,93019,6,0
95000,2419,7,0
95000,2420,8,0
95000,2437,9,0
95000,2421,10,0
95000,93018,11,0
95000,2439,12,0
95000,2440,13,0
95000,2441,14,0
95000,2442,15,0
95000,2428,16,0
95000,2429,17,0
95000,2430,18,0
95000,93270,19,0
95000,2445,20,0
95000,93117,21,0
95000,93094,22,0
95000,2446,23,0
95000,2448,24,0
95000,2450,25,0
95000,2452,26,0
95000,2751,27,0
95000,2482,28,0
95000,90036,29,0
95000,2498,30,0
95000,2499,31,0
95000,2752,32,0
95000,2753,33,0
95000,2453,34,0
95000,2500,35,0
95000,2501,36,0
95000,2748,37,0
95000,93008,38,0
95000,2488,39,0
95000,2491,40,0
95000,2503,41,0
95000,2504,42,0
95000,2505,43,0
95000,2506,44,0
95000,2516,45,0
95000,2517,46,0
95000,2476,47,0
95000,2477,48,0
95000,2478,49,0
95000,2740,50,0
95000,2741,51,0
95000,2742,52,0
95000,2743,53,0
95000,2744,54,0
95000,2745,55,0
95000,2469,56,0
95000,2467,57,0
95000,2464,58,0
95000,2465,59,0
95000,2461,60,0
95000,2458,61,0
95000,2459,62,0
95000,93026,63,0
95000,90076,64,0
95000,698,65,1
95001,698,1,0
95001,703,2,0
95001,2712,3,0
95001,705,4,0
95001,93025,5,0
95001,2456,6,0
95001,2457,7,0
95001,2460,8,0
95001,2462,9,0
95001,2463,10,0
95001,2466,11,0
95001,2468,12,0
95001,2733,13,0
95001,2734,14,0
95001,2735,15,0
95001,2736,16,0
95001,2737,17,0
95001,2739,18,0
95001,2473,19,0
95001,2474,20,0
95001,2475,21,0
95001,93102,22,0
95001,2509,23,0
95001,2510,24,0
95001,2511,25,0
95001,2512,26,0
95001,93106,27,0
95001,2491,28,0
95001,2492,29,0
95001,2493,30,0
95001,2494,31,0
95001,2746,32,0
95001,2747,33,0
95001,2514,34,0
95001,2515,35,0
95001,2749,36,0
95001,2454,37,0
95001,2750,38,0
95001,2751,39,0
95001,2482,40,0
95001,90036,41,0
95001,2498,42,0
95001,2499,43,0
95001,2752,44,0
95001,2455,45,0
95001,2451,46,0
95001,2449,47,0
95001,2447,48,0
95001,93093,49,0
95001,93116,50,0
95001,2444,51,0
95001,93269,52,0
95001,2431,53,0
95001,2432,54,0
95001,2433,55,0
95001,2434,56,0
95001,2443,57,0
95001,2438,58,0
95001,2425,59,0
95001,2426,60,0
95001,2427,61,0
95001,2436,62,0
95001,93020,63,0
95001,93063,64,0
95001,93021,65,0
95001,92001,66,1
1010100,1706,1,0
1010100,93507,2,0
1010100,93508,3,0
1010100,93509,4,0
1010100,93510,5,0
1010100,93511,6,0
1010100,93512,7,0
1010100,93513,8,0
1010100,93514,9,0
1010100,93515,10,0
1010100,93516,11,0
1010100,93517,12,0
1010100,93518,13,0
1010100,2002,14,0
1010100,2003,15,0
1010100,1994,16,0
1010100,1995,17,0
1010100,1996,18,0
1010100,2549,19,1
1010101,2549,1,0
1010101,1695,2,0
1010101,1760,3,0
1010101,1761,4,0
1010101,1762,5,0
1010101,1763,6,0
1010101,93495,7,0
1010101,93496,8,0
1010101,93497,9,0
1010101,93498,10,0
1010101,93499,11,0
1010101,93500,12,0
1010101,93501,13,0
1010101,93502,14,0
1010101,93503,15,0
1010101,93504,16,0
1010101,93505,17,0
1010101,93506,18,0
1010101,93519,19,0
1010101,1706,20,1
1011000,93231,1,0
1011000,93422,2,0
1011000,93321,3,0
1011000,93208,4,0
1011000,93209,5,0
1011000,93415,6,0
1011000,93417,7,0
1011000,93419,8,0
1011000,1885,9,0
1011000,1886,10,0
1011000,1887,11,0
1011000,1888,12,0
1011000,1889,13,0
1011000,93313,14,0
1011000,1890,15,0
1011000,1891,16,0
1011000,1892,17,0
1011000,1893,18,0
1011000,1894,19,0
1011000,1895,20,0
1011000,1862,21,0
1011000,1863,22,0
1011000,1896,23,0
1011000,1897,24,0
1011000,1898,25,0
1011000,1899,26,0
1011000,1900,27,0
1011000,1901,28,0
1011000,1936,29,0
1011000,1915,30,0
1011000,93112,31,1
1011001,2549,1,0
1011001,1772,2,0
1011001,1773,3,0
1011001,1774,4,0
1011001,1775,5,0
1011001,93163,6,0
1011001,93217,7,0
1011001,1876,8,0
1011001,1877,9,0
1011001,1878,10,0
1011001,1550,11,0
1011001,93037,12,0
1011001,93405,13,0
1011001,93406,14,0
1011001,93407,15,0
1011001,93408,16,0
1011001,93409,17,0
1011001,93410,18,0
1011001,93411,19,0
1011001,93228,20,0
1011001,93229,21,0
1011001,93230,22,0
1011001,93231,23,1
1011100,1893,1,0
1011100,1894,2,0
1011100,1895,3,0
1011100,93452,4,0
1011100,93190,5,0
1011100,1789,6,0
1011100,1941,7,0
1011100,1943,8,0
1011100,1944,9,0
1011100,1945,10,0
1011100,1946,11,0
1011100,1947,12,0
1011100,90016,13,0
1011100,1949,14,0
1011100,93193,15,0
1011100,93194,16,0
1011100,93195,17,0
1011100,93196,18,0
1011100,93197,19,0
1011100,1865,20,0
1011100,93198,21,0
1011100,1915,22,0
1011100,93112,23,1
1011101,93112,1,0
1011101,93450,2,0
1011101,1609,3,0
1011101,1610,4,0
1011101,1611,5,0
1011101,93391,6,0
1011101,93392,7,0
1011101,93393,8,0
1011101,93394,9,0
1011101,93396,10,0
1011101,93397,11,0
1011101,93398,12,0
1011101,93399,13,0
1011101,93400,14,0
1011101,1893,15,1
1019301,1909,1,0
1019301,1911,2,0
1019301,1912,3,0
1019301,1918,4,0
1019301,1919,5,0
1019301,1732,6,0
1019301,1733,7,0
1019301,1734,8,0
1019301,1735,9,0
1019301,1868,10,0
1019301,1869,11,0
1019301,1870,12,0
1019301,1871,13,0
1019301,1872,14,0
1019301,1873,15,0
1019301,1874,16,0
1019301,1875,17,0
1019301,1754,18,0
1019301,1755,19,0
1019301,93214,20,0
1019301,1757,21,0
1019301,1758,22,0
1019301,1759,23,0
1019301,93216,24,0
1019301,1742,25,0
1019301,1615,26,0
1019301,1616,27,0
1019301,1617,28,0
1019301,93060,29,0
1019301,1776,30,0
1019301,1777,31,0
1019301,1778,32,0
1019301,1628,33,0
1019301,1629,34,0
1019301,1630,35,0
1019301,1631,36,0
1019301,1632,37,0
1019301,1633,38,0
1019301,1634,39,0
1019301,1635,40,0
1019301,1636,41,0
1019301,1637,42,0
1019301,1638,43,0
1019301,1639,44,0
1019301,93381,45,0
1019301,93382,46,0
1019301,93383,47,0
1019301,93401,48,0
1019301,1779,49,0
1019301,1780,50,0
1019301,1781,51,0
1019301,1782,52,0
1019301,1783,53,0
1019301,1785,54,0
1019301,1740,55,0
1019301,1741,56,0
1019301,1994,57,0
1019301,1996,58,0
1019301,2000,59,0
1019301,2001,60,0
1019301,1986,61,0
1019301,1842,62,0
1019301,1832,63,0
1019301,93234,64,0
1019301,1839,65,0
1019301,1840,66,0
1019301,1841,67,0
1019301,2002,68,0
1019301,2003,69,0
1019301,2298,70,0
1019301,1729,71,1
1022503,256905,1,0
1022503,2282,2,0
1022503,2134,3,0
1022503,2135,4,0
1022503,2215,5,0
1022503,2216,6,0
1022503,92048,7,0
1022503,92049,8,0
1022503,2388,9,0
1022503,2389,10,0
1022503,92050,11,0
1022503,92051,12,0
1022503,92052,13,0
1022503,92053,14,0
1022503,92054,15,0
1022503,93152,16,0
1022503,93150,17,0
1022503,93148,18,0
1022503,93146,19,0
1022503,2244,20,0
1022503,91001,21,0
1022503,2136,22,0
1022503,2137,23,0
1022503,2138,24,0
1022503,2139,25,0
1022503,93141,26,0
1022503,93140,27,0
1022503,2398,28,0
1022503,2399,29,0
1022503,2400,30,1
1022504,2400,1,0
1022504,93138,2,0
1022504,92064,3,0
1022504,93160,4,0
1022504,93133,5,0
1022504,93134,6,0
1022504,93135,7,0
1022504,93136,8,0
1022504,92059,9,0
1022504,92060,10,0
1022504,93127,11,0
1022504,93125,12,0
1022504,93153,13,0
1022504,93154,14,0
1022504,93316,15,0
1022504,93155,16,0
1022504,93118,17,0
1022504,93541,18,0
1022504,92067,19,0
1022504,92068,20,0
1022504,93046,21,0
1022504,92069,22,0
1022504,92070,23,0
1022504,1589,24,0
1022504,2372,25,0
1022504,2373,26,0
1022504,2374,27,0
1022504,2375,28,0
1022504,2376,29,0
1022504,2377,30,0
1022504,2378,31,0
1022504,2379,32,0
1022504,2380,33,0
1022504,2381,34,0
1022504,2382,35,0
1022504,2383,36,0
1022504,2132,37,0
1022504,2133,38,0
1022504,2268,39,0
1022504,256905,40,1
2010300,1568,1,0
2010300,93413,2,0
2010300,93523,3,0
2010300,93212,4,0
2010300,93213,5,0
2010300,93526,6,0
2010300,93174,7,0
2010300,93214,8,0
2010300,93412,9,0
2010300,1581,10,0
2010300,1582,11,0
2010300,1583,12,0
2010300,1984,13,0
2010300,1985,14,0
2010300,1928,15,0
2010300,1929,16,0
2010300,1930,17,0
2010300,1931,18,0
2010300,1932,19,0
2010300,1933,20,0
2010300,1934,21,0
2010300,1935,22,0
2010300,1739,23,0
2010300,1740,24,0
2010300,1741,25,0
2010300,2549,26,0
2010300,93192,27,0
2010300,1936,28,0
2010300,1915,29,0
2010300,93112,30,1
2010301,2549,1,0
2010301,1729,2,0
2010301,1730,3,0
2010301,93112,4,0
2010301,1731,5,0
2010301,1920,6,0
2010301,1921,7,0
2010301,1922,8,0
2010301,1923,9,0
2010301,1924,10,0
2010301,1925,11,0
2010301,1926,12,0
2010301,1927,13,0
2010301,90017,14,0
2010301,1982,15,0
2010301,1983,16,0
2010301,2727,17,0
2010301,1584,18,0
2010301,1585,19,0
2010301,1586,20,0
2010301,1576,21,0
2010301,1577,22,0
2010301,1578,23,0
2010301,1579,24,0
2010301,1580,25,0
2010301,93413,26,0
2010301,1568,27,1
2011000,1882,1,0
2011000,1759,2,0
2011000,93216,3,0
2011000,1742,4,0
2011000,1615,5,0
2011000,1616,6,0
2011000,1617,7,0
2011000,93060,8,0
2011000,1508,9,0
2011000,1509,10,0
2011000,1510,11,0
2011000,1511,12,0
2011000,1512,13,0
2011000,1513,14,0
2011000,93421,15,0
2011000,93422,16,0
2011000,93321,17,0
2011000,93208,18,0
2011000,93209,19,0
2011000,93415,20,0
2011000,93417,21,0
2011000,93419,22,0
2011000,1885,23,0
2011000,1886,24,0
2011000,1887,25,0
2011000,1888,26,0
2011000,1889,27,0
2011000,93313,28,0
2011000,1890,29,0
2011000,1891,30,0
2011000,1892,31,0
2011000,1893,32,0
2011000,1894,33,0
2011000,1895,34,0
2011000,1862,35,0
2011000,1863,36,0
2011000,1896,37,0
2011000,1897,38,0
2011000,1898,39,0
2011000,1899,40,0
2011000,1900,41,0
2011000,1901,42,0
2011000,1936,43,0
2011000,1915,44,0
2011000,93112,45,1
2011001,93112,1,0
2011001,93450,2,0
2011001,1730,3,0
2011001,1731,4,0
2011001,1902,5,0
2011001,1903,6,0
2011001,93038,7,0
2011001,1904,8,0
2011001,1905,9,0
2011001,1792,10,0
2011001,1866,11,0
2011001,1867,12,0
2011001,1868,13,0
2011001,1869,14,0
2011001,1870,15,0
2011001,1871,16,0
2011001,1872,17,0
2011001,1873,18,0
2011001,1874,19,0
2011001,1875,20,0
2011001,93420,21,0
2011001,93418,22,0
2011001,93416,23,0
2011001,93206,24,0
2011001,93207,25,0
2011001,93322,26,0
2011001,93232,27,0
2011001,93233,28,0
2011001,1518,29,0
2011001,1519,30,0
2011001,1520,31,0
2011001,1521,32,0
2011001,1522,33,0
2011001,1523,34,0
2011001,1524,35,0
2011001,2725,36,0
2011001,1525,37,0
2011001,1526,38,0
2011001,1527,39,0
2011001,1528,40,0
2011001,1551,41,0
2011001,1552,42,0
2011001,1879,43,0
2011001,1881,44,0
2011001,1882,45,1
2019301,1909,1,0
2019301,1911,2,0
2019301,1912,3,0
2019301,93256,4,0
2019301,1907,5,0
2019301,93199,6,0
2019301,1908,7,0
2019301,1792,8,0
2019301,1866,9,0
2019301,1899,10,0
2019301,1900,11,0
2019301,1901,12,0
2019301,1936,13,0
2019301,1915,14,0
2019301,1960,15,0
2019301,1961,16,0
2019301,1962,17,0
2019301,1963,18,0
2019301,1964,19,0
2019301,1965,20,0
2019301,90016,21,0
2019301,1949,22,0
2019301,93193,23,0
2019301,93194,24,0
2019301,93195,25,0
2019301,93196,26,0
2019301,93197,27,0
2019301,93112,28,0
2019301,1741,29,0
2019301,1994,30,0
2019301,1995,31,0
2019301,1996,32,0
2019301,2000,33,0
2019301,2001,34,0
2019301,1986,35,0
2019301,1842,36,0
2019301,1832,37,0
2019301,93234,38,0
2019301,1839,39,0
2019301,1840,40,0
2019301,1841,41,0
2019301,2002,42,0
2019301,2003,43,0
2019301,2298,44,0
2019301,1729,45,1
2040100,677,1,0
2040100,678,2,0
2040100,679,3,0
2040100,680,4,0
2040100,681,5,0
2040100,682,6,0
2040100,683,7,0
2040100,605,8,0
2040100,684,9,0
2040100,685,10,0
2040100,686,11,0
2040100,687,12,0
2040100,688,13,0
2040100,689,14,0
2040100,690,15,0
2040100,691,16,0
2040100,692,17,0
2040100,693,18,0
2040100,694,19,0
2040100,695,20,0
2040100,93086,21,0
2040100,697,22,0
2040100,698,23,1
2040101,698,1,0
2040101,703,2,0
2040101,706,3,0
2040101,707,4,0
2040101,708,5,0
2040101,709,6,0
2040101,710,7,0
2040101,711,8,0
2040101,712,9,0
2040101,713,10,0
2040101,714,11,0
2040101,715,12,0
2040101,716,13,0
2040101,717,14,0
2040101,718,15,0
2040101,650,16,0
2040101,651,17,0
2040101,652,18,0
2040101,653,19,0
2040101,93007,20,0
2040101,654,21,0
2040101,655,22,0
2040101,656,23,0
2040101,657,24,0
2040101,658,25,0
2040101,659,26,0
2040101,677,27,1
2040200,93323,1,0
2040200,93325,2,0
2040200,93326,3,0
2040200,93328,4,0
2040200,93330,5,0
2040200,93331,6,0
2040200,93332,7,0
2040200,93333,8,0
2040200,93334,9,0
2040200,93335,10,0
2040200,93336,11,0
2040200,775,12,0
2040200,1133,13,0
2040200,1134,14,0
2040200,1135,15,0
2040200,1136,16,0
2040200,1137,17,0
2040200,1156,18,0
2040200,1157,19,0
2040200,1158,20,0
2040200,1159,21,0
2040200,1160,22,0
2040200,1161,23,0
2040200,1162,24,0
2040200,1163,25,0
2040200,1164,26,0
2040200,1165,27,0
2040200,1166,28,0
2040200,1167,29,0
2040200,1359,30,0
2040200,1360,31,0
2040200,1361,32,0
2040200,1274,33,0
2040200,1275,34,0
2040200,2595,35,1
2040201,2595,1,0
2040201,1290,2,0
2040201,1291,3,0
2040201,1363,4,0
2040201,1364,5,0
2040201,1181,6,0
2040201,1182,7,0
2040201,1183,8,0
2040201,2603,9,0
2040201,1242,10,0
2040201,1185,11,0
2040201,1243,12,0
2040201,1186,13,0
2040201,1187,14,0
2040201,1188,15,0
2040201,1189,16,0
2040201,1190,17,0
2040201,1191,18,0
2040201,1192,19,0
2040201,1193,20,0
2040201,1194,21,0
2040201,1195,22,0
2040201,1196,23,0
2040201,1197,24,0
2040201,1198,25,0
2040201,1199,26,0
2040201,1200,27,0
2040201,1224,28,0
2040201,1225,29,0
2040201,1244,30,0
2040201,93111,31,0
2040201,1245,32,0
2040201,93323,33,1
2092200,786,1,0
2092200,787,2,0
2092200,788,3,0
2092200,789,4,0
2092200,790,5,0
2092200,93096,6,0
2092200,791,7,0
2092200,93043,8,0
2092200,792,9,0
2092200,793,10,0
2092200,93095,11,0
2092200,795,12,0
2092200,796,13,0
2092200,797,14,0
2092200,798,15,0
2092200,90081,16,0
2092200,90079,17,0
2092200,90040,18,0
2092200,812,19,1
2092201,812,1,0
2092201,90038,2,0
2092201,90080,3,0
2092201,90039,4,0
2092201,762,5,0
2092201,763,6,0
2092201,764,7,0
2092201,766,8,0
2092201,90082,9,0
2092201,767,10,0
2092201,768,11,0
2092201,769,12,0
2092201,770,13,0
2092201,93097,14,0
2092201,771,15,0
2092201,772,16,0
2092201,773,17,0
2092201,774,18,0
2092201,1201,19,0
2092201,1442,20,0
2092201,786,21,1
3040100,258514,1,0
3040100,1053,2,0
3040100,1054,3,0
3040100,1055,4,0
3040100,1056,5,0
3040100,668,6,0
3040100,669,7,0
3040100,670,8,0
3040100,671,9,0
3040100,672,10,0
3040100,673,11,0
3040100,674,12,0
3040100,675,13,0
3040100,93178,14,0
3040100,676,15,0
3040100,677,16,0
3040100,678,17,0
3040100,679,18,0
3040100,680,19,0
3040100,681,20,0
3040100,682,21,0
3040100,683,22,0
3040100,605,23,0
3040100,684,24,0
3040100,685,25,0
3040100,686,26,0
3040100,687,27,0
3040100,688,28,0
3040100,689,29,0
3040100,690,30,0
3040100,691,31,0
3040100,692,32,0
3040100,693,33,0
3040100,694,34,0
3040100,695,35,0
3040100,93086,36,0
3040100,697,37,0
3040100,698,38,1
3040101,698,1,0
3040101,703,2,0
3040101,706,3,0
3040101,707,4,0
3040101,708,5,0
3040101,709,6,0
3040101,710,7,0
3040101,711,8,0
3040101,712,9,0
3040101,713,10,0
3040101,714,11,0
3040101,715,12,0
3040101,716,13,0
3040101,717,14,0
3040101,718,15,0
3040101,650,16,0
3040101,651,17,0
3040101,652,18,0
3040101,653,19,0
3040101,93007,20,0
3040101,654,21,0
3040101,655,22,0
3040101,656,23,0
3040101,657,24,0
3040101,658,25,0
3040101,659,26,0
3040101,660,27,0
3040101,661,28,0
3040101,662,29,0
3040101,663,30,0
3040101,664,31,0
3040101,665,32,0
3040101,666,33,0
3040101,667,34,0
3040101,1090,35,0
3040101,1091,36,0
3040101,258514,37,1
3091000,2576,1,0
3091000,260,2,0
3091000,261,3,0
3091000,330,4,0
3091000,332,5,0
3091000,333,6,0
3091000,334,7,0
3091000,335,8,0
3091000,336,9,0
3091000,272,10,0
3091000,93489,11,0
3091000,93520,12,0
3091000,443,13,0
3091000,536,14,0
3091000,99998,15,0
3091000,539,16,0
3091000,540,17,0
3091000,541,18,0
3091000,542,19,0
3091000,543,20,0
3091000,544,21,0
3091000,545,22,0
3091000,546,23,0
3091000,547,24,0
3091000,548,25,0
3091000,549,26,0
3091000,550,27,0
3091000,566,28,0
3091000,567,29,0
3091000,568,30,0
3091000,569,31,0
3091000,570,32,0
3091000,571,33,0
3091000,605,34,0
3091000,684,35,0
3091000,685,36,0
3091000,686,37,0
3091000,687,38,0
3091000,688,39,0
3091000,689,40,0
3091000,690,41,0
3091000,691,42,0
3091000,692,43,0
3091000,693,44,0
3091000,694,45,0
3091000,695,46,0
3091000,93086,47,0
3091000,697,48,0
3091000,698,49,1
3091001,698,1,0
3091001,703,2,0
3091001,706,3,0
3091001,707,4,0
3091001,708,5,0
3091001,709,6,0
3091001,710,7,0
3091001,711,8,0
3091001,712,9,0
3091001,713,10,0
3091001,714,11,0
3091001,715,12,0
3091001,716,13,0
3091001,717,14,0
3091001,718,15,0
3091001,597,16,0
3091001,598,17,0
3091001,599,18,0
3091001,600,19,0
3091001,601,20,0
3091001,602,21,0
3091001,603,22,0
3091001,553,23,0
3091001,554,24,0
3091001,555,25,0
3091001,556,26,0
3091001,557,27,0
3091001,558,28,0
3091001,559,29,0
3091001,560,30,0
3091001,561,31,0
3091001,93024,32,0
3091001,93188,33,0
3091001,563,34,0
3091001,537,35,0
3091001,444,36,0
3091001,93087,37,0
3091001,93488,38,0
3091001,93490,39,0
3091001,93242,40,0
3091001,321,41,0
3091001,322,42,0
3091001,323,43,0
3091001,324,44,0
3091001,325,45,0
3091001,326,46,0
3091001,327,47,0
3091001,328,48,0
3091001,329,49,0
3091001,2576,50,1
4021803,2041,1,0
4021803,2045,2,0
4021803,2046,3,0
4021803,2047,4,0
4021803,2048,5,0
4021803,2049,6,0
4021803,2050,7,0
4021803,2051,8,0
4021803,93158,9,0
4021803,93159,10,0
4021803,2311,11,0
4021803,2312,12,0
4021803,2313,13,0
4021803,2314,14,0
4021803,2315,15,0
4021803,2316,16,0
4021803,2073,17,0
4021803,2074,18,0
4021803,93121,19,0
4021803,93122,20,0
4021803,2328,21,0
4021803,2329,22,0
4021803,2330,23,0
4021803,256905,24,1
4021804,256905,1,0
4021804,2331,2,0
4021804,2332,3,0
4021804,2333,4,0
4021804,2350,5,0
4021804,2351,6,0
4021804,2352,7,0
4021804,2342,8,0
4021804,2343,9,0
4021804,2344,10,0
4021804,2345,11,0
4021804,2346,12,0
4021804,2347,13,0
4021804,2098,14,0
4021804,2099,15,0
4021804,2100,16,0
4021804,2101,17,0
4021804,2102,18,0
4021804,2103,19,0
4021804,2104,20,0
4021804,2105,21,0
4021804,2084,22,0
4021804,2092,23,0
4021804,2093,24,0
4021804,2094,25,0
4021804,2095,26,0
4021804,2096,27,0
4021804,2097,28,0
4021804,2718,29,0
4021804,2310,30,0
4021804,2033,31,0
4021804,2034,32,0
4021804,2035,33,0
4021804,2036,34,0
4021804,2037,35,0
4021804,2038,36,0
4021804,93107,37,0
4021804,2717,38,0
4021804,2088,39,0
4021804,2089,40,0
4021804,2090,41,0
4021804,2086,42,0
4021804,2087,43,0
4021804,2716,44,0
4021804,2039,45,0
4021804,2040,46,0
4021804,2041,47,1
4021903,256905,1,0
4021903,2282,2,0
4021903,2283,3,0
4021903,2284,4,0
4021903,2180,5,0
4021903,2181,6,0
4021903,2182,7,0
4021903,2183,8,0
4021903,2184,9,0
4021903,2185,10,0
4021903,2186,11,0
4021903,93104,12,0
4021903,93080,13,0
4021903,93078,14,0
4021903,93076,15,0
4021903,93074,16,0
4021903,93072,17,0
4021903,93070,18,0
4021903,93068,19,0
4021903,2393,20,1
4021904,2393,1,0
4021904,2294,2,0
4021904,2295,3,0
4021904,2296,4,0
4021904,2297,5,0
4021904,93143,6,0
4021904,93057,7,0
4021904,93015,8,0
4021904,93016,9,0
4021904,2166,10,0
4021904,2204,11,0
4021904,2205,12,0
4021904,2206,13,0
4021904,2207,14,0
4021904,2208,15,0
4021904,2720,16,0
4021904,2209,17,0
4021904,2210,18,0
4021904,2211,19,0
4021904,2212,20,0
4021904,2213,21,0
4021904,2214,22,0
4021904,2267,23,0
4021904,2268,24,0
4021904,256905,25,1
4022103,256905,1,0
4022103,93237,2,0
4022103,92004,3,0
4022103,92035,4,0
4022103,2195,5,0
4022103,2196,6,0
4022103,93110,7,0
4022103,2197,8,0
4022103,2198,9,0
4022103,2199,10,0
4022103,2200,11,0
4022103,92024,12,0
4022103,2201,13,0
4022103,2202,14,0
4022103,2203,15,0
4022103,92016,16,0
4022103,92017,17,0
4022103,2167,18,0
4022103,2168,19,0
4022103,2169,20,0
4022103,2187,21,0
4022103,2188,22,0
4022103,2189,23,0
4022103,2190,24,0
4022103,2714,25,0
4022103,2191,26,0
4022103,2193,27,0
4022103,2194,28,0
4022103,2128,29,0
4022103,2129,30,0
4022103,2240,31,0
4022103,2152,32,1
4022104,2152,1,0
4022104,2153,2,0
4022104,2154,3,0
4022104,2076,4,0
4022104,91000,5,0
4022104,2325,6,0
4022104,2326,7,0
4022104,92045,8,0
4022104,2052,9,0
4022104,2053,10,0
4022104,2054,11,0
4022104,2055,12,0
4022104,92046,13,0
4022104,92047,14,0
4022104,93156,15,0
4022104,93312,16,0
4022104,2278,17,0
4022104,2279,18,0
4022104,2280,19,0
4022104,2281,20,0
4022104,256905,21,1
4022403,2062,1,0
4022403,2063,2,0
4022403,2064,3,0
4022403,2065,4,0
4022403,2066,5,0
4022403,2011,6,0
4022403,2012,7,0
4022403,2013,8,0
4022403,2014,9,0
4022403,2015,10,0
4022403,2016,11,0
4022403,2018,12,0
4022403,2019,13,0
4022403,2020,14,0
4022403,2022,15,0
4022403,2023,16,0
4022403,2024,17,0
4022403,2277,18,0
4022403,93312,19,0
4022403,2278,20,0
4022403,2279,21,0
4022403,2280,22,0
4022403,2281,23,0
4022403,256905,24,1
4022404,256905,1,0
4022404,2331,2,0
4022404,2332,3,0
4022404,2333,4,0
4022404,2334,5,0
4022404,2335,6,0
4022404,2077,7,0
4022404,2078,8,0
4022404,2079,9,0
4022404,2080,10,0
4022404,2081,11,0
4022404,2082,12,0
4022404,2083,13,0
4022404,2026,14,0
4022404,2027,15,0
4022404,2028,16,0
4022404,2029,17,0
4022404,2030,18,0
4022404,2031,19,0
4022404,2032,20,0
4022404,2058,21,0
4022404,2059,22,0
4022404,2060,23,0
4022404,2061,24,0
4022404,2062,25,1
19011100,1736,1,0
19011100,93192,2,0
19011100,1936,3,0
19011100,1915,4,0
19011100,2549,5,1
19011101,2549,1,0
19011101,1729,2,0
19011101,1730,3,0
19011101,1731,4,0
19011101,1732,5,0
19011101,1733,6,0
19011101,1734,7,0
19011101,1735,8,0
19011101,1736,9,1
19022601,2307,1,0
19022601,2083,2,0
19022601,2011,3,0
19022601,2012,4,0
19022601,2719,5,0
19022601,2013,6,0
19022601,2014,7,0
19022601,2015,8,0
19022601,2016,9,0
19022601,2018,10,0
19022601,2019,11,0
19022601,2020,12,0
19022601,2022,13,0
19022601,2023,14,0
19022601,2024,15,1
19023201,2137,1,0
19023201,2250,2,0
19023201,2209,3,1
19040701,1386,1,0
19040701,812,2,1
19041000,1109,1,0
19041000,1110,2,0
19041000,1111,3,0
19041000,93538,4,0
19041000,1302,5,0
19041000,1303,6,0
19041000,1304,7,0
19041000,1153,8,0
19041000,1154,9,0
19041000,1155,10,0
19041000,1138,11,0
19041000,1139,12,0
19041000,1140,13,0
19041000,1141,14,1
19041001,1145,1,0
19041001,1146,2,0
19041001,1147,3,0
19041001,1148,4,0
19041001,1149,5,0
19041001,1150,6,0
19041001,1151,7,0
19041001,1152,8,0
19041001,1257,9,0
19041001,1258,10,0
19041001,1259,11,0
19041001,93545,12,0
19041001,93183,13,1
19041100,93346,1,0
19041100,1250,2,0
19041100,1251,3,0
19041100,1252,4,0
19041100,1253,5,0
19041100,1254,6,0
19041100,1255,7,0
19041100,1256,8,0
19041100,1257,9,0
19041100,1258,10,0
19041100,1259,11,0
19041100,1260,12,0
19041100,1261,13,0
19041100,1262,14,0
19041100,1263,15,0
19041100,92003,16,1
19041101,92003,1,0
19041101,875,2,0
19041101,876,3,0
19041101,1299,4,0
19041101,93027,5,0
19041101,1300,6,0
19041101,1301,7,0
19041101,1302,8,0
19041101,1303,9,0
19041101,1304,10,0
19041101,1305,11,0
19041101,1306,12,0
19041101,1307,13,0
19041101,1308,14,0
19041101,1309,15,0
19041101,1247,16,0
19041101,1248,17,0
19041101,1249,18,0
19041101,1079,19,0
19041101,1067,20,0
19041101,1068,21,0
19041101,1069,22,0
19041101,1070,23,0
19041101,1071,24,0
19041101,1073,25,0
19041101,1074,26,1
19041201,728,1,0
19041201,729,2,0
19041201,730,3,0
19041201,731,4,0
19041201,732,5,0
19041201,733,6,0
19041201,734,7,0
19041201,735,8,0
19041201,736,9,0
19041201,93097,10,0
19041201,771,11,0
19041201,772,12,0
19041201,773,13,0
19041201,774,14,0
19041201,775,15,0
19041201,1135,16,0
19041201,1136,17,0
19041201,1137,18,0
19041201,1149,19,0
19041201,1150,20,0
19041201,1151,21,0
19041201,1152,22,0
19041201,1257,23,0
19041201,1258,24,0
19041201,1259,25,0
19041201,1260,26,0
19041201,1261,27,0
19041201,1262,28,0
19041201,1263,29,0
19041201,92003,30,1
308011201,1736,1,0
308011201,1893,2,0
308011201,1894,3,0
308011201,1895,4,0
308011201,1846,5,0
308011201,93279,6,0
308011201,93176,7,0
308011201,93280,8,0
308011201,93281,9,0
308011201,93282,10,0
308011201,93283,11,1
308040701,92003,1,0
308040701,812,2,1
308041201,92003,1,0
308041201,875,2,0
308041201,876,3,0
308041201,1299,4,0
308041201,93027,5,0
308041201,1300,6,0
308041201,1301,7,0
308041201,1302,8,0
308041201,1303,9,0
308041201,1304,10,0
308041201,1305,11,0
308041201,1153,12,0
308041201,1154,13,0
308041201,1155,14,0
308041201,1195,15,0
308041201,1196,16,0
308041201,1197,17,0
308041201,1198,18,0
308041201,786,19,0
308041201,787,20,0
308041201,788,21,0
308041201,789,22,0
308041201,790,23,0
308041201,737,24,0
308041201,738,25,0
308041201,739,26,0
308041201,740,27,0
308041201,741,28,0
308041201,742,29,0
308041201,743,30,0
308041201,744,31,0
308041201,745,32,0
308041201,746,33,1
1908011001,2549,1,1
1908011201,2549,1,1
1908021901,256905,1,1
1908022401,256905,1,1
1908031801,2576,1,1
